/*--------------------------------*- C++ -*----------------------------------*\
  =========                 |
  \\      /  F ield         | OpenFOAM: The Open Source CFD Toolbox
   \\    /   O peration     | Website:  https://openfoam.org
    \\  /    A nd           | Version:  7
     \\/     M anipulation  |
\*---------------------------------------------------------------------------*/
FoamFile
{
    version     2.0;
    format      ascii;
    class       labelList;
    note        "nPoints:2154  nCells:2016  nFaces:7124  nInternalFaces:2956";
    location    "constant/polyMesh";
    object      neighbour;
}
// * * * * * * * * * * * * * * * * * * * * * * * * * * * * * * * * * * * * * //


2956
(
268
281
305
269
280
304
3
157
537
128
947
49
67
1808
25
54
1354
56
402
1330
55
418
853
94
382
1667
89
333
835
106
259
1083
12
557
579
99
831
14
122
208
28
1599
52
885
53
886
43
222
313
110
161
762
109
160
763
68
486
1180
215
254
617
216
255
618
24
191
620
295
979
900
1341
27
435
561
39
725
30
1911
30
335
1912
342
147
424
1135
62
66
347
34
944
1008
611
1583
104
449
1010
105
450
1011
38
454
1200
134
250
51
807
91
365
1322
92
366
1323
163
235
1491
156
1591
90
368
913
61
98
1036
201
301
1559
48
50
244
133
459
834
1408
51
187
458
462
849
463
848
217
1311
959
999
1368
66
418
954
249
372
248
373
74
107
1166
65
1674
63
1756
152
1269
210
749
1785
569
1533
1409
1003
1895
553
1386
72
351
1537
73
352
1538
432
547
742
1250
1779
431
1819
139
1056
76
391
1001
155
1124
78
90
795
293
321
154
221
504
128
628
1363
87
969
1431
170
204
424
203
341
491
185
444
619
95
606
1497
119
276
1972
947
1410
96
310
1040
407
928
892
1237
1395
1236
1394
209
493
839
662
1415
638
1621
1104
1525
202
523
1367
504
1256
100
1821
1214
1459
384
566
1715
144
342
381
267
465
1543
1551
1552
644
1891
123
1391
113
844
1849
747
1072
746
1071
112
117
377
209
866
157
2002
197
614
1272
247
580
783
159
627
702
120
1718
136
818
1123
201
1102
998
1822
203
231
476
726
1094
384
1239
125
156
780
503
1976
127
413
756
412
1107
844
376
471
545
386
388
698
244
319
992
170
320
1047
246
1015
323
426
184
430
1357
1254
1813
138
798
1629
575
1438
1800
1887
227
796
1266
228
797
1265
156
967
1037
158
293
1863
328
1837
229
696
728
153
792
1748
1560
1575
440
590
1676
185
392
620
327
643
1516
323
329
1136
954
1735
856
1024
726
1674
717
1097
598
368
1922
292
1617
1826
1618
1827
282
296
1725
1466
1471
165
840
1146
290
330
188
916
189
915
226
629
1969
207
226
1285
171
274
751
322
456
1101
198
1073
1179
291
624
1890
176
236
824
760
1133
286
522
1096
574
642
310
536
556
195
352
2000
196
351
1999
183
876
1338
627
1275
1506
1773
357
321
359
560
1304
1768
525
1128
526
1127
191
457
896
357
225
717
877
325
655
721
326
656
720
858
1394
859
1395
913
1683
1064
1143
224
676
1247
292
663
784
1780
411
1651
441
562
1898
328
335
528
214
1089
1136
451
1330
221
1184
771
1492
311
1012
1351
213
1357
1831
1178
1880
777
1336
1279
1485
1278
1484
1239
1370
299
403
1059
220
774
1264
323
1218
1171
1149
1536
232
943
1197
306
1275
332
645
1626
255
1527
254
1528
951
1329
278
303
637
1220
1427
1097
1255
266
506
1429
243
1217
1219
1589
1804
237
962
818
1711
239
964
1717
994
1712
265
456
537
514
746
515
747
782
1679
245
246
273
558
1781
371
1423
370
1424
251
535
851
1310
406
756
973
425
613
1802
1182
1183
270
283
708
462
658
767
463
657
766
260
1408
835
1244
367
369
1947
659
718
1396
474
990
1130
391
452
1299
669
1496
727
826
453
1963
438
588
539
1750
308
1342
272
1231
1654
707
1440
811
1134
875
1133
287
715
1431
952
353
470
1002
1681
1991
431
1019
1704
427
428
523
1865
692
1111
313
324
1092
374
633
1032
740
1650
566
1608
542
920
926
290
879
1197
847
1102
1780
949
307
350
1233
1336
1387
1181
298
623
815
546
1605
500
1396
339
793
1084
554
1972
864
953
1402
583
1918
1645
1646
604
663
605
1570
976
1026
400
683
704
650
588
1298
472
839
866
1377
466
733
1644
467
734
1643
324
1149
1787
318
679
1038
349
794
1304
1511
1302
1510
1187
768
1496
1334
1051
1617
1050
1618
611
764
1077
397
1900
331
800
549
1242
429
1727
1241
1672
379
869
898
1002
337
1175
1851
512
654
529
568
1490
1169
1419
516
873
944
1600
1928
1094
344
1428
1726
1131
1450
346
553
1754
968
1665
417
1594
349
517
635
1697
846
1418
396
395
723
1912
487
494
1000
483
485
728
473
705
1557
358
980
1256
478
483
415
480
572
416
479
573
538
686
1977
507
706
768
414
1219
1553
1468
1980
1467
1981
1331
1595
1683
440
451
533
962
497
964
910
1442
911
1443
1635
1880
569
1035
1196
1259
1436
378
1012
495
771
380
1150
545
1906
414
1129
453
883
389
894
1033
1311
393
412
1043
968
1118
405
1246
1275
602
1602
1198
1873
470
701
1963
682
748
765
735
1549
438
1216
1696
739
773
737
772
1089
1372
399
1021
1524
594
1493
812
1815
447
742
921
474
1867
1139
1917
431
691
729
961
1247
1107
1673
564
1244
595
696
949
492
912
1062
411
477
944
1865
1824
883
1549
1393
1183
1519
1182
1520
1109
1441
649
433
1009
2008
499
1108
1722
490
676
1638
489
677
1637
434
1365
1857
751
1381
1844
774
1069
576
1669
577
1668
1268
1381
586
1831
786
929
1316
1382
1296
1404
439
1343
567
589
1090
630
1014
1251
1351
714
1942
1147
493
878
754
930
755
931
765
1166
693
838
1271
625
650
1040
929
1359
607
787
1776
673
1165
674
1164
1969
1097
1197
513
1136
1336
477
1008
1447
559
1387
1795
459
857
914
648
786
1144
484
1529
577
588
1243
470
1204
1116
1531
1115
1530
469
683
828
520
1815
869
982
1503
1790
707
884
1168
709
1187
481
1253
1563
728
949
617
809
618
810
491
1326
550
1041
1640
540
803
1634
905
1306
1064
1845
495
1216
652
749
836
1597
1598
1834
801
1852
832
1221
1666
1351
561
732
1987
498
1952
565
831
654
1602
501
1788
852
1390
511
950
1560
538
958
578
1062
1801
1162
1721
1660
1920
509
1280
1672
1107
1632
591
714
1238
628
908
513
550
1667
890
1504
891
1505
1866
779
1223
579
745
1214
520
608
817
1652
549
1157
1872
1286
1346
1223
564
622
927
733
848
734
849
584
1276
609
1943
1270
532
1518
1820
554
607
761
1460
1641
824
932
535
678
759
1069
1106
1240
969
750
892
560
1227
675
1077
1943
1172
1470
544
917
1234
585
1573
1364
667
1339
1219
1425
664
1418
1146
1543
871
888
1154
872
887
1153
698
1309
556
1341
1525
1639
558
1647
697
969
1222
1297
2006
634
1302
685
837
1875
1435
1443
1821
1291
743
798
639
1122
776
597
918
1805
596
919
1806
772
854
773
855
1044
1444
700
1101
795
892
988
806
943
1630
731
741
804
1042
1325
583
638
1063
1995
781
1406
966
1737
1159
1760
651
808
1057
1540
1759
1877
1947
752
1982
820
993
1761
672
752
1983
927
948
1001
1863
1644
1839
1643
1840
637
1992
641
1085
1533
965
970
802
963
1274
1640
971
1119
1578
1598
1577
1597
768
1993
1559
821
961
1204
2012
977
1306
1956
735
1585
1684
806
1727
882
1103
616
764
1616
644
1799
671
670
980
1800
1167
793
966
2010
738
895
941
1049
1773
1930
853
1893
812
1251
1420
663
1465
1511
1534
1103
1245
632
829
1341
899
1125
745
1883
1850
1985
636
1201
781
1550
669
736
713
994
999
1235
935
1674
1093
1925
644
1842
646
1084
1169
1407
1105
1248
1364
776
1533
650
1106
1220
1791
1194
1745
695
1301
1453
1640
1258
1655
1257
1656
888
1079
887
1080
1185
1734
694
1450
1724
662
1046
1851
1022
808
1619
687
1474
1562
688
1475
1700
1137
1946
801
1054
1803
1063
673
1030
674
1029
865
1908
1211
1212
1068
1521
1695
1569
1696
679
1390
1070
681
1708
1925
1444
1847
684
696
884
951
1762
686
1231
1362
772
1519
773
1520
690
1290
1723
1473
1502
1358
1371
1027
1778
1250
1437
1004
1808
1595
1751
1126
1953
1025
975
989
1040
1222
1608
972
1293
876
1112
739
1657
1700
705
1858
863
1101
1629
843
757
1941
795
1669
766
871
1839
767
872
1840
788
1385
1734
1210
1798
1413
740
1488
952
981
1973
1546
1574
1788
737
1562
1739
762
1463
763
1464
791
960
1113
816
1021
1057
1427
857
1452
935
827
1603
1178
1819
769
880
2004
770
1359
736
1413
1839
1840
934
1996
1779
902
1435
1819
1410
791
921
782
744
1914
785
881
1623
1088
1087
1090
1416
1558
819
913
1161
1215
765
1366
1380
945
1633
946
1634
1293
1121
1983
984
1048
1143
852
1499
1023
1161
1186
1734
1206
1205
1708
848
849
1585
1870
1792
1857
1000
1308
776
1150
1758
790
1796
850
1167
1454
1038
1367
1591
993
1098
791
1284
1578
1612
1759
1810
1085
788
1111
1642
815
833
1339
957
1058
914
1871
1439
1006
1390
1278
1579
1279
1580
799
1366
1451
801
1142
818
1163
946
1019
1540
1759
819
961
1545
1255
1965
2006
845
1212
1229
1211
1230
992
1210
1765
814
942
1740
951
1968
1807
948
972
1246
1744
1272
1309
1973
1272
1653
889
1312
1650
925
1445
1787
825
867
983
1007
1901
1548
1622
1337
1744
830
1525
1104
1228
1953
987
1220
1356
1686
835
1340
876
1904
1007
1977
1352
1836
1020
1039
1091
842
865
1917
1151
1810
893
1703
950
846
1666
1221
943
1142
979
1310
1469
1499
874
1738
859
1230
858
1229
857
1832
1236
1237
1018
1116
1701
1017
1115
1702
877
1376
1407
904
1733
1048
1379
1139
1053
1023
1518
927
928
1535
955
986
1264
1283
1806
1805
909
1583
1059
1561
1047
1254
1124
1020
1600
1091
1767
1348
1662
933
1151
1013
1571
1962
1933
915
1592
916
1593
1763
1764
1286
1967
1074
1817
1075
1816
1785
1933
956
1328
1493
1938
958
1256
898
1060
1649
1758
900
1648
1370
1232
1349
903
1372
1058
1089
1714
1858
906
1329
988
1960
1203
1566
1005
1575
1541
1262
1263
1046
1224
1862
1581
1582
1870
2010
923
1514
924
1515
1688
1113
934
1022
1693
939
1500
938
1501
1841
1847
1486
1673
1249
1208
1461
1209
1462
983
1442
997
1920
1415
1170
939
1115
1643
938
1116
1644
1816
1817
1078
1429
1876
1562
1625
1177
1604
1193
1746
1192
1095
1535
1897
984
1066
959
1125
1648
1456
1823
996
1081
1171
1195
1566
1568
963
1424
965
1423
1547
1031
1721
1782
994
1122
1314
1564
973
1535
1032
1623
1700
1117
1335
1024
1832
988
1668
1028
1588
1665
1200
1036
993
1406
1076
1125
1820
1939
1045
1156
1506
1447
1516
1000
1791
1893
1915
1048
1327
1565
1455
996
1171
1795
1184
1277
1660
1039
1833
1130
1784
1204
1004
1841
1522
1811
1974
1584
1788
1162
1516
1521
1526
1030
1344
1029
1345
1718
1014
1376
1407
1647
1862
1066
1207
1328
1710
1709
1371
1502
1911
1951
1114
1082
1140
1386
1027
1905
1613
1172
1754
1485
1484
1536
1913
1988
1034
1572
1052
1722
1036
1854
1162
1976
1678
1053
1274
2014
1086
1810
1120
1881
1141
1260
1613
1835
1498
1607
1739
1191
1461
1190
1462
1921
1935
1658
1242
1921
1056
1060
1369
1239
1619
1938
1086
1061
1196
1887
1142
1497
1939
1158
1296
1300
1927
1068
1274
2011
1118
1070
1307
1074
1281
1075
1282
1398
1687
1500
1501
1228
1321
1316
1728
1879
1955
1954
1517
1661
1905
1907
1414
1936
1268
1425
1917
1830
1829
1366
1833
1141
1541
1110
1096
1363
1410
1113
1539
1153
1294
1480
1154
1295
1481
1653
1117
1359
1857
1315
1935
1994
1409
1489
1129
1170
1509
1904
1659
1686
1886
1910
1158
1766
1789
1809
1509
1908
1403
1916
1959
1134
1717
1530
1531
1553
1317
1671
1233
1397
1611
1711
1712
1426
1685
1188
1689
1139
1385
1909
1213
1602
1334
1825
1249
1888
1203
1487
1491
1658
1664
1970
1305
1753
1355
1888
1215
1235
1270
1507
1508
1188
1594
1756
1159
1905
1790
1859
1907
1398
1825
1685
1403
1481
1508
1480
1507
1380
1416
1392
1786
1251
1554
1173
1179
1687
1176
1269
1352
1835
1994
1432
1607
1329
1960
1657
1180
1754
1202
1375
1949
1948
1606
1186
1868
1309
1297
1974
1264
1405
1596
1192
1333
1193
1332
1704
1705
1337
1785
1353
1677
1758
1199
1921
1242
1872
1310
1202
1276
1223
1747
1282
1388
1281
1389
1290
1472
1775
1774
1712
1322
1323
1572
1722
1624
1277
1494
1382
2015
1900
2009
1495
1431
1801
1951
1421
1459
1475
1422
1460
1474
1306
1698
1236
1237
1232
1362
1577
1288
1757
1855
1277
1631
1287
1967
1280
1340
1604
1960
1414
1652
1765
1338
1544
1249
1906
1252
1273
1705
1427
1711
1546
1332
1537
1333
1538
1321
1766
1576
1614
1269
1605
1689
1266
1448
1265
1449
1383
1384
1268
1439
1662
1940
1273
1430
1746
1375
1482
1483
1378
1500
1501
1842
2009
1566
1368
1846
1287
1934
1879
1882
1379
1411
1446
1926
1292
1488
1311
1312
1962
1478
1805
1479
1806
1848
1604
1680
1762
1767
1318
1302
1984
1304
1534
1769
1430
1677
1308
1678
1405
1354
1414
1435
1937
1321
1698
1409
1934
1837
1690
1944
1404
1720
1482
1902
1483
1903
1360
1361
1416
1454
1540
1469
1561
1892
1825
1926
1331
1814
1705
1704
1445
1957
1933
1745
1426
1864
1343
1941
1452
1902
1903
1350
1489
1380
1391
1451
1684
1844
1440
1458
1363
1441
1735
1735
1836
1639
1522
1620
1601
1659
1358
1818
1468
1480
1467
1481
1365
1436
1828
1855
1370
1649
1412
1937
1507
1551
1763
1508
1552
1764
1958
1591
1670
1671
1565
1662
1393
1443
1586
1442
1587
1396
1457
1796
1512
1981
1513
1980
1932
1813
1916
1837
1399
1400
1418
1730
1464
1655
1463
1656
1402
1411
1928
1472
1743
1792
1885
1799
1834
1529
1793
1621
1549
1526
1782
1838
1420
1714
1858
1520
1949
1519
1948
1554
1945
1716
1724
1603
1836
1437
1739
1555
1577
1610
1556
1578
1609
1848
1779
1729
1755
2004
1703
1465
1445
1892
1596
1579
1580
1670
1729
1832
1510
1772
1469
1511
1861
1457
1572
1845
1492
1691
1692
1924
1923
1980
1981
1811
1588
1794
1476
1477
1471
1588
1487
1929
1600
1929
1628
1624
1479
1512
1478
1513
1514
1515
1742
1741
1902
1903
1487
1747
1650
1934
1542
1798
1568
1703
1661
1495
1569
1570
1497
1510
1812
1561
1503
1859
1710
1709
1930
1642
1515
1514
1524
1606
1659
1910
1787
1630
1647
1797
1599
1889
1692
1948
1691
1949
1636
1702
1701
1557
1622
1733
1970
1964
1999
2000
1679
1804
1853
1627
1940
2012
1545
1749
1750
1727
1714
1737
1733
1737
1697
1761
1706
1707
1554
1597
1598
1654
1904
1614
1898
1596
1651
1957
1635
1760
1878
1804
1570
1683
1860
1603
1879
1584
1868
1945
1780
1930
1742
1741
1592
1593
1853
1697
1881
1691
1821
1692
1820
1590
1869
1679
2015
1811
1719
1606
1641
1807
1607
1755
1612
1611
1778
1776
1616
1841
1895
1847
1923
1924
1724
1964
1631
1901
1624
1628
1807
1627
1861
1846
1641
1914
1883
1993
1824
1931
1753
1831
1890
1646
1645
1967
1909
1695
1696
1649
1885
1653
1875
2000
1999
1988
1790
1993
1938
1664
1675
1966
1769
1838
1791
1851
1864
1931
1673
1676
1997
1919
1828
1718
1740
1682
1699
1877
1919
1693
1686
1688
1730
1756
1728
1882
1694
1844
1950
1749
1886
1713
1971
1954
1955
1956
1816
1817
1979
1991
1755
1932
1913
1964
1952
1772
1814
1781
1876
1736
1859
1866
1728
1874
1932
1775
1829
1774
1830
1872
1873
1893
1822
1915
1745
1753
1752
1884
1750
1777
1947
1760
1907
1789
1961
1868
2003
1954
1955
1815
1848
2007
1769
1965
1774
1826
1923
1775
1827
1924
1975
1818
1778
1877
1971
1792
1910
1784
1863
1922
1959
1867
1975
1989
1818
1890
1838
1869
1796
1871
1884
1861
1895
1854
1802
1950
1894
1935
1864
1824
1990
1813
1975
1867
1978
1845
1927
1830
1829
1885
1843
1892
1852
1891
1978
2007
1856
1850
1897
2001
1894
1896
1887
1856
1940
1922
1958
1871
1866
1889
1961
1926
1876
1913
1901
1883
1884
1988
1961
1989
1957
1906
2008
2013
1994
1925
1956
1898
1900
1936
2013
1909
1912
1920
1916
1919
1998
1939
1929
1990
1937
1942
1982
2011
1989
1990
1946
1974
1951
1953
1959
1963
1966
2005
1978
2003
1970
1984
1973
1977
1985
2001
1983
1985
1987
1997
2005
1996
1992
2002
1996
1998
1998
2002
2007
2010
2006
2015
2013
2014
2014
)


// ************************************************************************* //
