/*--------------------------------*- C++ -*----------------------------------*\
  =========                 |
  \\      /  F ield         | OpenFOAM: The Open Source CFD Toolbox
   \\    /   O peration     | Website:  https://openfoam.org
    \\  /    A nd           | Version:  7
     \\/     M anipulation  |
\*---------------------------------------------------------------------------*/
FoamFile
{
    version     2.0;
    format      ascii;
    class       vectorField;
    location    "constant/polyMesh";
    object      points;
}
// * * * * * * * * * * * * * * * * * * * * * * * * * * * * * * * * * * * * * //


2154
(
(0.05 0.0125 0)
(0.05 -0.0125 0)
(0 0.025 0)
(0 -0.025 0)
(0.0125 0.0125 0)
(0.0125 -0.0125 0)
(0.0125 0.0125 0.001)
(0.05 0.0125 0.001)
(0.05 -0.0125 0.001)
(0.0125 -0.0125 0.001)
(0 -0.025 0.001)
(0 0.025 0.001)
(0.00139956 0.0249214 0)
(0.00278151 0.0246866 0)
(0.00412849 0.0242985 0)
(0.00542355 0.0237621 0)
(0.0066504 0.0230841 0)
(0.00779362 0.0222729 0)
(0.00883883 0.0213388 0)
(0.00977289 0.0202936 0)
(0.0105841 0.0191504 0)
(0.0112621 0.0179235 0)
(0.0117985 0.0166285 0)
(0.0121866 0.0152815 0)
(0.0124214 0.0138996 0)
(0.00139956 -0.0249214 0)
(0.00278151 -0.0246866 0)
(0.00412849 -0.0242985 0)
(0.00542355 -0.0237621 0)
(0.0066504 -0.0230841 0)
(0.00779362 -0.0222729 0)
(0.00883883 -0.0213388 0)
(0.00977289 -0.0202936 0)
(0.0105841 -0.0191504 0)
(0.0112621 -0.0179235 0)
(0.0117985 -0.0166285 0)
(0.0121866 -0.0152815 0)
(0.0124214 -0.0138996 0)
(0.0138889 0.0125 0)
(0.0152778 0.0125 0)
(0.0166667 0.0125 0)
(0.0180556 0.0125 0)
(0.0194444 0.0125 0)
(0.0208333 0.0125 0)
(0.0222222 0.0125 0)
(0.0236111 0.0125 0)
(0.025 0.0125 0)
(0.0263889 0.0125 0)
(0.0277778 0.0125 0)
(0.0291667 0.0125 0)
(0.0305556 0.0125 0)
(0.0319444 0.0125 0)
(0.0333333 0.0125 0)
(0.0347222 0.0125 0)
(0.0361111 0.0125 0)
(0.0375 0.0125 0)
(0.0388889 0.0125 0)
(0.0402778 0.0125 0)
(0.0416667 0.0125 0)
(0.0430556 0.0125 0)
(0.0444444 0.0125 0)
(0.0458333 0.0125 0)
(0.0472222 0.0125 0)
(0.0486111 0.0125 0)
(0.05 0.0111111 0)
(0.05 0.00972222 0)
(0.05 0.00833333 0)
(0.05 0.00694444 0)
(0.05 0.00555556 0)
(0.05 0.00416667 0)
(0.05 0.00277778 0)
(0.05 0.00138889 0)
(0.05 -5.20417e-18 0)
(0.05 -0.00138889 0)
(0.05 -0.00277778 0)
(0.05 -0.00416667 0)
(0.05 -0.00555556 0)
(0.05 -0.00694444 0)
(0.05 -0.00833333 0)
(0.05 -0.00972222 0)
(0.05 -0.0111111 0)
(0.0486111 -0.0125 0)
(0.0472222 -0.0125 0)
(0.0458333 -0.0125 0)
(0.0444444 -0.0125 0)
(0.0430556 -0.0125 0)
(0.0416667 -0.0125 0)
(0.0402778 -0.0125 0)
(0.0388889 -0.0125 0)
(0.0375 -0.0125 0)
(0.0361111 -0.0125 0)
(0.0347222 -0.0125 0)
(0.0333333 -0.0125 0)
(0.0319444 -0.0125 0)
(0.0305556 -0.0125 0)
(0.0291667 -0.0125 0)
(0.0277778 -0.0125 0)
(0.0263889 -0.0125 0)
(0.025 -0.0125 0)
(0.0236111 -0.0125 0)
(0.0222222 -0.0125 0)
(0.0208333 -0.0125 0)
(0.0194444 -0.0125 0)
(0.0180556 -0.0125 0)
(0.0166667 -0.0125 0)
(0.0152778 -0.0125 0)
(0.0138889 -0.0125 0)
(0 -0.0236111 0)
(0 -0.0222222 0)
(0 -0.0208333 0)
(0 -0.0194444 0)
(0 -0.0180556 0)
(0 -0.0166667 0)
(0 -0.0152778 0)
(0 -0.0138889 0)
(0 -0.0125 0)
(0 -0.0111111 0)
(0 -0.00972222 0)
(0 -0.00833333 0)
(0 -0.00694444 0)
(0 -0.00555556 0)
(0 -0.00416667 0)
(0 -0.00277778 0)
(0 -0.00138889 0)
(0 1.04083e-17 0)
(0 0.00138889 0)
(0 0.00277778 0)
(0 0.00416667 0)
(0 0.00555556 0)
(0 0.00694444 0)
(0 0.00833333 0)
(0 0.00972222 0)
(0 0.0111111 0)
(0 0.0125 0)
(0 0.0138889 0)
(0 0.0152778 0)
(0 0.0166667 0)
(0 0.0180556 0)
(0 0.0194444 0)
(0 0.0208333 0)
(0 0.0222222 0)
(0 0.0236111 0)
(0.0138889 0.0125 0.001)
(0.0152778 0.0125 0.001)
(0.0166667 0.0125 0.001)
(0.0180556 0.0125 0.001)
(0.0194444 0.0125 0.001)
(0.0208333 0.0125 0.001)
(0.0222222 0.0125 0.001)
(0.0236111 0.0125 0.001)
(0.025 0.0125 0.001)
(0.0263889 0.0125 0.001)
(0.0277778 0.0125 0.001)
(0.0291667 0.0125 0.001)
(0.0305556 0.0125 0.001)
(0.0319444 0.0125 0.001)
(0.0333333 0.0125 0.001)
(0.0347222 0.0125 0.001)
(0.0361111 0.0125 0.001)
(0.0375 0.0125 0.001)
(0.0388889 0.0125 0.001)
(0.0402778 0.0125 0.001)
(0.0416667 0.0125 0.001)
(0.0430556 0.0125 0.001)
(0.0444444 0.0125 0.001)
(0.0458333 0.0125 0.001)
(0.0472222 0.0125 0.001)
(0.0486111 0.0125 0.001)
(0.05 0.0111111 0.001)
(0.05 0.00972222 0.001)
(0.05 0.00833333 0.001)
(0.05 0.00694444 0.001)
(0.05 0.00555556 0.001)
(0.05 0.00416667 0.001)
(0.05 0.00277778 0.001)
(0.05 0.00138889 0.001)
(0.05 -5.20417e-18 0.001)
(0.05 -0.00138889 0.001)
(0.05 -0.00277778 0.001)
(0.05 -0.00416667 0.001)
(0.05 -0.00555556 0.001)
(0.05 -0.00694444 0.001)
(0.05 -0.00833333 0.001)
(0.05 -0.00972222 0.001)
(0.05 -0.0111111 0.001)
(0.0486111 -0.0125 0.001)
(0.0472222 -0.0125 0.001)
(0.0458333 -0.0125 0.001)
(0.0444444 -0.0125 0.001)
(0.0430556 -0.0125 0.001)
(0.0416667 -0.0125 0.001)
(0.0402778 -0.0125 0.001)
(0.0388889 -0.0125 0.001)
(0.0375 -0.0125 0.001)
(0.0361111 -0.0125 0.001)
(0.0347222 -0.0125 0.001)
(0.0333333 -0.0125 0.001)
(0.0319444 -0.0125 0.001)
(0.0305556 -0.0125 0.001)
(0.0291667 -0.0125 0.001)
(0.0277778 -0.0125 0.001)
(0.0263889 -0.0125 0.001)
(0.025 -0.0125 0.001)
(0.0236111 -0.0125 0.001)
(0.0222222 -0.0125 0.001)
(0.0208333 -0.0125 0.001)
(0.0194444 -0.0125 0.001)
(0.0180556 -0.0125 0.001)
(0.0166667 -0.0125 0.001)
(0.0152778 -0.0125 0.001)
(0.0138889 -0.0125 0.001)
(0.00139956 -0.0249214 0.001)
(0.00278151 -0.0246866 0.001)
(0.00412849 -0.0242985 0.001)
(0.00542355 -0.0237621 0.001)
(0.0066504 -0.0230841 0.001)
(0.00779362 -0.0222729 0.001)
(0.00883883 -0.0213388 0.001)
(0.00977289 -0.0202936 0.001)
(0.0105841 -0.0191504 0.001)
(0.0112621 -0.0179235 0.001)
(0.0117985 -0.0166285 0.001)
(0.0121866 -0.0152815 0.001)
(0.0124214 -0.0138996 0.001)
(0 -0.0236111 0.001)
(0 -0.0222222 0.001)
(0 -0.0208333 0.001)
(0 -0.0194444 0.001)
(0 -0.0180556 0.001)
(0 -0.0166667 0.001)
(0 -0.0152778 0.001)
(0 -0.0138889 0.001)
(0 -0.0125 0.001)
(0 -0.0111111 0.001)
(0 -0.00972222 0.001)
(0 -0.00833333 0.001)
(0 -0.00694444 0.001)
(0 -0.00555556 0.001)
(0 -0.00416667 0.001)
(0 -0.00277778 0.001)
(0 -0.00138889 0.001)
(0 1.04083e-17 0.001)
(0 0.00138889 0.001)
(0 0.00277778 0.001)
(0 0.00416667 0.001)
(0 0.00555556 0.001)
(0 0.00694444 0.001)
(0 0.00833333 0.001)
(0 0.00972222 0.001)
(0 0.0111111 0.001)
(0 0.0125 0.001)
(0 0.0138889 0.001)
(0 0.0152778 0.001)
(0 0.0166667 0.001)
(0 0.0180556 0.001)
(0 0.0194444 0.001)
(0 0.0208333 0.001)
(0 0.0222222 0.001)
(0 0.0236111 0.001)
(0.00139956 0.0249214 0.001)
(0.00278151 0.0246866 0.001)
(0.00412849 0.0242985 0.001)
(0.00542355 0.0237621 0.001)
(0.0066504 0.0230841 0.001)
(0.00779362 0.0222729 0.001)
(0.00883883 0.0213388 0.001)
(0.00977289 0.0202936 0.001)
(0.0105841 0.0191504 0.001)
(0.0112621 0.0179235 0.001)
(0.0117985 0.0166285 0.001)
(0.0121866 0.0152815 0.001)
(0.0124214 0.0138996 0.001)
(0.0357068 -0.000251282 0)
(0.0159722 -4.11555e-19 0)
(0.0255653 0.00247108 0)
(0.00878357 0.00468588 0)
(0.0086257 -0.00462166 0)
(0.0418925 0.00463636 0)
(0.0420139 -0.00451389 0)
(0.0290948 -0.00449494 0)
(0.0216586 -0.00490963 0)
(0.0196932 0.00569865 0)
(0.0317844 0.00585164 0)
(0.00637622 0.0106696 0)
(0.00637622 -0.0106696 0)
(0.0149068 -0.00637837 0)
(0.0353185 -0.00614132 0)
(0.0140414 0.00675278 0)
(0.0056683 0.0163051 0)
(0.0056683 -0.0163051 0)
(0.00588397 -2.17473e-05 0)
(0.0370365 0.00699736 0)
(0.0447313 1.25604e-18 0)
(0.0110469 -6.32638e-05 0)
(0.0211179 0.000118846 0)
(0.03036 0.000376585 0)
(0.0269864 0.00748791 0)
(0.0254441 -0.00768496 0)
(0.0453792 -0.0078885 0)
(0.0454918 0.00778494 0)
(0.0404933 0.00046925 0)
(0.0249794 -0.00223677 0)
(0.00447251 0.00636017 0)
(0.00414079 -0.00642414 0)
(0.0394688 -0.00813326 0)
(0.0112977 -0.00839352 0)
(0.0315943 -0.00816026 0)
(0.0187245 -0.00807873 0)
(0.0104391 0.00897077 0)
(0.0227901 0.00840093 0)
(0.040922 0.00846579 0)
(0.0328305 -0.00313465 0)
(0.0383196 -0.00330081 0)
(0.0460391 -0.00394327 0)
(0.0459847 0.00382948 0)
(0.00400172 0.0199829 0)
(0.00400172 -0.0199829 0)
(0.0178187 -0.00356058 0)
(0.0133891 0.00291385 0)
(0.037568 0.00318094 0)
(0.017346 0.00869876 0)
(0.00856853 0.0138001 0)
(0.00858421 -0.0138092 0)
(0.0133891 -0.0027254 0)
(0.0340293 0.00851713 0)
(0.0037467 0.0130778 0)
(0.0037467 -0.0130778 0)
(0.00381144 -0.00281585 0)
(0.00361443 0.00302298 0)
(0.0300815 0.00935335 0)
(0.0169578 0.00349504 0)
(0.0221762 -0.00902591 0)
(0.0232612 0.00512457 0)
(0.0340644 0.00323604 0)
(0.0290008 0.00352202 0)
(0.0283009 -0.00933988 0)
(0.00344422 0.00944936 0)
(0.00325173 -0.00953141 0)
(0.0424233 -0.00917026 0)
(0.00785435 -0.00781409 0)
(0.0364828 -0.00883164 0)
(0.0155518 -0.00919536 0)
(0.0118382 -0.00558257 0)
(0.00735431 0.00716243 0)
(0.00794467 0.00182692 0)
(0.00810386 -0.00161054 0)
(0.00937413 -0.0109075 0)
(0.0280928 -0.00182308 0)
(0.00689055 0.0192188 0)
(0.00689055 -0.0192188 0)
(0.013141 0.0095916 0)
(0.0203383 0.00953666 0)
(0.0197375 0.00281207 0)
(0.0244583 -0.00496835 0)
(0.00288351 0.0172597 0)
(0.00288351 -0.0172597 0)
(0.0113067 0.00507042 0)
(0.0423009 -0.00161178 0)
(0.0382196 0.00964278 0)
(0.00853302 0.0167905 0)
(0.00853302 -0.0167905 0)
(0.0425379 0.00163396 0)
(0.00278222 -0.000387666 0)
(0.0395801 0.00516075 0)
(0.0474875 -0.00088188 0)
(0.0256256 0.00961849 0)
(0.0344671 0.00605156 0)
(0.0223311 -0.0023882 0)
(0.0237185 0.000443719 0)
(0.042985 0.00995209 0)
(0.0185688 -0.000912535 0)
(0.033737 -0.00992972 0)
(0.0473222 0.00986838 0)
(0.0471995 -0.0100357 0)
(0.0472692 0.0014194 0)
(0.0106065 -0.00290893 0)
(0.0354976 -0.00263651 0)
(0.00572685 0.0043842 0)
(0.0059073 -0.00421123 0)
(0.00999072 0.0115054 0)
(0.0166552 0.00611995 0)
(0.0326066 -0.005799 0)
(0.0472409 0.00594482 0)
(0.0473276 -0.00608466 0)
(0.0107132 0.00256625 0)
(0.031613 0.00243936 0)
(0.0327982 -0.000658542 0)
(0.0276877 0.000826795 0)
(0.0393951 -0.0052857 0)
(0.0256132 0.00496348 0)
(0.013106 -0.00991757 0)
(0.0134648 0.00046228 0)
(0.0291331 0.00603628 0)
(0.0223471 0.00242323 0)
(0.0429412 0.00690561 0)
(0.00235144 -0.0220101 0)
(0.00235144 0.0220101 0)
(0.0400725 0.00278955 0)
(0.0278518 0.0099589 0)
(0.0430023 -0.00684453 0)
(0.0191141 -0.00563228 0)
(0.0244242 -0.00978313 0)
(0.0277907 -0.00681076 0)
(0.0377999 -0.000802567 0)
(0.00615788 0.0131694 0)
(0.00615788 -0.0131694 0)
(0.00235977 0.00513393 0)
(0.00237618 -0.00517265 0)
(0.030591 -0.00212369 0)
(0.0360055 0.0102352 0)
(0.0267831 -0.00379755 0)
(0.0200354 -0.010168 0)
(0.0157487 -0.00237498 0)
(0.0446272 -0.0103381 0)
(0.020059 -0.00276491 0)
(0.0154347 0.0101962 0)
(0.0230574 -0.00681202 0)
(0.017816 0.00144473 0)
(0.00224686 0.00750201 0)
(0.00222439 -0.0075533 0)
(0.00219587 0.0150403 0)
(0.00219587 -0.0150403 0)
(0.0385591 -0.0102296 0)
(0.0149061 0.00450844 0)
(0.0306823 -0.0103104 0)
(0.0404062 -0.00288965 0)
(0.0056768 -0.00849722 0)
(0.0376519 -0.00670035 0)
(0.032027 0.010158 0)
(0.00535192 0.00864313 0)
(0.017068 -0.00670495 0)
(0.017672 -0.0102658 0)
(0.0246137 0.0070896 0)
(0.00973373 0.00672927 0)
(0.0130731 -0.0076287 0)
(0.0439217 -0.00333468 0)
(0.00221614 0.0116393 0)
(0.00221614 -0.0116393 0)
(0.020875 -0.00729385 0)
(0.0447883 0.00568948 0)
(0.0119918 0.00749212 0)
(0.0303705 -0.0062554 0)
(0.00970244 -0.00663653 0)
(0.0447444 -0.00559274 0)
(0.0217035 0.0065437 0)
(0.00843846 0.00962354 0)
(0.00591668 -0.021029 0)
(0.00591668 0.021029 0)
(0.00609016 -0.00211312 0)
(0.0059747 0.00207125 0)
(0.0265602 -0.0104985 0)
(0.0446428 0.0021418 0)
(0.0364135 0.0049238 0)
(0.0153279 0.00203067 0)
(0.033683 -0.00765801 0)
(0.0221353 0.0103824 0)
(0.0320227 0.00775381 0)
(0.0406462 -0.0105419 0)
(0.0192719 0.00777074 0)
(0.0104057 -0.0127467 0)
(0.0452989 0.0104775 0)
(0.0403958 0.0104947 0)
(0.0157547 -0.00437481 0)
(0.00198923 0.0191881 0)
(0.00198923 -0.0191881 0)
(0.0480365 -0.00347222 0)
(0.0479886 0.00352531 0)
(0.00206804 0.00162901 0)
(0.0358744 0.00206026 0)
(0.0259086 -0.000157958 0)
(0.010095 0.015256 0)
(0.010095 -0.015256 0)
(0.0391021 0.00740911 0)
(0.038122 0.00118901 0)
(0.0344135 -0.0044404 0)
(0.0365807 -0.00459782 0)
(0.0312221 -0.00423206 0)
(0.00443536 0.0112915 0)
(0.00443651 -0.0112851 0)
(0.0211611 0.00427039 0)
(0.00654098 -0.00624931 0)
(0.0182753 0.0105079 0)
(0.00496514 0.0183498 0)
(0.00496514 -0.0183498 0)
(0.0339288 0.00116513 0)
(0.0409969 0.00646038 0)
(0.00803306 0.0119378 0)
(0.0410094 -0.0068835 0)
(0.00186783 -0.00207186 0)
(0.0453519 -0.00194066 0)
(0.0154341 0.00816067 0)
(0.0112567 -0.0107739 0)
(0.0480203 -0.0078999 0)
(0.0480291 0.00797972 0)
(0.0135966 -0.00470688 0)
(0.00778055 -0.0119852 0)
(0.043883 0.00396433 0)
(0.0104369 0.0133458 0)
(0.00726023 0.015255 0)
(0.00726023 -0.015255 0)
(0.0275562 0.00529181 0)
(0.00397018 0.00122154 0)
(0.00421612 0.0150339 0)
(0.00421612 -0.0150339 0)
(0.0340262 0.010703 0)
(0.00887257 0.0186379 0)
(0.00887257 -0.0186379 0)
(0.035374 0.00820782 0)
(0.0295695 -0.00803667 0)
(0.0120856 -0.00105569 0)
(0.0263777 -0.00585018 0)
(0.00928777 -0.00900742 0)
(0.00180341 0.00378932 0)
(0.0113158 0.0102601 0)
(0.029883 0.0106585 0)
(0.0042996 0.0223198 0)
(0.0042996 -0.0223198 0)
(0.0238918 0.0029232 0)
(0.0185369 0.0040636 0)
(0.0225469 -0.0105538 0)
(0.0350702 -0.0107708 0)
(0.007038 0.0057559 0)
(0.00426515 -0.00134906 0)
(0.00173478 0.0132897 0)
(0.00173478 -0.0132897 0)
(0.00900051 -2.74293e-06 0)
(0.0286152 0.00787066 0)
(0.00431142 -0.00484222 0)
(0.00427868 0.00478034 0)
(0.0143393 -0.00123585 0)
(0.032074 -0.0106551 0)
(0.0122345 0.00145868 0)
(0.00753492 -0.00350808 0)
(0.00752403 0.00331906 0)
(0.032566 0.00413051 0)
(0.0304556 0.00422074 0)
(0.0143471 -0.0107917 0)
(0.0274755 0.00259626 0)
(0.029463 0.00179303 0)
(0.0238679 0.010748 0)
(0.0393774 -0.00153142 0)
(0.0429417 2.92457e-05 0)
(0.0229869 -0.00391759 0)
(0.0338832 -0.00186074 0)
(0.0418131 0.0108261 0)
(0.0238289 -0.00847058 0)
(0.0318026 0.00115706 0)
(0.0199086 0.00103244 0)
(0.0212276 0.00813694 0)
(0.00143164 0.00897332 0)
(0.00161888 -0.00907753 0)
(0.0133188 0.00529653 0)
(0.0483746 -1.32856e-05 0)
(0.00745804 -0.00991288 0)
(0.00708348 0.017269 0)
(0.00708348 -0.017269 0)
(0.0070637 0.000193248 0)
(0.0284722 -0.0109508 0)
(0.0169023 -0.00814374 0)
(0.0371953 -0.0108972 0)
(0.0356435 -0.00799865 0)
(0.0225765 -0.000677984 0)
(0.00165009 -0.00393076 0)
(0.0303438 0.00727224 0)
(0.0431678 -0.0108284 0)
(0.0270345 -0.00829833 0)
(0.00993094 -0.00439512 0)
(0.0121199 -0.00355531 0)
(0.0146581 -0.00790257 0)
(0.00703079 0.0092441 0)
(0.00990521 -0.00143297 0)
(0.0376111 -0.00823112 0)
(0.00421593 -0.00820917 0)
(0.0436832 -0.00818391 0)
(0.00374382 0.00794421 0)
(0.00168408 -0.0207337 0)
(0.00168408 0.0207337 0)
(0.0169766 -0.00129252 0)
(0.0410219 -0.00851811 0)
(0.0263799 0.0109038 0)
(0.0100015 0.0040252 0)
(0.029046 -0.00300508 0)
(0.0200816 -0.00435673 0)
(0.0463982 0.000169256 0)
(0.037867 -0.00522425 0)
(0.0178891 0.00637517 0)
(0.0460012 -0.0108227 0)
(0.0334424 0.00721538 0)
(0.00911989 0.00307473 0)
(0.0373593 0.0107093 0)
(0.0210008 -0.00150519 0)
(0.0483776 0.0106972 0)
(0.0483822 -0.010882 0)
(0.00814845 -0.00622459 0)
(0.01196 0.00364575 0)
(0.0118052 -0.00694405 0)
(0.0287968 -0.000463182 0)
(0.0140416 0.0109104 0)
(0.0200535 -0.00861992 0)
(0.0362084 -0.00145622 0)
(0.00901855 -0.00336801 0)
(0.0485883 0.00486777 0)
(0.0486351 -0.00485537 0)
(0.0177026 -0.00524861 0)
(0.0164112 -0.0109414 0)
(0.00577693 -0.014716 0)
(0.00577693 0.014716 0)
(0.00744428 0.0205565 0)
(0.00744428 -0.0205565 0)
(0.00987032 0.000850545 0)
(0.0424777 0.00841952 0)
(0.043512 -0.00475398 0)
(0.016812 0.0109266 0)
(0.00156257 -0.0233447 0)
(0.00156257 0.0233447 0)
(0.043722 -0.00118776 0)
(0.00873555 0.00844458 0)
(0.0267237 -0.00240958 0)
(0.00175631 0.0164104 0)
(0.00175631 -0.0164104 0)
(0.0232426 0.00642393 0)
(0.0373314 0.00842636 0)
(0.0375182 0.00583495 0)
(0.0355859 0.00360148 0)
(0.00597221 0.0067266 0)
(0.0129759 -0.00602856 0)
(0.0486358 -0.00222917 0)
(0.00465072 -0.00979057 0)
(0.0101388 -0.0167629 0)
(0.0101388 0.0167629 0)
(0.0367463 0.000794059 0)
(0.0267898 0.00895954 0)
(0.0416849 0.00312616 0)
(0.041044 0.00171877 0)
(0.0277017 -0.00531084 0)
(0.0434577 0.00529982 0)
(0.0404981 0.00427299 0)
(0.0389151 0.00387019 0)
(0.014641 -0.00357676 0)
(0.0223375 0.00094309 0)
(0.0245631 -0.00650642 0)
(0.0263873 0.00373483 0)
(0.0245111 -0.00358519 0)
(0.02108 0.00169229 0)
(0.0201389 0.0111399 0)
(0.01392 0.00839848 0)
(0.0414456 -0.000439985 0)
(0.0213913 -0.00350589 0)
(0.0486507 0.00224118 0)
(0.00136111 0.00626544 0)
(0.00141492 -0.00631895 0)
(0.0313372 -0.000864389 0)
(0.0243013 0.00857637 0)
(0.0236131 -0.0015767 0)
(0.0243611 0.00179374 0)
(0.00134537 -0.000664993 0)
(0.0290166 -0.00583906 0)
(0.0464995 0.0111438 0)
(0.0460767 0.00257837 0)
(0.011838 0.00886303 0)
(0.045829 -0.00937856 0)
(0.00441673 0.0164503 0)
(0.00441673 -0.0164503 0)
(0.0439301 0.0112006 0)
(0.0187821 -0.0111293 0)
(0.0214067 -0.0112452 0)
(0.0439499 0.00844567 0)
(0.0418525 -0.00301533 0)
(0.0388459 0.0109075 0)
(0.0394472 -0.004018 0)
(0.0394789 0.00879037 0)
(0.00364485 0.0185923 0)
(0.00364485 -0.0185923 0)
(0.0182269 0.00277235 0)
(0.0466629 0.00853809 0)
(0.0256823 -0.00926013 0)
(0.0273138 -0.000570274 0)
(0.00543242 0.0196397 0)
(0.00543242 -0.0196397 0)
(0.00506841 0.00310989 0)
(0.0051633 -0.00309442 0)
(0.0458383 0.00647371 0)
(0.0186565 -0.00236763 0)
(0.0467579 -0.00738697 0)
(0.0330149 0.0020899 0)
(0.00143147 0.0177975 0)
(0.00143147 -0.0177975 0)
(0.01109 -0.0142653 0)
(0.017456 0.00506656 0)
(0.00839019 0.00645421 0)
(0.0331207 0.00546393 0)
(0.00709259 -0.00503629 0)
(0.0486258 0.00928899 0)
(0.0486258 -0.00928899 0)
(0.0187457 0.00911164 0)
(0.0460028 -0.00513388 0)
(0.0263512 0.00120972 0)
(0.033961 -0.0112094 0)
(0.0126504 0.011133 0)
(0.0286294 0.0112869 0)
(0.0356933 0.00683847 0)
(0.0103843 -0.00978863 0)
(0.047115 0.00459135 0)
(0.0324435 -0.00919594 0)
(0.0467534 -0.00263815 0)
(0.0252989 -0.0107933 0)
(0.0345692 0.00455166 0)
(0.0149954 0.000847282 0)
(0.0244187 0.00572203 0)
(0.00466572 0.00988637 0)
(0.0370745 -0.00266997 0)
(0.015259 0.00585864 0)
(0.0267945 0.0060246 0)
(0.0322103 -0.00190353 0)
(0.0203111 0.00697705 0)
(0.0409107 -0.00551194 0)
(0.016402 0.00132308 0)
(0.00116403 0.0105711 0)
(0.00119524 -0.0105885 0)
(0.0395626 -0.0111929 0)
(0.0231507 -0.00545493 0)
(0.0143615 -0.00937428 0)
(0.0173716 5.09332e-05 0)
(0.0198027 -0.000445425 0)
(0.0352816 -0.00936809 0)
(0.00299339 0.00643175 0)
(0.00281673 -0.00638928 0)
(0.0325708 -0.00715478 0)
(0.0195487 -0.00703673 0)
(0.040914 -0.00166539 0)
(0.0323975 -0.00437729 0)
(0.0391011 -0.00682932 0)
(0.0114226 0.0117793 0)
(0.0167073 0.00757391 0)
(0.00567591 0.0118678 0)
(0.00563893 -0.011812 0)
(0.0486361 -0.00670105 0)
(0.0485625 0.00660315 0)
(0.00870373 -0.0151965 0)
(0.00867061 0.0151918 0)
(0.0097296 0.0101213 0)
(0.0156041 0.00340714 0)
(0.00549765 0.00560144 0)
(0.0277364 -0.00306037 0)
(0.0386236 0.00244526 0)
(0.0123677 -0.00878177 0)
(0.0418311 -0.0111379 0)
(0.039896 -0.00960911 0)
(0.0338373 -0.00632174 0)
(0.0311348 0.0112753 0)
(0.00902254 -0.0123305 0)
(0.013242 -0.011282 0)
(0.030381 0.00285778 0)
(0.00540521 -0.00549998 0)
(0.0256556 0.00800722 0)
(0.00924801 0.012654 0)
(0.0443272 0.00690598 0)
(0.0454968 0.00122399 0)
(0.01885 -0.00954575 0)
(0.00329975 0.0230917 0)
(0.00329975 -0.0230917 0)
(0.00690809 -0.00108049 0)
(0.0251129 0.0111044 0)
(0.0422608 -0.00797562 0)
(0.0438628 0.00103509 0)
(0.0205226 -0.00592041 0)
(0.0046292 0.0137993 0)
(0.0046292 -0.0137993 0)
(0.0137571 0.00188901 0)
(0.024688 -0.000721752 0)
(0.0451391 0.00914965 0)
(0.0295045 0.0049537 0)
(0.034196 -0.00318792 0)
(0.0342147 -0.0001686 0)
(0.035277 0.0113085 0)
(0.0430814 0.00295606 0)
(0.0443835 -0.00685184 0)
(0.0010422 0.00473052 0)
(0.022582 0.00393855 0)
(0.0307239 0.00172476 0)
(0.00297784 -0.020846 0)
(0.00297784 0.020846 0)
(0.0251245 0.00370235 0)
(0.0072982 0.0140308 0)
(0.00732118 -0.014074 0)
(0.00138027 0.000719566 0)
(0.0366611 -0.00582706 0)
(0.0328367 0.0112764 0)
(0.0298374 -0.0112875 0)
(0.0314772 0.00903202 0)
(0.02114 0.00295255 0)
(0.0395244 0.00144248 0)
(0.00827592 -0.0110607 0)
(0.0304512 0.00585782 0)
(0.0304291 -0.0089027 0)
(0.0406941 -0.00419131 0)
(0.030039 -0.000970955 0)
(0.0161468 -0.00556659 0)
(0.0122013 0.000190025 0)
(0.0218647 -0.00630515 0)
(0.0220061 -0.00767225 0)
(0.0288371 0.00906739 0)
(0.00108824 -0.00502892 0)
(0.044885 -0.00430288 0)
(0.028084 0.00650132 0)
(0.0414957 0.00958903 0)
(0.00659508 -0.00755447 0)
(0.0389176 4.35536e-05 0)
(0.0382148 -0.00208528 0)
(0.0367283 -0.00761494 0)
(0.0187643 -0.00444521 0)
(0.0124521 0.00615452 0)
(0.0158898 -0.00712047 0)
(0.0423118 -0.00592103 0)
(0.00291213 -0.00178673 0)
(0.0238589 -0.0110599 0)
(0.023207 0.00950538 0)
(0.0120624 -0.00226039 0)
(0.00127946 -0.0220136 0)
(0.00127946 0.0220136 0)
(0.0285025 -0.00807614 0)
(0.0472168 -0.00444306 0)
(0.0315859 -0.00311921 0)
(0.000938165 0.0143809 0)
(0.000938165 -0.0143809 0)
(0.0265257 -0.00704268 0)
(0.0198845 0.00442689 0)
(0.0107028 0.0076321 0)
(0.0110851 0.0144005 0)
(0.0109845 0.00640955 0)
(0.0310187 -0.0114506 0)
(0.0172253 -0.00244269 0)
(0.00913224 -0.00771964 0)
(0.0098971 -0.0182355 0)
(0.0098971 0.0182355 0)
(0.00843472 0.0196572 0)
(0.00843472 -0.0196572 0)
(0.0209138 0.00553252 0)
(0.0420302 0.00590207 0)
(0.0458732 -0.00646461 0)
(0.0232374 -0.00955259 0)
(0.0459438 0.00513152 0)
(0.0383412 -0.0114639 0)
(0.0370908 0.00201033 0)
(0.0257383 -0.00334072 0)
(0.014545 0.00941983 0)
(0.00427784 4.05681e-06 0)
(0.00324461 0.0108299 0)
(0.00336069 -0.0107434 0)
(0.0314084 -0.0053668 0)
(0.0272809 -0.011347 0)
(0.0148099 -0.00499594 0)
(0.00320113 -0.00412769 0)
(0.0449582 -0.0114932 0)
(0.0214505 0.0113723 0)
(0.00319677 0.00410575 0)
(0.0183204 -0.00671506 0)
(0.00961452 0.00555502 0)
(0.00545593 0.0223223 0)
(0.00545593 -0.0223223 0)
(0.0250988 0.000839758 0)
(0.0106642 -0.00583304 0)
(0.0181343 0.00768445 0)
(0.00309968 0.0158305 0)
(0.00309968 -0.0158305 0)
(0.0161397 0.00474263 0)
(0.021233 -0.0097632 0)
(0.0348665 0.00969866 0)
(0.0228605 0.0114583 0)
(0.0217873 0.009379 0)
(0.0136121 0.00417754 0)
(0.0174774 -0.0114671 0)
(0.0162306 0.00926606 0)
(0.00100792 0.00760371 0)
(0.00104268 -0.00764362 0)
(0.0375079 0.00441523 0)
(0.0256943 -0.00467451 0)
(0.0187096 0.000461735 0)
(0.041652 0.0074333 0)
(0.00517149 0.00108864 0)
(0.0407893 0.0115694 0)
(0.00743892 0.00445718 0)
(0.0384371 0.00832523 0)
(0.0155454 -0.00118872 0)
(0.0346268 0.0074179 0)
(0.0155249 0.0114306 0)
(0.000974326 0.0120509 0)
(0.000979527 -0.0120538 0)
(0.0200901 -0.0114919 0)
(0.0302441 -0.00490805 0)
(0.0350905 -0.00127836 0)
(0.0469686 -0.00864644 0)
(0.0261356 -0.00127407 0)
(0.011036 -0.00147007 0)
(0.0469709 0.00722074 0)
(0.0256803 0.00654914 0)
(0.0331804 0.00983485 0)
(0.0434959 -0.00962858 0)
(0.00451447 0.0211229 0)
(0.00451447 -0.0211229 0)
(0.00617944 -0.0096246 0)
(0.00464222 -0.0125152 0)
(0.00463783 0.0125003 0)
(0.0309207 0.0100954 0)
(0.0472584 -0.0112912 0)
(0.00349216 0.0120348 0)
(0.00351243 -0.0120217 0)
(0.0097974 -0.0137964 0)
(0.00120199 0.00238467 0)
(0.00884265 0.0111286 0)
(0.0295163 -0.00994021 0)
(0.03463 0.00212805 0)
(0.0449126 0.00332655 0)
(0.00318495 -0.0141344 0)
(0.00318495 0.0141344 0)
(0.0354347 -0.00390636 0)
(0.0370008 0.0097097 0)
(0.0323727 0.00668315 0)
(0.00542138 -0.00714729 0)
(0.00706193 0.00135879 0)
(0.0402939 0.00742295 0)
(0.0391876 -0.00276603 0)
(0.00758627 0.0107994 0)
(0.0165329 -0.00944081 0)
(0.0114084 -0.0119116 0)
(0.00636306 0.00819717 0)
(0.0276045 0.00420237 0)
(0.0354849 -0.0050593 0)
(0.0452096 -0.00307156 0)
(0.0278043 0.00867054 0)
(0.0374508 -0.00959141 0)
(0.0472853 0.00261811 0)
(0.0171529 0.00228894 0)
(0.01106 0.00114922 0)
(0.0326965 0.00875186 0)
(0.00293499 -0.00842678 0)
(0.0446999 -0.00898973 0)
(0.0131512 0.007448 0)
(0.00293818 0.000854428 0)
(0.0103316 -0.0115793 0)
(0.0144778 -0.00225436 0)
(0.0305112 -0.00745301 0)
(0.00690179 0.0119904 0)
(0.0173884 0.00981933 0)
(0.00265261 0.00864764 0)
(0.0302973 -0.00364717 0)
(0.0435908 -0.00599282 0)
(0.0188343 0.01142 0)
(0.0221265 0.00537964 0)
(0.0387341 0.00623389 0)
(0.0271463 -0.00949791 0)
(0.00969671 0.0141597 0)
(0.0448284 0.0045402 0)
(0.0417325 0.000709676 0)
(0.0117622 -0.0097416 0)
(0.0489421 -0.000920368 0)
(0.0461845 0.00983548 0)
(0.0236843 -0.00274089 0)
(0.046001 -0.00104726 0)
(0.0105368 -0.00730353 0)
(0.00507643 0.00765902 0)
(0.0235598 0.00754798 0)
(0.0186021 0.00533563 0)
(0.00541134 -0.00111168 0)
(0.00579093 0.017391 0)
(0.00579093 -0.017391 0)
(0.00326526 0.00196524 0)
(0.0241486 0.00439569 0)
(0.02931 -0.00173049 0)
(0.0487657 0.000936679 0)
(0.0144327 0.00315444 0)
(0.0351835 0.000954603 0)
(0.0398585 0.00636695 0)
(0.00590938 0.00958121 0)
(0.0408094 0.00546658 0)
(0.0196072 -0.00166029 0)
(0.000993614 0.0197784 0)
(0.000993614 -0.0197784 0)
(0.0431513 -0.00251972 0)
(0.00721716 -0.00232233 0)
(0.00638257 -0.00304983 0)
(0.00639223 0.00320937 0)
(0.00451074 0.00207992 0)
(0.0451551 0.0115919 0)
(0.0333861 -0.00871606 0)
(0.0428264 -0.00368043 0)
(0.00667869 -0.0218428 0)
(0.00667869 0.0218428 0)
(0.023267 0.00170958 0)
(0.0200313 0.00843935 0)
(0.0177672 -0.00889219 0)
(0.0189368 0.00182263 0)
(0.019099 -0.00344806 0)
(0.022518 0.00734139 0)
(0.0133348 -0.000714687 0)
(0.0110973 0.0156865 0)
(0.0111086 -0.0156828 0)
(0.0140116 -0.00695173 0)
(0.00941435 -0.00554219 0)
(0.00234605 0.0100951 0)
(0.00232854 -0.010316 0)
(0.0154536 0.00700575 0)
(0.00783033 0.0182424 0)
(0.00783033 -0.0182424 0)
(0.0368701 -0.000459687 0)
(0.0163039 -0.00340637 0)
(0.00678715 -0.0162641 0)
(0.00678715 0.0162641 0)
(0.0386154 -0.00898962 0)
(0.0211701 0.010362 0)
(0.0413624 -0.00979131 0)
(0.00956601 0.00797166 0)
(0.0407952 -0.0115232 0)
(0.0158503 -0.00822889 0)
(0.0490728 0.00350331 0)
(0.0491411 -0.00347222 0)
(0.01158 -0.0131311 0)
(0.031376 -0.00949703 0)
(0.0070275 -0.00860259 0)
(0.0364003 0.00598244 0)
(0.00249187 -0.00294923 0)
(0.0365374 0.00295998 0)
(0.0273542 0.0113233 0)
(0.0335069 -0.00501305 0)
(0.00804153 -0.000475311 0)
(0.0329446 0.0005921 0)
(0.0490564 -0.00783354 0)
(0.0490435 0.00782993 0)
(0.0315103 -0.00669821 0)
(0.0312906 0.00676544 0)
(0.00779958 0.0129909 0)
(0.03981 0.0115511 0)
(0.0114695 0.0130755 0)
(0.00676965 -0.0121057 0)
(0.0353401 0.00531764 0)
(0.0290141 0.0101187 0)
(0.0288423 0.000791493 0)
(0.00643212 -0.0201021 0)
(0.00643212 0.0201021 0)
(0.00411664 0.0176171 0)
(0.00411664 -0.0176171 0)
(0.0376968 0.000232104 0)
(0.0168708 -0.00435299 0)
(0.0348067 -0.00715921 0)
(0.012853 0.00849166 0)
(0.00445753 -0.0232614 0)
(0.00445753 0.0232614 0)
(0.0279393 -0.00418453 0)
(0.0427129 0.0114773 0)
(0.0435398 0.00206376 0)
(0.0374746 -0.00399148 0)
(0.00112182 -0.00286045 0)
(0.01933 0.0103542 0)
(0.0329319 -0.0115068 0)
(0.0283466 0.00185458 0)
(0.0212688 -0.00847503 0)
(0.0177643 -0.00758908 0)
(0.044327 -0.0022361 0)
(0.0189836 0.00664028 0)
(0.0123554 0.00265656 0)
(0.014223 0.00570326 0)
(0.000850577 0.0187973 0)
(0.000850577 -0.0187973 0)
(0.0315257 0.00358807 0)
(0.0146086 -0.000304949 0)
(0.0244229 0.00991053 0)
(0.00295537 0.0197805 0)
(0.00295537 -0.0197805 0)
(0.00536745 -0.0106909 0)
(0.00531692 0.0107236 0)
(0.0442944 0.00987517 0)
(0.0440506 -0.0115319 0)
(0.0401281 -0.00644327 0)
(0.00883406 -0.00995155 0)
(0.0403631 0.00939363 0)
(0.0393428 0.00986643 0)
(0.0177124 0.0115394 0)
(0.0124765 0.00473457 0)
(0.0292637 -0.00885912 0)
(0.0361205 -0.0114469 0)
(0.0361733 0.00908411 0)
(0.00914346 -0.00216212 0)
(0.00252498 0.00281616 0)
(0.0384511 0.005103 0)
(0.0380343 0.00724821 0)
(0.00500836 -0.00210503 0)
(0.0308775 0.00808415 0)
(0.0131135 -0.00373553 0)
(0.0124949 -0.00467139 0)
(0.00257604 0.0183305 0)
(0.00257604 -0.0183305 0)
(0.0335123 0.00412265 0)
(0.0034606 0.00542575 0)
(0.00336925 -0.00539119 0)
(0.0240022 -0.00748436 0)
(0.00938407 -0.01602 0)
(0.00937815 0.0160192 0)
(0.0227292 -0.0115718 0)
(0.0469742 0.00356399 0)
(0.00775489 -0.0130154 0)
(0.023649 -0.000633179 0)
(0.00326657 -0.00740053 0)
(0.0241812 0.011682 0)
(0.00901557 0.00193482 0)
(0.00437662 0.00885244 0)
(0.0122126 -0.0110211 0)
(0.0340278 0.0117357 0)
(0.0211578 -0.00253713 0)
(0.0476597 0.011498 0)
(0.040387 -0.00770558 0)
(0.00953844 0.0192481 0)
(0.00953844 -0.0192481 0)
(0.0344998 -0.00842211 0)
(0.00728472 -0.00696061 0)
(0.00624476 0.0183838 0)
(0.00624476 -0.0183838 0)
(0.025621 -0.00655668 0)
(0.0364124 -0.00356043 0)
(0.00281705 0.0128451 0)
(0.00281995 -0.0128432 0)
(0.0101278 -0.00844255 0)
(0.0140309 -0.00575904 0)
(0.0379896 0.0116009 0)
(0.0402483 -0.000707144 0)
(0.047496 0.000361121 0)
(0.016207 0.00257555 0)
(0.00348862 -0.0218781 0)
(0.00348862 0.0218781 0)
(0.0105813 0.0123425 0)
(0.0334822 -0.00397053 0)
(0.00829242 -0.00873511 0)
(0.0366252 0.0114909 0)
(0.0275521 -0.0103268 0)
(0.00718906 0.00240436 0)
(0.000978068 -0.0155552 0)
(0.000978068 0.0155552 0)
(0.0293623 0.00701764 0)
(0.00858822 0.00754106 0)
(0.0491475 -0.0115733 0)
(0.0489583 0.0114139 0)
(0.026189 -0.0115096 0)
(0.024824 -0.00855145 0)
(0.0366783 0.0038536 0)
(0.0448241 -0.00120468 0)
(0.0292935 -0.0070785 0)
(0.0178568 -0.00175385 0)
(0.0112758 -0.00449106 0)
(0.0268132 0.000321172 0)
(0.00451103 0.0191412 0)
(0.00451103 -0.0191412 0)
(0.0145833 0.0117646 0)
(0.0385254 -0.00768467 0)
(0.00622716 0.000872186 0)
(0.0428546 0.0039883 0)
(0.000731006 0.0131944 0)
(0.000731006 -0.0131944 0)
(0.0296689 0.00805876 0)
(0.00828546 0.000812324 0)
(0.0362669 -0.010151 0)
(0.0491012 0.010177 0)
(0.0491012 -0.010177 0)
(0.0372468 -0.00160754 0)
(0.000728941 0.00347222 0)
(0.0253429 -0.00571123 0)
(0.0421068 -0.00693346 0)
(0.00936662 0.00913077 0)
(0.00103882 -0.00171096 0)
(0.0326364 -0.00818217 0)
(0.0153982 -0.011504 0)
(0.0145662 0.00756457 0)
(0.0298676 0.011709 0)
(0.00216653 -0.00118603 0)
(0.0318989 5.63999e-05 0)
(0.00898274 -0.00100486 0)
(0.0134581 -0.00871825 0)
(0.0284805 0.00508458 0)
(0.00511756 0.0154692 0)
(0.00511756 -0.0154692 0)
(0.0228891 -0.00823713 0)
(0.00903073 0.0177128 0)
(0.00903073 -0.0177128 0)
(0.0131819 -0.00174251 0)
(0.0268327 0.00999626 0)
(0.0440119 0.0028905 0)
(0.00820359 -0.00259422 0)
(0.0154821 -0.0102651 0)
(0.0076669 0.0161541 0)
(0.00767352 -0.016155 0)
(0.0267911 0.00484342 0)
(0.00989231 -0.000385505 0)
(0.03847 -0.00601663 0)
(0.00726644 -0.0111852 0)
(0.04766 0.0089188 0)
(0.000882435 -0.0240712 0)
(0.000882435 0.0240712 0)
(0.0204808 0.00361547 0)
(0.0476855 -0.00701815 0)
(0.0317246 0.00476349 0)
(0.00775008 0.00845416 0)
(0.00820975 0.00541848 0)
(0.0121624 -0.00787892 0)
(0.0364102 0.00785358 0)
(0.0423701 -0.0102465 0)
(0.004281 -0.00374799 0)
(0.004281 0.00374799 0)
(0.00840734 0.00375454 0)
(0.0362835 -0.00673644 0)
(0.0271513 -0.00153757 0)
(0.0384975 -0.00431519 0)
(0.0345122 -0.00539516 0)
(0.0082001 0.00271907 0)
(0.0326177 0.00323907 0)
(0.0267629 -0.00491315 0)
(0.0357068 -0.000251282 0.001)
(0.0159722 -4.11555e-19 0.001)
(0.0255653 0.00247108 0.001)
(0.00878357 0.00468588 0.001)
(0.0086257 -0.00462166 0.001)
(0.0418925 0.00463636 0.001)
(0.0420139 -0.00451389 0.001)
(0.0290948 -0.00449494 0.001)
(0.0216586 -0.00490963 0.001)
(0.0196932 0.00569865 0.001)
(0.0317844 0.00585164 0.001)
(0.00637622 0.0106696 0.001)
(0.00637622 -0.0106696 0.001)
(0.0149068 -0.00637837 0.001)
(0.0353185 -0.00614132 0.001)
(0.0140414 0.00675278 0.001)
(0.0056683 0.0163051 0.001)
(0.0056683 -0.0163051 0.001)
(0.00588397 -2.17473e-05 0.001)
(0.0370365 0.00699736 0.001)
(0.0447313 1.25604e-18 0.001)
(0.0110469 -6.32638e-05 0.001)
(0.0211179 0.000118846 0.001)
(0.03036 0.000376585 0.001)
(0.0269864 0.00748791 0.001)
(0.0254441 -0.00768496 0.001)
(0.0453792 -0.0078885 0.001)
(0.0454918 0.00778494 0.001)
(0.0404933 0.00046925 0.001)
(0.0249794 -0.00223677 0.001)
(0.00447251 0.00636017 0.001)
(0.00414079 -0.00642414 0.001)
(0.0394688 -0.00813326 0.001)
(0.0112977 -0.00839352 0.001)
(0.0315943 -0.00816026 0.001)
(0.0187245 -0.00807873 0.001)
(0.0104391 0.00897077 0.001)
(0.0227901 0.00840093 0.001)
(0.040922 0.00846579 0.001)
(0.0328305 -0.00313465 0.001)
(0.0383196 -0.00330081 0.001)
(0.0460391 -0.00394327 0.001)
(0.0459847 0.00382948 0.001)
(0.00400172 0.0199829 0.001)
(0.00400172 -0.0199829 0.001)
(0.0178187 -0.00356058 0.001)
(0.0133891 0.00291385 0.001)
(0.037568 0.00318094 0.001)
(0.017346 0.00869876 0.001)
(0.00856853 0.0138001 0.001)
(0.00858421 -0.0138092 0.001)
(0.0133891 -0.0027254 0.001)
(0.0340293 0.00851713 0.001)
(0.0037467 0.0130778 0.001)
(0.0037467 -0.0130778 0.001)
(0.00381144 -0.00281585 0.001)
(0.00361443 0.00302298 0.001)
(0.0300815 0.00935335 0.001)
(0.0169578 0.00349504 0.001)
(0.0221762 -0.00902591 0.001)
(0.0232612 0.00512457 0.001)
(0.0340644 0.00323604 0.001)
(0.0290008 0.00352202 0.001)
(0.0283009 -0.00933988 0.001)
(0.00344422 0.00944936 0.001)
(0.00325173 -0.00953141 0.001)
(0.0424233 -0.00917026 0.001)
(0.00785435 -0.00781409 0.001)
(0.0364828 -0.00883164 0.001)
(0.0155518 -0.00919536 0.001)
(0.0118382 -0.00558257 0.001)
(0.00735431 0.00716243 0.001)
(0.00794467 0.00182692 0.001)
(0.00810386 -0.00161054 0.001)
(0.00937413 -0.0109075 0.001)
(0.0280928 -0.00182308 0.001)
(0.00689055 0.0192188 0.001)
(0.00689055 -0.0192188 0.001)
(0.013141 0.0095916 0.001)
(0.0203383 0.00953666 0.001)
(0.0197375 0.00281207 0.001)
(0.0244583 -0.00496835 0.001)
(0.00288351 0.0172597 0.001)
(0.00288351 -0.0172597 0.001)
(0.0113067 0.00507042 0.001)
(0.0423009 -0.00161178 0.001)
(0.0382196 0.00964278 0.001)
(0.00853302 0.0167905 0.001)
(0.00853302 -0.0167905 0.001)
(0.0425379 0.00163396 0.001)
(0.00278222 -0.000387666 0.001)
(0.0395801 0.00516075 0.001)
(0.0474875 -0.00088188 0.001)
(0.0256256 0.00961849 0.001)
(0.0344671 0.00605156 0.001)
(0.0223311 -0.0023882 0.001)
(0.0237185 0.000443719 0.001)
(0.042985 0.00995209 0.001)
(0.0185688 -0.000912535 0.001)
(0.033737 -0.00992972 0.001)
(0.0473222 0.00986838 0.001)
(0.0471995 -0.0100357 0.001)
(0.0472692 0.0014194 0.001)
(0.0106065 -0.00290893 0.001)
(0.0354976 -0.00263651 0.001)
(0.00572685 0.0043842 0.001)
(0.0059073 -0.00421123 0.001)
(0.00999072 0.0115054 0.001)
(0.0166552 0.00611995 0.001)
(0.0326066 -0.005799 0.001)
(0.0472409 0.00594482 0.001)
(0.0473276 -0.00608466 0.001)
(0.0107132 0.00256625 0.001)
(0.031613 0.00243936 0.001)
(0.0327982 -0.000658542 0.001)
(0.0276877 0.000826795 0.001)
(0.0393951 -0.0052857 0.001)
(0.0256132 0.00496348 0.001)
(0.013106 -0.00991757 0.001)
(0.0134648 0.00046228 0.001)
(0.0291331 0.00603628 0.001)
(0.0223471 0.00242323 0.001)
(0.0429412 0.00690561 0.001)
(0.00235144 -0.0220101 0.001)
(0.00235144 0.0220101 0.001)
(0.0400725 0.00278955 0.001)
(0.0278518 0.0099589 0.001)
(0.0430023 -0.00684453 0.001)
(0.0191141 -0.00563228 0.001)
(0.0244242 -0.00978313 0.001)
(0.0277907 -0.00681076 0.001)
(0.0377999 -0.000802567 0.001)
(0.00615788 0.0131694 0.001)
(0.00615788 -0.0131694 0.001)
(0.00235977 0.00513393 0.001)
(0.00237618 -0.00517265 0.001)
(0.030591 -0.00212369 0.001)
(0.0360055 0.0102352 0.001)
(0.0267831 -0.00379755 0.001)
(0.0200354 -0.010168 0.001)
(0.0157487 -0.00237498 0.001)
(0.0446272 -0.0103381 0.001)
(0.020059 -0.00276491 0.001)
(0.0154347 0.0101962 0.001)
(0.0230574 -0.00681202 0.001)
(0.017816 0.00144473 0.001)
(0.00224686 0.00750201 0.001)
(0.00222439 -0.0075533 0.001)
(0.00219587 0.0150403 0.001)
(0.00219587 -0.0150403 0.001)
(0.0385591 -0.0102296 0.001)
(0.0149061 0.00450844 0.001)
(0.0306823 -0.0103104 0.001)
(0.0404062 -0.00288965 0.001)
(0.0056768 -0.00849722 0.001)
(0.0376519 -0.00670035 0.001)
(0.032027 0.010158 0.001)
(0.00535192 0.00864313 0.001)
(0.017068 -0.00670495 0.001)
(0.017672 -0.0102658 0.001)
(0.0246137 0.0070896 0.001)
(0.00973373 0.00672927 0.001)
(0.0130731 -0.0076287 0.001)
(0.0439217 -0.00333468 0.001)
(0.00221614 0.0116393 0.001)
(0.00221614 -0.0116393 0.001)
(0.020875 -0.00729385 0.001)
(0.0447883 0.00568948 0.001)
(0.0119918 0.00749212 0.001)
(0.0303705 -0.0062554 0.001)
(0.00970244 -0.00663653 0.001)
(0.0447444 -0.00559274 0.001)
(0.0217035 0.0065437 0.001)
(0.00843846 0.00962354 0.001)
(0.00591668 -0.021029 0.001)
(0.00591668 0.021029 0.001)
(0.00609016 -0.00211312 0.001)
(0.0059747 0.00207125 0.001)
(0.0265602 -0.0104985 0.001)
(0.0446428 0.0021418 0.001)
(0.0364135 0.0049238 0.001)
(0.0153279 0.00203067 0.001)
(0.033683 -0.00765801 0.001)
(0.0221353 0.0103824 0.001)
(0.0320227 0.00775381 0.001)
(0.0406462 -0.0105419 0.001)
(0.0192719 0.00777074 0.001)
(0.0104057 -0.0127467 0.001)
(0.0452989 0.0104775 0.001)
(0.0403958 0.0104947 0.001)
(0.0157547 -0.00437481 0.001)
(0.00198923 0.0191881 0.001)
(0.00198923 -0.0191881 0.001)
(0.0480365 -0.00347222 0.001)
(0.0479886 0.00352531 0.001)
(0.00206804 0.00162901 0.001)
(0.0358744 0.00206026 0.001)
(0.0259086 -0.000157958 0.001)
(0.010095 0.015256 0.001)
(0.010095 -0.015256 0.001)
(0.0391021 0.00740911 0.001)
(0.038122 0.00118901 0.001)
(0.0344135 -0.0044404 0.001)
(0.0365807 -0.00459782 0.001)
(0.0312221 -0.00423206 0.001)
(0.00443536 0.0112915 0.001)
(0.00443651 -0.0112851 0.001)
(0.0211611 0.00427039 0.001)
(0.00654098 -0.00624931 0.001)
(0.0182753 0.0105079 0.001)
(0.00496514 0.0183498 0.001)
(0.00496514 -0.0183498 0.001)
(0.0339288 0.00116513 0.001)
(0.0409969 0.00646038 0.001)
(0.00803306 0.0119378 0.001)
(0.0410094 -0.0068835 0.001)
(0.00186783 -0.00207186 0.001)
(0.0453519 -0.00194066 0.001)
(0.0154341 0.00816067 0.001)
(0.0112567 -0.0107739 0.001)
(0.0480203 -0.0078999 0.001)
(0.0480291 0.00797972 0.001)
(0.0135966 -0.00470688 0.001)
(0.00778055 -0.0119852 0.001)
(0.043883 0.00396433 0.001)
(0.0104369 0.0133458 0.001)
(0.00726023 0.015255 0.001)
(0.00726023 -0.015255 0.001)
(0.0275562 0.00529181 0.001)
(0.00397018 0.00122154 0.001)
(0.00421612 0.0150339 0.001)
(0.00421612 -0.0150339 0.001)
(0.0340262 0.010703 0.001)
(0.00887257 0.0186379 0.001)
(0.00887257 -0.0186379 0.001)
(0.035374 0.00820782 0.001)
(0.0295695 -0.00803667 0.001)
(0.0120856 -0.00105569 0.001)
(0.0263777 -0.00585018 0.001)
(0.00928777 -0.00900742 0.001)
(0.00180341 0.00378932 0.001)
(0.0113158 0.0102601 0.001)
(0.029883 0.0106585 0.001)
(0.0042996 0.0223198 0.001)
(0.0042996 -0.0223198 0.001)
(0.0238918 0.0029232 0.001)
(0.0185369 0.0040636 0.001)
(0.0225469 -0.0105538 0.001)
(0.0350702 -0.0107708 0.001)
(0.007038 0.0057559 0.001)
(0.00426515 -0.00134906 0.001)
(0.00173478 0.0132897 0.001)
(0.00173478 -0.0132897 0.001)
(0.00900051 -2.74293e-06 0.001)
(0.0286152 0.00787066 0.001)
(0.00431142 -0.00484222 0.001)
(0.00427868 0.00478034 0.001)
(0.0143393 -0.00123585 0.001)
(0.032074 -0.0106551 0.001)
(0.0122345 0.00145868 0.001)
(0.00753492 -0.00350808 0.001)
(0.00752403 0.00331906 0.001)
(0.032566 0.00413051 0.001)
(0.0304556 0.00422074 0.001)
(0.0143471 -0.0107917 0.001)
(0.0274755 0.00259626 0.001)
(0.029463 0.00179303 0.001)
(0.0238679 0.010748 0.001)
(0.0393774 -0.00153142 0.001)
(0.0429417 2.92457e-05 0.001)
(0.0229869 -0.00391759 0.001)
(0.0338832 -0.00186074 0.001)
(0.0418131 0.0108261 0.001)
(0.0238289 -0.00847058 0.001)
(0.0318026 0.00115706 0.001)
(0.0199086 0.00103244 0.001)
(0.0212276 0.00813694 0.001)
(0.00143164 0.00897332 0.001)
(0.00161888 -0.00907753 0.001)
(0.0133188 0.00529653 0.001)
(0.0483746 -1.32856e-05 0.001)
(0.00745804 -0.00991288 0.001)
(0.00708348 0.017269 0.001)
(0.00708348 -0.017269 0.001)
(0.0070637 0.000193248 0.001)
(0.0284722 -0.0109508 0.001)
(0.0169023 -0.00814374 0.001)
(0.0371953 -0.0108972 0.001)
(0.0356435 -0.00799865 0.001)
(0.0225765 -0.000677984 0.001)
(0.00165009 -0.00393076 0.001)
(0.0303438 0.00727224 0.001)
(0.0431678 -0.0108284 0.001)
(0.0270345 -0.00829833 0.001)
(0.00993094 -0.00439512 0.001)
(0.0121199 -0.00355531 0.001)
(0.0146581 -0.00790257 0.001)
(0.00703079 0.0092441 0.001)
(0.00990521 -0.00143297 0.001)
(0.0376111 -0.00823112 0.001)
(0.00421593 -0.00820917 0.001)
(0.0436832 -0.00818391 0.001)
(0.00374382 0.00794421 0.001)
(0.00168408 -0.0207337 0.001)
(0.00168408 0.0207337 0.001)
(0.0169766 -0.00129252 0.001)
(0.0410219 -0.00851811 0.001)
(0.0263799 0.0109038 0.001)
(0.0100015 0.0040252 0.001)
(0.029046 -0.00300508 0.001)
(0.0200816 -0.00435673 0.001)
(0.0463982 0.000169256 0.001)
(0.037867 -0.00522425 0.001)
(0.0178891 0.00637517 0.001)
(0.0460012 -0.0108227 0.001)
(0.0334424 0.00721538 0.001)
(0.00911989 0.00307473 0.001)
(0.0373593 0.0107093 0.001)
(0.0210008 -0.00150519 0.001)
(0.0483776 0.0106972 0.001)
(0.0483822 -0.010882 0.001)
(0.00814845 -0.00622459 0.001)
(0.01196 0.00364575 0.001)
(0.0118052 -0.00694405 0.001)
(0.0287968 -0.000463182 0.001)
(0.0140416 0.0109104 0.001)
(0.0200535 -0.00861992 0.001)
(0.0362084 -0.00145622 0.001)
(0.00901855 -0.00336801 0.001)
(0.0485883 0.00486777 0.001)
(0.0486351 -0.00485537 0.001)
(0.0177026 -0.00524861 0.001)
(0.0164112 -0.0109414 0.001)
(0.00577693 -0.014716 0.001)
(0.00577693 0.014716 0.001)
(0.00744428 0.0205565 0.001)
(0.00744428 -0.0205565 0.001)
(0.00987032 0.000850545 0.001)
(0.0424777 0.00841952 0.001)
(0.043512 -0.00475398 0.001)
(0.016812 0.0109266 0.001)
(0.00156257 -0.0233447 0.001)
(0.00156257 0.0233447 0.001)
(0.043722 -0.00118776 0.001)
(0.00873555 0.00844458 0.001)
(0.0267237 -0.00240958 0.001)
(0.00175631 0.0164104 0.001)
(0.00175631 -0.0164104 0.001)
(0.0232426 0.00642393 0.001)
(0.0373314 0.00842636 0.001)
(0.0375182 0.00583495 0.001)
(0.0355859 0.00360148 0.001)
(0.00597221 0.0067266 0.001)
(0.0129759 -0.00602856 0.001)
(0.0486358 -0.00222917 0.001)
(0.00465072 -0.00979057 0.001)
(0.0101388 -0.0167629 0.001)
(0.0101388 0.0167629 0.001)
(0.0367463 0.000794059 0.001)
(0.0267898 0.00895954 0.001)
(0.0416849 0.00312616 0.001)
(0.041044 0.00171877 0.001)
(0.0277017 -0.00531084 0.001)
(0.0434577 0.00529982 0.001)
(0.0404981 0.00427299 0.001)
(0.0389151 0.00387019 0.001)
(0.014641 -0.00357676 0.001)
(0.0223375 0.00094309 0.001)
(0.0245631 -0.00650642 0.001)
(0.0263873 0.00373483 0.001)
(0.0245111 -0.00358519 0.001)
(0.02108 0.00169229 0.001)
(0.0201389 0.0111399 0.001)
(0.01392 0.00839848 0.001)
(0.0414456 -0.000439985 0.001)
(0.0213913 -0.00350589 0.001)
(0.0486507 0.00224118 0.001)
(0.00136111 0.00626544 0.001)
(0.00141492 -0.00631895 0.001)
(0.0313372 -0.000864389 0.001)
(0.0243013 0.00857637 0.001)
(0.0236131 -0.0015767 0.001)
(0.0243611 0.00179374 0.001)
(0.00134537 -0.000664993 0.001)
(0.0290166 -0.00583906 0.001)
(0.0464995 0.0111438 0.001)
(0.0460767 0.00257837 0.001)
(0.011838 0.00886303 0.001)
(0.045829 -0.00937856 0.001)
(0.00441673 0.0164503 0.001)
(0.00441673 -0.0164503 0.001)
(0.0439301 0.0112006 0.001)
(0.0187821 -0.0111293 0.001)
(0.0214067 -0.0112452 0.001)
(0.0439499 0.00844567 0.001)
(0.0418525 -0.00301533 0.001)
(0.0388459 0.0109075 0.001)
(0.0394472 -0.004018 0.001)
(0.0394789 0.00879037 0.001)
(0.00364485 0.0185923 0.001)
(0.00364485 -0.0185923 0.001)
(0.0182269 0.00277235 0.001)
(0.0466629 0.00853809 0.001)
(0.0256823 -0.00926013 0.001)
(0.0273138 -0.000570274 0.001)
(0.00543242 0.0196397 0.001)
(0.00543242 -0.0196397 0.001)
(0.00506841 0.00310989 0.001)
(0.0051633 -0.00309442 0.001)
(0.0458383 0.00647371 0.001)
(0.0186565 -0.00236763 0.001)
(0.0467579 -0.00738697 0.001)
(0.0330149 0.0020899 0.001)
(0.00143147 0.0177975 0.001)
(0.00143147 -0.0177975 0.001)
(0.01109 -0.0142653 0.001)
(0.017456 0.00506656 0.001)
(0.00839019 0.00645421 0.001)
(0.0331207 0.00546393 0.001)
(0.00709259 -0.00503629 0.001)
(0.0486258 0.00928899 0.001)
(0.0486258 -0.00928899 0.001)
(0.0187457 0.00911164 0.001)
(0.0460028 -0.00513388 0.001)
(0.0263512 0.00120972 0.001)
(0.033961 -0.0112094 0.001)
(0.0126504 0.011133 0.001)
(0.0286294 0.0112869 0.001)
(0.0356933 0.00683847 0.001)
(0.0103843 -0.00978863 0.001)
(0.047115 0.00459135 0.001)
(0.0324435 -0.00919594 0.001)
(0.0467534 -0.00263815 0.001)
(0.0252989 -0.0107933 0.001)
(0.0345692 0.00455166 0.001)
(0.0149954 0.000847282 0.001)
(0.0244187 0.00572203 0.001)
(0.00466572 0.00988637 0.001)
(0.0370745 -0.00266997 0.001)
(0.015259 0.00585864 0.001)
(0.0267945 0.0060246 0.001)
(0.0322103 -0.00190353 0.001)
(0.0203111 0.00697705 0.001)
(0.0409107 -0.00551194 0.001)
(0.016402 0.00132308 0.001)
(0.00116403 0.0105711 0.001)
(0.00119524 -0.0105885 0.001)
(0.0395626 -0.0111929 0.001)
(0.0231507 -0.00545493 0.001)
(0.0143615 -0.00937428 0.001)
(0.0173716 5.09332e-05 0.001)
(0.0198027 -0.000445425 0.001)
(0.0352816 -0.00936809 0.001)
(0.00299339 0.00643175 0.001)
(0.00281673 -0.00638928 0.001)
(0.0325708 -0.00715478 0.001)
(0.0195487 -0.00703673 0.001)
(0.040914 -0.00166539 0.001)
(0.0323975 -0.00437729 0.001)
(0.0391011 -0.00682932 0.001)
(0.0114226 0.0117793 0.001)
(0.0167073 0.00757391 0.001)
(0.00567591 0.0118678 0.001)
(0.00563893 -0.011812 0.001)
(0.0486361 -0.00670105 0.001)
(0.0485625 0.00660315 0.001)
(0.00870373 -0.0151965 0.001)
(0.00867061 0.0151918 0.001)
(0.0097296 0.0101213 0.001)
(0.0156041 0.00340714 0.001)
(0.00549765 0.00560144 0.001)
(0.0277364 -0.00306037 0.001)
(0.0386236 0.00244526 0.001)
(0.0123677 -0.00878177 0.001)
(0.0418311 -0.0111379 0.001)
(0.039896 -0.00960911 0.001)
(0.0338373 -0.00632174 0.001)
(0.0311348 0.0112753 0.001)
(0.00902254 -0.0123305 0.001)
(0.013242 -0.011282 0.001)
(0.030381 0.00285778 0.001)
(0.00540521 -0.00549998 0.001)
(0.0256556 0.00800722 0.001)
(0.00924801 0.012654 0.001)
(0.0443272 0.00690598 0.001)
(0.0454968 0.00122399 0.001)
(0.01885 -0.00954575 0.001)
(0.00329975 0.0230917 0.001)
(0.00329975 -0.0230917 0.001)
(0.00690809 -0.00108049 0.001)
(0.0251129 0.0111044 0.001)
(0.0422608 -0.00797562 0.001)
(0.0438628 0.00103509 0.001)
(0.0205226 -0.00592041 0.001)
(0.0046292 0.0137993 0.001)
(0.0046292 -0.0137993 0.001)
(0.0137571 0.00188901 0.001)
(0.024688 -0.000721752 0.001)
(0.0451391 0.00914965 0.001)
(0.0295045 0.0049537 0.001)
(0.034196 -0.00318792 0.001)
(0.0342147 -0.0001686 0.001)
(0.035277 0.0113085 0.001)
(0.0430814 0.00295606 0.001)
(0.0443835 -0.00685184 0.001)
(0.0010422 0.00473052 0.001)
(0.022582 0.00393855 0.001)
(0.0307239 0.00172476 0.001)
(0.00297784 -0.020846 0.001)
(0.00297784 0.020846 0.001)
(0.0251245 0.00370235 0.001)
(0.0072982 0.0140308 0.001)
(0.00732118 -0.014074 0.001)
(0.00138027 0.000719566 0.001)
(0.0366611 -0.00582706 0.001)
(0.0328367 0.0112764 0.001)
(0.0298374 -0.0112875 0.001)
(0.0314772 0.00903202 0.001)
(0.02114 0.00295255 0.001)
(0.0395244 0.00144248 0.001)
(0.00827592 -0.0110607 0.001)
(0.0304512 0.00585782 0.001)
(0.0304291 -0.0089027 0.001)
(0.0406941 -0.00419131 0.001)
(0.030039 -0.000970955 0.001)
(0.0161468 -0.00556659 0.001)
(0.0122013 0.000190025 0.001)
(0.0218647 -0.00630515 0.001)
(0.0220061 -0.00767225 0.001)
(0.0288371 0.00906739 0.001)
(0.00108824 -0.00502892 0.001)
(0.044885 -0.00430288 0.001)
(0.028084 0.00650132 0.001)
(0.0414957 0.00958903 0.001)
(0.00659508 -0.00755447 0.001)
(0.0389176 4.35536e-05 0.001)
(0.0382148 -0.00208528 0.001)
(0.0367283 -0.00761494 0.001)
(0.0187643 -0.00444521 0.001)
(0.0124521 0.00615452 0.001)
(0.0158898 -0.00712047 0.001)
(0.0423118 -0.00592103 0.001)
(0.00291213 -0.00178673 0.001)
(0.0238589 -0.0110599 0.001)
(0.023207 0.00950538 0.001)
(0.0120624 -0.00226039 0.001)
(0.00127946 -0.0220136 0.001)
(0.00127946 0.0220136 0.001)
(0.0285025 -0.00807614 0.001)
(0.0472168 -0.00444306 0.001)
(0.0315859 -0.00311921 0.001)
(0.000938165 0.0143809 0.001)
(0.000938165 -0.0143809 0.001)
(0.0265257 -0.00704268 0.001)
(0.0198845 0.00442689 0.001)
(0.0107028 0.0076321 0.001)
(0.0110851 0.0144005 0.001)
(0.0109845 0.00640955 0.001)
(0.0310187 -0.0114506 0.001)
(0.0172253 -0.00244269 0.001)
(0.00913224 -0.00771964 0.001)
(0.0098971 -0.0182355 0.001)
(0.0098971 0.0182355 0.001)
(0.00843472 0.0196572 0.001)
(0.00843472 -0.0196572 0.001)
(0.0209138 0.00553252 0.001)
(0.0420302 0.00590207 0.001)
(0.0458732 -0.00646461 0.001)
(0.0232374 -0.00955259 0.001)
(0.0459438 0.00513152 0.001)
(0.0383412 -0.0114639 0.001)
(0.0370908 0.00201033 0.001)
(0.0257383 -0.00334072 0.001)
(0.014545 0.00941983 0.001)
(0.00427784 4.05681e-06 0.001)
(0.00324461 0.0108299 0.001)
(0.00336069 -0.0107434 0.001)
(0.0314084 -0.0053668 0.001)
(0.0272809 -0.011347 0.001)
(0.0148099 -0.00499594 0.001)
(0.00320113 -0.00412769 0.001)
(0.0449582 -0.0114932 0.001)
(0.0214505 0.0113723 0.001)
(0.00319677 0.00410575 0.001)
(0.0183204 -0.00671506 0.001)
(0.00961452 0.00555502 0.001)
(0.00545593 0.0223223 0.001)
(0.00545593 -0.0223223 0.001)
(0.0250988 0.000839758 0.001)
(0.0106642 -0.00583304 0.001)
(0.0181343 0.00768445 0.001)
(0.00309968 0.0158305 0.001)
(0.00309968 -0.0158305 0.001)
(0.0161397 0.00474263 0.001)
(0.021233 -0.0097632 0.001)
(0.0348665 0.00969866 0.001)
(0.0228605 0.0114583 0.001)
(0.0217873 0.009379 0.001)
(0.0136121 0.00417754 0.001)
(0.0174774 -0.0114671 0.001)
(0.0162306 0.00926606 0.001)
(0.00100792 0.00760371 0.001)
(0.00104268 -0.00764362 0.001)
(0.0375079 0.00441523 0.001)
(0.0256943 -0.00467451 0.001)
(0.0187096 0.000461735 0.001)
(0.041652 0.0074333 0.001)
(0.00517149 0.00108864 0.001)
(0.0407893 0.0115694 0.001)
(0.00743892 0.00445718 0.001)
(0.0384371 0.00832523 0.001)
(0.0155454 -0.00118872 0.001)
(0.0346268 0.0074179 0.001)
(0.0155249 0.0114306 0.001)
(0.000974326 0.0120509 0.001)
(0.000979527 -0.0120538 0.001)
(0.0200901 -0.0114919 0.001)
(0.0302441 -0.00490805 0.001)
(0.0350905 -0.00127836 0.001)
(0.0469686 -0.00864644 0.001)
(0.0261356 -0.00127407 0.001)
(0.011036 -0.00147007 0.001)
(0.0469709 0.00722074 0.001)
(0.0256803 0.00654914 0.001)
(0.0331804 0.00983485 0.001)
(0.0434959 -0.00962858 0.001)
(0.00451447 0.0211229 0.001)
(0.00451447 -0.0211229 0.001)
(0.00617944 -0.0096246 0.001)
(0.00464222 -0.0125152 0.001)
(0.00463783 0.0125003 0.001)
(0.0309207 0.0100954 0.001)
(0.0472584 -0.0112912 0.001)
(0.00349216 0.0120348 0.001)
(0.00351243 -0.0120217 0.001)
(0.0097974 -0.0137964 0.001)
(0.00120199 0.00238467 0.001)
(0.00884265 0.0111286 0.001)
(0.0295163 -0.00994021 0.001)
(0.03463 0.00212805 0.001)
(0.0449126 0.00332655 0.001)
(0.00318495 -0.0141344 0.001)
(0.00318495 0.0141344 0.001)
(0.0354347 -0.00390636 0.001)
(0.0370008 0.0097097 0.001)
(0.0323727 0.00668315 0.001)
(0.00542138 -0.00714729 0.001)
(0.00706193 0.00135879 0.001)
(0.0402939 0.00742295 0.001)
(0.0391876 -0.00276603 0.001)
(0.00758627 0.0107994 0.001)
(0.0165329 -0.00944081 0.001)
(0.0114084 -0.0119116 0.001)
(0.00636306 0.00819717 0.001)
(0.0276045 0.00420237 0.001)
(0.0354849 -0.0050593 0.001)
(0.0452096 -0.00307156 0.001)
(0.0278043 0.00867054 0.001)
(0.0374508 -0.00959141 0.001)
(0.0472853 0.00261811 0.001)
(0.0171529 0.00228894 0.001)
(0.01106 0.00114922 0.001)
(0.0326965 0.00875186 0.001)
(0.00293499 -0.00842678 0.001)
(0.0446999 -0.00898973 0.001)
(0.0131512 0.007448 0.001)
(0.00293818 0.000854428 0.001)
(0.0103316 -0.0115793 0.001)
(0.0144778 -0.00225436 0.001)
(0.0305112 -0.00745301 0.001)
(0.00690179 0.0119904 0.001)
(0.0173884 0.00981933 0.001)
(0.00265261 0.00864764 0.001)
(0.0302973 -0.00364717 0.001)
(0.0435908 -0.00599282 0.001)
(0.0188343 0.01142 0.001)
(0.0221265 0.00537964 0.001)
(0.0387341 0.00623389 0.001)
(0.0271463 -0.00949791 0.001)
(0.00969671 0.0141597 0.001)
(0.0448284 0.0045402 0.001)
(0.0417325 0.000709676 0.001)
(0.0117622 -0.0097416 0.001)
(0.0489421 -0.000920368 0.001)
(0.0461845 0.00983548 0.001)
(0.0236843 -0.00274089 0.001)
(0.046001 -0.00104726 0.001)
(0.0105368 -0.00730353 0.001)
(0.00507643 0.00765902 0.001)
(0.0235598 0.00754798 0.001)
(0.0186021 0.00533563 0.001)
(0.00541134 -0.00111168 0.001)
(0.00579093 0.017391 0.001)
(0.00579093 -0.017391 0.001)
(0.00326526 0.00196524 0.001)
(0.0241486 0.00439569 0.001)
(0.02931 -0.00173049 0.001)
(0.0487657 0.000936679 0.001)
(0.0144327 0.00315444 0.001)
(0.0351835 0.000954603 0.001)
(0.0398585 0.00636695 0.001)
(0.00590938 0.00958121 0.001)
(0.0408094 0.00546658 0.001)
(0.0196072 -0.00166029 0.001)
(0.000993614 0.0197784 0.001)
(0.000993614 -0.0197784 0.001)
(0.0431513 -0.00251972 0.001)
(0.00721716 -0.00232233 0.001)
(0.00638257 -0.00304983 0.001)
(0.00639223 0.00320937 0.001)
(0.00451074 0.00207992 0.001)
(0.0451551 0.0115919 0.001)
(0.0333861 -0.00871606 0.001)
(0.0428264 -0.00368043 0.001)
(0.00667869 -0.0218428 0.001)
(0.00667869 0.0218428 0.001)
(0.023267 0.00170958 0.001)
(0.0200313 0.00843935 0.001)
(0.0177672 -0.00889219 0.001)
(0.0189368 0.00182263 0.001)
(0.019099 -0.00344806 0.001)
(0.022518 0.00734139 0.001)
(0.0133348 -0.000714687 0.001)
(0.0110973 0.0156865 0.001)
(0.0111086 -0.0156828 0.001)
(0.0140116 -0.00695173 0.001)
(0.00941435 -0.00554219 0.001)
(0.00234605 0.0100951 0.001)
(0.00232854 -0.010316 0.001)
(0.0154536 0.00700575 0.001)
(0.00783033 0.0182424 0.001)
(0.00783033 -0.0182424 0.001)
(0.0368701 -0.000459687 0.001)
(0.0163039 -0.00340637 0.001)
(0.00678715 -0.0162641 0.001)
(0.00678715 0.0162641 0.001)
(0.0386154 -0.00898962 0.001)
(0.0211701 0.010362 0.001)
(0.0413624 -0.00979131 0.001)
(0.00956601 0.00797166 0.001)
(0.0407952 -0.0115232 0.001)
(0.0158503 -0.00822889 0.001)
(0.0490728 0.00350331 0.001)
(0.0491411 -0.00347222 0.001)
(0.01158 -0.0131311 0.001)
(0.031376 -0.00949703 0.001)
(0.0070275 -0.00860259 0.001)
(0.0364003 0.00598244 0.001)
(0.00249187 -0.00294923 0.001)
(0.0365374 0.00295998 0.001)
(0.0273542 0.0113233 0.001)
(0.0335069 -0.00501305 0.001)
(0.00804153 -0.000475311 0.001)
(0.0329446 0.0005921 0.001)
(0.0490564 -0.00783354 0.001)
(0.0490435 0.00782993 0.001)
(0.0315103 -0.00669821 0.001)
(0.0312906 0.00676544 0.001)
(0.00779958 0.0129909 0.001)
(0.03981 0.0115511 0.001)
(0.0114695 0.0130755 0.001)
(0.00676965 -0.0121057 0.001)
(0.0353401 0.00531764 0.001)
(0.0290141 0.0101187 0.001)
(0.0288423 0.000791493 0.001)
(0.00643212 -0.0201021 0.001)
(0.00643212 0.0201021 0.001)
(0.00411664 0.0176171 0.001)
(0.00411664 -0.0176171 0.001)
(0.0376968 0.000232104 0.001)
(0.0168708 -0.00435299 0.001)
(0.0348067 -0.00715921 0.001)
(0.012853 0.00849166 0.001)
(0.00445753 -0.0232614 0.001)
(0.00445753 0.0232614 0.001)
(0.0279393 -0.00418453 0.001)
(0.0427129 0.0114773 0.001)
(0.0435398 0.00206376 0.001)
(0.0374746 -0.00399148 0.001)
(0.00112182 -0.00286045 0.001)
(0.01933 0.0103542 0.001)
(0.0329319 -0.0115068 0.001)
(0.0283466 0.00185458 0.001)
(0.0212688 -0.00847503 0.001)
(0.0177643 -0.00758908 0.001)
(0.044327 -0.0022361 0.001)
(0.0189836 0.00664028 0.001)
(0.0123554 0.00265656 0.001)
(0.014223 0.00570326 0.001)
(0.000850577 0.0187973 0.001)
(0.000850577 -0.0187973 0.001)
(0.0315257 0.00358807 0.001)
(0.0146086 -0.000304949 0.001)
(0.0244229 0.00991053 0.001)
(0.00295537 0.0197805 0.001)
(0.00295537 -0.0197805 0.001)
(0.00536745 -0.0106909 0.001)
(0.00531692 0.0107236 0.001)
(0.0442944 0.00987517 0.001)
(0.0440506 -0.0115319 0.001)
(0.0401281 -0.00644327 0.001)
(0.00883406 -0.00995155 0.001)
(0.0403631 0.00939363 0.001)
(0.0393428 0.00986643 0.001)
(0.0177124 0.0115394 0.001)
(0.0124765 0.00473457 0.001)
(0.0292637 -0.00885912 0.001)
(0.0361205 -0.0114469 0.001)
(0.0361733 0.00908411 0.001)
(0.00914346 -0.00216212 0.001)
(0.00252498 0.00281616 0.001)
(0.0384511 0.005103 0.001)
(0.0380343 0.00724821 0.001)
(0.00500836 -0.00210503 0.001)
(0.0308775 0.00808415 0.001)
(0.0131135 -0.00373553 0.001)
(0.0124949 -0.00467139 0.001)
(0.00257604 0.0183305 0.001)
(0.00257604 -0.0183305 0.001)
(0.0335123 0.00412265 0.001)
(0.0034606 0.00542575 0.001)
(0.00336925 -0.00539119 0.001)
(0.0240022 -0.00748436 0.001)
(0.00938407 -0.01602 0.001)
(0.00937815 0.0160192 0.001)
(0.0227292 -0.0115718 0.001)
(0.0469742 0.00356399 0.001)
(0.00775489 -0.0130154 0.001)
(0.023649 -0.000633179 0.001)
(0.00326657 -0.00740053 0.001)
(0.0241812 0.011682 0.001)
(0.00901557 0.00193482 0.001)
(0.00437662 0.00885244 0.001)
(0.0122126 -0.0110211 0.001)
(0.0340278 0.0117357 0.001)
(0.0211578 -0.00253713 0.001)
(0.0476597 0.011498 0.001)
(0.040387 -0.00770558 0.001)
(0.00953844 0.0192481 0.001)
(0.00953844 -0.0192481 0.001)
(0.0344998 -0.00842211 0.001)
(0.00728472 -0.00696061 0.001)
(0.00624476 0.0183838 0.001)
(0.00624476 -0.0183838 0.001)
(0.025621 -0.00655668 0.001)
(0.0364124 -0.00356043 0.001)
(0.00281705 0.0128451 0.001)
(0.00281995 -0.0128432 0.001)
(0.0101278 -0.00844255 0.001)
(0.0140309 -0.00575904 0.001)
(0.0379896 0.0116009 0.001)
(0.0402483 -0.000707144 0.001)
(0.047496 0.000361121 0.001)
(0.016207 0.00257555 0.001)
(0.00348862 -0.0218781 0.001)
(0.00348862 0.0218781 0.001)
(0.0105813 0.0123425 0.001)
(0.0334822 -0.00397053 0.001)
(0.00829242 -0.00873511 0.001)
(0.0366252 0.0114909 0.001)
(0.0275521 -0.0103268 0.001)
(0.00718906 0.00240436 0.001)
(0.000978068 -0.0155552 0.001)
(0.000978068 0.0155552 0.001)
(0.0293623 0.00701764 0.001)
(0.00858822 0.00754106 0.001)
(0.0491475 -0.0115733 0.001)
(0.0489583 0.0114139 0.001)
(0.026189 -0.0115096 0.001)
(0.024824 -0.00855145 0.001)
(0.0366783 0.0038536 0.001)
(0.0448241 -0.00120468 0.001)
(0.0292935 -0.0070785 0.001)
(0.0178568 -0.00175385 0.001)
(0.0112758 -0.00449106 0.001)
(0.0268132 0.000321172 0.001)
(0.00451103 0.0191412 0.001)
(0.00451103 -0.0191412 0.001)
(0.0145833 0.0117646 0.001)
(0.0385254 -0.00768467 0.001)
(0.00622716 0.000872186 0.001)
(0.0428546 0.0039883 0.001)
(0.000731006 0.0131944 0.001)
(0.000731006 -0.0131944 0.001)
(0.0296689 0.00805876 0.001)
(0.00828546 0.000812324 0.001)
(0.0362669 -0.010151 0.001)
(0.0491012 0.010177 0.001)
(0.0491012 -0.010177 0.001)
(0.0372468 -0.00160754 0.001)
(0.000728941 0.00347222 0.001)
(0.0253429 -0.00571123 0.001)
(0.0421068 -0.00693346 0.001)
(0.00936662 0.00913077 0.001)
(0.00103882 -0.00171096 0.001)
(0.0326364 -0.00818217 0.001)
(0.0153982 -0.011504 0.001)
(0.0145662 0.00756457 0.001)
(0.0298676 0.011709 0.001)
(0.00216653 -0.00118603 0.001)
(0.0318989 5.63999e-05 0.001)
(0.00898274 -0.00100486 0.001)
(0.0134581 -0.00871825 0.001)
(0.0284805 0.00508458 0.001)
(0.00511756 0.0154692 0.001)
(0.00511756 -0.0154692 0.001)
(0.0228891 -0.00823713 0.001)
(0.00903073 0.0177128 0.001)
(0.00903073 -0.0177128 0.001)
(0.0131819 -0.00174251 0.001)
(0.0268327 0.00999626 0.001)
(0.0440119 0.0028905 0.001)
(0.00820359 -0.00259422 0.001)
(0.0154821 -0.0102651 0.001)
(0.0076669 0.0161541 0.001)
(0.00767352 -0.016155 0.001)
(0.0267911 0.00484342 0.001)
(0.00989231 -0.000385505 0.001)
(0.03847 -0.00601663 0.001)
(0.00726644 -0.0111852 0.001)
(0.04766 0.0089188 0.001)
(0.000882435 -0.0240712 0.001)
(0.000882435 0.0240712 0.001)
(0.0204808 0.00361547 0.001)
(0.0476855 -0.00701815 0.001)
(0.0317246 0.00476349 0.001)
(0.00775008 0.00845416 0.001)
(0.00820975 0.00541848 0.001)
(0.0121624 -0.00787892 0.001)
(0.0364102 0.00785358 0.001)
(0.0423701 -0.0102465 0.001)
(0.004281 -0.00374799 0.001)
(0.004281 0.00374799 0.001)
(0.00840734 0.00375454 0.001)
(0.0362835 -0.00673644 0.001)
(0.0271513 -0.00153757 0.001)
(0.0384975 -0.00431519 0.001)
(0.0345122 -0.00539516 0.001)
(0.0082001 0.00271907 0.001)
(0.0326177 0.00323907 0.001)
(0.0267629 -0.00491315 0.001)
)


// ************************************************************************* //
