/*--------------------------------*- C++ -*----------------------------------*\
  =========                 |
  \\      /  F ield         | OpenFOAM: The Open Source CFD Toolbox
   \\    /   O peration     | Website:  https://openfoam.org
    \\  /    A nd           | Version:  7
     \\/     M anipulation  |
\*---------------------------------------------------------------------------*/
FoamFile
{
    version     2.0;
    format      ascii;
    class       volVectorField;
    location    "0.2";
    object      U;
}
// * * * * * * * * * * * * * * * * * * * * * * * * * * * * * * * * * * * * * //

dimensions      [0 1 -1 0 0 0 0];

internalField   nonuniform List<vector> 
2016
(
(1.21185 0.388977 9.21586e-17)
(1.89375 -0.264657 2.87778e-15)
(8.98947 9.33845 0)
(2.05846 5.15399 0)
(3.95303 -2.35681 0)
(-1.26209 12.3717 -1.3589e-16)
(13.0586 11.508 -2.41516e-17)
(-37.6446 6.09832 0)
(0.595706 -5.34151 2.03092e-15)
(-2.47792 -6.53289 0)
(4.27123 -7.20679 2.38532e-15)
(2.55573 1.33524 -5.85013e-16)
(-0.0928933 5.02406 0)
(-20.0811 -2.59573 0)
(-2.32176 -1.46315 0)
(-17.3543 -2.32194 0)
(-13.7463 2.6695 0)
(-9.29985 -1.34232 9.68118e-16)
(-12.5185 20.8211 3.7374e-16)
(-11.951 -18.1392 -2.44247e-16)
(-0.455701 -1.10735 -2.63907e-15)
(1.41506 6.16892 -1.33939e-16)
(-5.02488 0.0324028 1.93576e-16)
(-2.5375 -0.158541 -2.65098e-16)
(9.67583 -3.82065 -4.62021e-16)
(-2.38666 10.9051 0)
(9.51205 -6.54109 7.19429e-16)
(9.05325 -3.84795 -6.97941e-16)
(-7.72429 15.5666 -1.23522e-15)
(-2.84703 5.49071 1.02896e-15)
(-13.6294 0.935933 -1.26956e-15)
(-4.87152 -3.1014 -5.13607e-16)
(-11.1534 17.062 -1.56861e-15)
(-0.589233 -6.55321 9.90165e-16)
(-1.86107 -11.472 0)
(-18.1453 6.65595 0)
(-10.6266 -0.210515 0)
(0.894966 -1.72558 -9.65768e-16)
(-8.72906 -14.7366 -1.50178e-15)
(9.20095 -1.30002 4.79826e-16)
(-8.91755 4.72208 -7.72822e-16)
(-6.75002 -1.61793 5.29892e-16)
(0.478592 -3.84 0)
(-1.98247 -0.635755 -2.26865e-15)
(1.20441 -1.23045 1.38254e-15)
(-0.17762 -0.759545 0)
(-17.1485 -14.1887 0)
(3.1789 2.26906 0)
(-4.56996 -5.59941 -2.59425e-16)
(-2.96974 -1.63004 -5.94694e-16)
(5.93935 2.21385 5.85361e-16)
(-1.96735 -1.73859 -1.28e-15)
(-27.0234 -3.65306 -5.49037e-17)
(-20.7192 3.83616 3.27105e-17)
(4.46194 8.74877 1.07599e-15)
(-45.8703 9.57133 0)
(15.5089 11.8743 1.12552e-16)
(-30.7403 18.002 0)
(-6.13401 -0.608101 0)
(3.7469 11.8192 0)
(8.22249 16.832 0)
(-5.25799 3.51707 -5.11164e-16)
(-21.0349 10.1024 1.41395e-15)
(-29.1074 18.2086 1.35292e-15)
(-3.4769 -4.1792 -2.17093e-15)
(-6.85936 -1.32223 -1.12762e-15)
(-25.3798 13.493 0)
(4.50742 6.99315 -1.37467e-15)
(-4.08201 2.19688 0)
(-8.59908 11.3073 0)
(-8.8816 -8.5327 8.90171e-17)
(-9.11231 1.29462 7.5069e-17)
(-14.1912 15.6302 -1.20166e-16)
(-12.8079 -12.3773 -1.90438e-16)
(4.72483 9.95356 2.11244e-16)
(-6.08461 0.649533 8.47711e-17)
(-5.00638 0.0493981 0)
(-3.22689 -0.780288 0)
(-0.346551 -1.83772 -2.76083e-15)
(-3.74361 3.25649 -1.12929e-15)
(2.32328 10.1196 1.54425e-15)
(20.6724 9.54257 -2.15383e-16)
(0.41901 -5.27159 -7.56329e-16)
(2.43642 2.56784 -7.70325e-16)
(2.83336 7.4151 4.29457e-16)
(30.0395 -2.79875 1.30237e-15)
(-31.1548 5.893 -5.41192e-16)
(8.42979 5.44154 -5.41802e-17)
(-17.0822 8.89931 0)
(0.52729 -6.24067 -1.6592e-16)
(0.84014 -0.628226 1.42987e-15)
(-10.7648 4.43106 8.0834e-16)
(-7.89375 -1.45191 -5.61739e-16)
(-3.69741 0.611631 2.96274e-15)
(-0.695675 -4.8633 -2.35131e-15)
(29.881 -2.18227 -1.42036e-15)
(-17.5888 12.9943 0)
(-8.83615 6.38166 0)
(-5.34 -4.96941 1.0189e-15)
(0.125523 4.23227 -4.13954e-16)
(5.52032 3.40057 3.71826e-16)
(6.0669 5.97811 0)
(-4.44179 4.78786 1.36079e-15)
(-8.99131 1.13142 3.15132e-15)
(-13.7833 -5.45206 0)
(-7.41445 8.8763 0)
(-5.53477 -0.134599 -2.30474e-15)
(5.71667 10.0356 9.68733e-16)
(15.3988 7.80484 -1.01666e-15)
(-20.1732 -14.6385 2.60978e-16)
(-22.1798 17.0083 -3.97132e-16)
(-3.09532 -2.81516 -4.26401e-15)
(-3.33399 -1.2094 2.80456e-15)
(16.7521 6.85298 0)
(1.82054 -0.928883 3.92532e-16)
(-5.59799 -3.01728 2.42417e-15)
(1.49412 3.95132 -6.32057e-16)
(-0.0926781 3.5425 2.91947e-15)
(7.64392 -3.27766 3.75578e-16)
(-32.0377 -2.33945 1.4318e-15)
(2.80125 -0.925466 -2.83094e-15)
(1.07711 4.49994 -3.20837e-15)
(-23.7688 5.43761 0)
(-0.122081 10.0506 -2.6053e-15)
(-6.97566 -1.0751 0)
(-3.5173 11.5724 -2.75662e-15)
(-16.7209 -1.08153 0)
(-15.1568 -3.88789 -1.22895e-15)
(4.63616 4.70643 0)
(-4.04138 4.42351 0)
(-6.00293 1.32868 1.24738e-15)
(17.9718 12.7069 0)
(16.4947 -1.35245 -3.55533e-16)
(11.5666 -3.54443 2.57441e-16)
(-7.59789 -10.4639 9.8904e-16)
(-7.089 -9.45981 6.63314e-17)
(13.7389 0.608558 -3.24941e-16)
(11.3025 9.4417 0)
(12.8412 2.73075 0)
(20.0122 8.27241 6.56398e-16)
(0.822689 -6.1318 0)
(7.43045 11.8227 8.31965e-17)
(-4.98552 -3.31231 2.37418e-15)
(0.440272 4.32844 -2.98519e-15)
(-0.745798 -0.779261 -1.37866e-15)
(-2.37149 4.15328 -7.0834e-16)
(7.06446 5.01834 7.61176e-16)
(-0.327633 1.7738 5.4446e-16)
(23.4992 5.88479 6.79681e-16)
(-1.59356 1.88201 8.32385e-16)
(-3.10324 -8.89753 1.46135e-15)
(-1.97144 -8.36742 0)
(-22.4222 25.9699 -1.30552e-15)
(14.8193 1.24058 -1.57192e-15)
(-4.57904 5.07275 0)
(-2.73091 2.83697 -1.32744e-15)
(-6.22801 -0.275814 -2.61076e-15)
(22.5656 8.25725 7.11469e-16)
(1.4281 -1.71526 2.61995e-15)
(-0.436148 -4.37613 9.64845e-17)
(-12.7912 -16.1684 0)
(-13.5907 18.0534 0)
(-11.8051 -1.86054 -2.45246e-15)
(1.77255 2.18911 -1.42718e-15)
(-6.33268 -4.20147 1.39063e-15)
(-6.3943 -3.29849 -2.97471e-15)
(-19.4589 4.95648 2.86541e-17)
(-24.3252 -6.404 -5.10106e-17)
(30.6625 8.52191 -3.01242e-16)
(16.8845 13.896 8.95716e-16)
(4.59278 6.19045 0)
(2.85425 4.53151 -2.08198e-16)
(11.2439 4.96977 3.84174e-16)
(3.91141 0.707342 -5.9293e-17)
(-37.0004 -34.5469 9.49502e-17)
(-5.38378 4.42644 3.22571e-16)
(-8.78048 6.93392 7.50304e-16)
(4.61139 5.47877 5.76947e-16)
(-5.20329 0.370132 0)
(-13.472 19.0683 0)
(-5.8017 -7.57045 3.25661e-16)
(-7.68843 12.2157 -1.35268e-15)
(-0.824061 1.69564 -4.37279e-15)
(1.06676 1.75389 0)
(-13.8281 -8.88149 4.73985e-16)
(-1.66817 1.94396 0)
(-0.354243 -3.11812 1.75111e-15)
(10.0392 2.4471 4.63652e-16)
(-24.4709 -3.88123 -3.66726e-17)
(-30.2559 4.87036 4.66733e-18)
(5.47203 0.0757566 -4.72875e-16)
(-1.42716 1.57273 -2.40657e-15)
(-1.00125 -0.62452 0)
(-11.3466 -15.7952 5.38707e-16)
(-12.5529 18.3836 -8.41282e-16)
(-8.13784 -3.06971 0)
(-10.984 6.84078 9.27712e-16)
(-1.3835 2.55626 0)
(-5.09496 -2.83025 -2.46827e-15)
(-3.52969 -0.973965 0)
(0.270588 -3.02159 2.38367e-15)
(-26.2217 -9.62558 -7.70969e-16)
(-0.874308 -3.94825 1.92449e-15)
(-0.302496 -0.252041 1.57063e-15)
(-0.812119 3.00762 7.20841e-16)
(-7.42188 -1.4141 0)
(1.39655 -3.34949 -2.14981e-15)
(16.1707 8.05695 -6.08986e-16)
(-4.56153 0.631192 2.95697e-15)
(-6.02129 1.40423 -3.09185e-15)
(-8.19168 4.67272 2.99383e-15)
(-2.08882 3.62976 1.14846e-15)
(-2.09102 -8.37335 -4.69062e-16)
(0.0760012 -4.08587 2.34821e-16)
(0.708976 -3.75061 0)
(4.67744 7.97173 4.0213e-16)
(-1.41038 -2.1995 -5.72115e-16)
(4.2725 11.351 -5.15434e-16)
(0.0138397 -4.43211 0)
(-1.05928 2.85511 -1.94563e-15)
(-3.75928 -0.670252 2.28749e-15)
(-1.62547 -7.40604 -9.21602e-17)
(-8.16782 -0.00583056 1.1717e-15)
(4.5223 2.9881 0)
(-1.20628 0.737079 0)
(-0.806929 3.33636 -3.91506e-16)
(26.5599 2.97122 -3.84969e-16)
(6.30969 -3.21931 9.1643e-17)
(12.1099 8.35012 0)
(-1.09231 -5.21913 6.79717e-16)
(21.4639 -0.548511 2.50089e-15)
(3.02895 -0.931412 7.01026e-16)
(3.90742 4.59046 -1.56473e-15)
(3.40274 3.09285 7.33632e-16)
(-7.56112 1.53873 1.13744e-15)
(-2.06289 -1.11033 -1.01599e-15)
(-12.7409 5.12041 -3.30524e-16)
(-6.52105 -0.637164 -2.41232e-16)
(6.92174 11.0154 3.92083e-16)
(8.49837 9.98045 0)
(15.208 9.44983 0)
(-19.9476 10.0909 3.18531e-16)
(-17.585 -8.77762 -1.95107e-16)
(-15.9837 -4.07381 -1.13229e-15)
(10.0631 4.95891 0)
(7.13399 9.04367 0)
(3.28411 -5.95994 -2.85607e-16)
(-12.4386 -8.46748 -2.67013e-15)
(-0.128516 14.8538 0)
(-8.33208 -2.86094 0)
(-10.3034 -9.60239 -5.19152e-16)
(9.80367 -13.4277 0)
(-8.68329 1.37107 -1.87812e-15)
(-4.33981 1.59077 0)
(1.50422 9.10642 0)
(-5.26758 -3.62271 -9.42833e-17)
(2.44607 -2.68659 1.51214e-15)
(-22.0451 0.571475 3.85569e-17)
(-16.1635 1.47305 -9.73079e-18)
(-3.18892 -7.97554 9.38699e-16)
(0.15003 -3.37937 -1.16747e-15)
(19.3351 4.45741 0)
(2.0761 -9.17419 0)
(8.19431 5.91752 1.4133e-17)
(-0.256071 0.470401 0)
(16.3553 8.56727 0)
(1.4769 -2.6103 1.45978e-15)
(-5.77386 -3.3562 -2.31333e-15)
(-3.35468 0.206411 1.43089e-15)
(-2.81573 -1.5793 1.39574e-15)
(8.36055 1.35359 -4.25353e-17)
(-6.09293 -2.98498 1.26234e-15)
(4.11706 -2.43136 -2.64409e-15)
(12.9244 3.37871 -3.09343e-16)
(0.753055 6.15928 -4.99265e-16)
(7.74754 3.31774 4.15306e-16)
(-32.513 -11.5392 -1.81529e-16)
(1.88503 5.89985 1.0287e-15)
(24.3369 -4.09134 -1.08046e-15)
(-8.0922 -21.6383 -7.9644e-16)
(-1.31178 0.00884753 0)
(-1.04438 -0.261042 0)
(-6.50726 1.62042 -2.75668e-16)
(6.99952 -1.55585 -1.23146e-15)
(-4.71382 -1.17406 -1.09028e-15)
(6.13819 -0.918574 0)
(7.60507 9.26311 0)
(10.629 0.0317345 0)
(-13.1236 -0.643064 0)
(0.0130845 1.30856 0)
(-6.72128 1.10419 1.48214e-15)
(-49.0293 -18.9974 4.17983e-16)
(0.794209 4.28298 -3.16494e-15)
(-2.53605 2.44177 2.9145e-15)
(0.869139 -1.58167 -2.91132e-15)
(8.35282 -5.16394 4.69259e-16)
(-12.3552 4.63349 2.10801e-15)
(-3.34155 2.55739 1.12757e-16)
(-8.89763 1.53864 1.02342e-15)
(-4.23208 -7.98824 1.42255e-15)
(-1.35628 -1.98166 -2.86313e-15)
(-18.9134 -12.9047 7.95103e-16)
(-2.10098 4.92774 -6.17582e-16)
(19.2557 -0.929551 0)
(-1.5113 -0.4472 -2.48039e-15)
(-2.08901 -0.444488 -1.25954e-15)
(0.0439053 -1.09287 -6.47919e-16)
(1.31223 -0.481766 6.78838e-16)
(5.67728 -2.70947 3.10234e-16)
(5.16043 -8.84764 3.25205e-17)
(-32.9093 13.1062 -7.56339e-16)
(-2.07551 1.30485 0)
(-3.25371 -5.74213 1.55406e-15)
(-7.09601 3.00454 -1.09542e-15)
(-16.2822 -4.35151 6.47803e-18)
(-18.8426 5.84159 4.51644e-17)
(-2.7232 -1.42425 2.54483e-15)
(4.89932 -8.65852 -1.55663e-15)
(3.74289 -12.2286 -9.18365e-16)
(17.9123 7.20752 2.34815e-16)
(21.0251 1.63663 3.62037e-16)
(-2.17688 -0.213607 -8.57169e-16)
(10.3671 7.34789 4.76666e-17)
(-9.32984 -10.5668 0)
(-1.14226 -2.08659 1.3065e-15)
(-11.3058 -19.0171 -4.01492e-16)
(-12.2491 21.6604 6.21385e-16)
(-7.19012 -16.149 2.49281e-16)
(-7.11984 -2.76563 1.35965e-15)
(-1.99864 -8.49073 0)
(-7.06887 -0.100421 -1.50698e-15)
(-4.79703 2.41807 2.90078e-15)
(2.92985 1.35324 -2.64849e-15)
(12.4184 -3.66082 0)
(-9.94224 8.72159 -9.5217e-16)
(-7.70944 7.71765 -1.06644e-15)
(-2.56873 -1.14522 -7.4367e-16)
(0.338537 -1.45862 -1.38855e-15)
(14.0021 12.8327 1.62035e-16)
(-0.70505 -5.22707 2.73897e-15)
(-10.5862 -3.17321 -4.6815e-16)
(-1.3296 3.83203 9.98544e-17)
(-16.1873 -2.13703 2.39112e-15)
(0.314875 3.19804 0)
(-0.826318 4.60671 -7.93674e-17)
(-2.63661 2.20749 -1.35619e-15)
(3.20581 2.31758 0)
(-2.46891 6.55803 -1.38903e-15)
(-7.36166 -4.75459 0)
(-3.18604 -13.4531 2.26752e-16)
(0.508005 0.0825631 1.36682e-15)
(-18.025 13.9022 4.94905e-16)
(-15.41 -8.8505 -4.3084e-16)
(-1.79774 6.16291 -3.3054e-15)
(1.5062 -0.824405 0)
(2.63135 0.900247 2.10325e-15)
(2.81969 -3.90734 1.13376e-15)
(0.175825 -3.54802 1.97991e-15)
(0.225511 -8.81443 -1.53407e-17)
(4.31648 -0.761904 -8.11552e-16)
(-11.4879 8.87527 0)
(-5.28347 -2.24519 2.00135e-16)
(-8.31177 -11.7149 -2.17563e-15)
(22.5595 4.94905 7.54476e-16)
(0.622633 1.22139 1.21816e-15)
(-14.1853 6.46702 1.53329e-16)
(-11.7343 -3.41728 -1.01505e-16)
(26.7791 1.16611 -2.15337e-16)
(-0.204909 -0.0744227 1.5152e-15)
(17.3452 5.71239 1.52007e-15)
(-1.28866 5.1329 0)
(7.46001 10.9652 7.28212e-17)
(-10.9594 -2.44114 0)
(-4.21072 11.2274 0)
(4.82993 4.66453 0)
(-0.151822 11.1297 -2.10383e-15)
(-8.20017 4.80439 9.86121e-16)
(-2.69685 5.17096 3.08468e-15)
(-4.3076 0.916491 0)
(0.42877 7.99387 -9.93105e-16)
(-14.198 1.4062 5.04342e-16)
(3.36171 -0.300996 -9.56309e-17)
(-3.08543 1.28883 6.99099e-16)
(-0.406391 1.00532 0)
(-0.430849 8.09439 0)
(-6.54877 1.52727 0)
(2.16823 -3.73806 1.3635e-15)
(-1.11672 2.46508 -1.36379e-15)
(4.64178 -0.540753 -2.42848e-15)
(5.73044 2.69017 0)
(1.32944 2.95479 -2.23989e-15)
(-9.43674 -1.21972 -9.20446e-17)
(4.64464 7.92509 2.6211e-16)
(-11.9739 6.54256 0)
(-2.19446 -0.393892 0)
(-10.968 -1.2313 3.29233e-16)
(-13.5971 7.93459 -4.26651e-16)
(-4.89978 -2.86653 6.61106e-17)
(-5.70721 9.82524 3.41761e-15)
(-3.09543 -7.10055 0)
(3.17478 10.3894 -3.15335e-16)
(-3.81369 -0.748864 -2.26035e-15)
(11.0169 2.40547 -1.19053e-16)
(14.4711 -4.48821 2.65555e-17)
(-8.05438 -16.8238 4.30113e-16)
(-2.8393 2.50601 0)
(-13.4528 -5.09739 -3.15939e-15)
(3.92313 0.972935 -4.63514e-16)
(-3.50433 2.90566 7.21691e-16)
(-7.97902 -0.940161 -1.4774e-15)
(-3.3269 -3.83795 -2.08422e-15)
(-6.60986 1.97444 -9.35736e-16)
(-1.85137 -1.82108 0)
(-10.6714 -2.15169 1.32492e-15)
(12.208 8.58459 1.22599e-15)
(-10.8593 4.50762 -1.97496e-16)
(-3.74799 1.71488 1.24315e-16)
(1.22952 10.006 1.52656e-15)
(-39.4798 16.54 0)
(7.13164 1.69684 2.97159e-16)
(4.54463 1.0545 1.71401e-15)
(-0.0698394 -2.38514 0)
(2.14533 -1.40455 -1.48981e-15)
(-1.87984 8.19788 -9.8016e-16)
(-1.96055 6.24355 4.16912e-16)
(-4.57427 2.01323 2.60831e-15)
(-8.64381 -7.0137 1.48309e-15)
(0.944917 -1.1677 -1.54823e-15)
(2.10907 0.892117 0)
(1.87212 8.0407 2.83364e-15)
(-4.03531 -1.67147 4.95342e-16)
(-16.2147 -17.3669 9.25445e-16)
(-2.31726 0.382162 -8.32731e-17)
(12.1114 4.94587 1.07111e-17)
(-5.80513 4.13216 -9.22784e-16)
(10.8086 -6.26947 -1.02003e-15)
(18.1502 1.35964 -1.79914e-15)
(-1.40571 3.59188 0)
(-1.21904 2.1689 -7.87455e-16)
(11.9473 -1.67724 7.98903e-17)
(20.894 6.60257 -9.08277e-16)
(-1.093 2.09258 1.57569e-15)
(-9.82838 23.9053 0)
(-8.71757 -22.8923 0)
(9.30023 8.75216 5.01534e-16)
(-14.5331 21.0543 -5.9634e-16)
(-18.2435 7.45267 -6.67483e-16)
(-5.07211 5.44528 1.14111e-15)
(6.24514 -7.81633 1.49556e-15)
(-12.9484 1.33263 -2.29482e-16)
(-7.96951 3.25281 1.54674e-16)
(21.9064 11.0897 -1.75363e-15)
(1.95984 6.78958 1.37728e-15)
(0.669781 -3.81241 -1.74738e-16)
(8.05309 -4.3265 1.08387e-15)
(11.5874 -2.76864 0)
(18.4453 7.8511 0)
(9.65282 -8.77059 1.89711e-15)
(-5.91789 2.49661 1.71413e-15)
(11.83 0.445851 -1.11936e-15)
(4.67484 1.6491 1.11037e-15)
(-6.63107 -29.142 9.85643e-16)
(-23.6004 -1.81798 0)
(-17.2692 3.1389 0)
(1.06044 0.276671 -1.7914e-18)
(0.564528 5.55747 6.51584e-16)
(-18.7436 -7.42241 0)
(-21.9664 9.21264 -7.21219e-17)
(-3.18308 -5.13088 3.50485e-16)
(-3.79867 4.63345 -6.91755e-16)
(-1.77168 3.03349 2.3663e-15)
(-7.85395 12.2741 0)
(6.13737 -2.00368 -3.0306e-15)
(-3.84464 -6.62837 0)
(22.0249 3.76811 5.46359e-18)
(-0.941066 -1.4772 -1.20092e-15)
(1.06898 -2.54207 0)
(0.973628 1.27691 0)
(-0.244561 4.22412 0)
(-5.96087 -0.763448 -4.038e-17)
(-11.3534 6.78684 5.92198e-17)
(2.7085 2.2952 4.35011e-17)
(2.22046 4.96266 -1.51584e-15)
(0.0127547 -1.99736 -8.44466e-16)
(-6.26625 -29.3578 -9.57625e-16)
(-2.25477 -1.85353 3.67049e-16)
(-3.32664 2.53506 -2.58731e-15)
(-3.99158 1.55556 0)
(-1.15767 -1.55674 1.41309e-15)
(0.250154 -0.645279 2.33393e-15)
(-0.641208 -0.875055 0)
(-3.25665 0.98924 -7.75379e-16)
(-11.4363 0.652787 -1.48067e-15)
(-2.94741 0.439165 -2.98728e-15)
(-1.40327 0.106011 0)
(-1.94428 3.67557 -1.58212e-15)
(23.6224 1.27106 0)
(4.28514 8.69313 9.07729e-17)
(4.23942 11.5247 -9.94669e-17)
(2.89068 1.15801 1.3333e-15)
(0.257479 -10.0104 0)
(-5.44529 -6.93217 -8.23046e-16)
(7.53271 8.63028 0)
(-6.9247 -11.1815 2.25926e-15)
(7.85062 1.04827 -1.16008e-15)
(-4.53489 1.03386 -7.39668e-16)
(0.393367 -3.76379 0)
(26.149 -1.82935 -4.29139e-16)
(11.8106 0.812372 0)
(0.728292 -4.29799 1.22147e-15)
(23.628 2.31329 -7.04637e-16)
(0.764058 7.66228 1.95551e-16)
(-1.54285 -3.55562 3.99649e-15)
(-6.16418 0.624427 0)
(-25.7367 21.4324 2.80806e-16)
(-23.0069 -18.6118 -1.71111e-16)
(-16.6337 7.20814 0)
(-2.56181 -11.778 0)
(4.20476 6.42675 0)
(-0.520312 -0.634649 -1.43603e-15)
(0.817659 -1.4233 0)
(6.61185 -2.22025 1.49843e-15)
(1.97614 10.5331 -6.44155e-16)
(-8.20223 -2.94996 4.47812e-16)
(1.89501 0.860017 1.70033e-16)
(-20.3381 -0.613264 -4.86975e-17)
(-24.9643 0.932175 1.46569e-16)
(-16.2117 -2.68454 0)
(2.7354 0.957973 -2.57488e-15)
(20.0305 11.7114 -2.52193e-16)
(1.39276 -0.104908 -7.95241e-16)
(-4.25207 -14.0861 1.79451e-16)
(-6.91396 -4.31889 6.52535e-16)
(-0.199187 2.44028 0)
(-6.62739 -10.3176 0)
(-10.9108 -13.1914 -9.64796e-16)
(-8.50489 15.9575 0)
(17.9206 2.16437 0)
(-4.07542 11.1646 2.66538e-15)
(-1.22128 -0.971033 0)
(2.07319 -2.40467 2.7726e-15)
(-3.34332 -7.24506 1.12156e-15)
(-5.28375 3.96211 0)
(-0.928904 -0.892024 0)
(3.22145 1.70235 -1.99751e-15)
(-6.67217 6.72308 0)
(2.57095 3.55438 4.96825e-16)
(-8.80435 -2.14693 6.10948e-16)
(0.339029 -0.206154 0)
(2.91529 -0.407134 -1.67743e-15)
(3.46675 -1.93299 -2.0079e-15)
(-9.79527 0.660429 -1.87143e-16)
(-12.6806 2.26758 2.82547e-16)
(3.34561 -1.3294 1.57929e-15)
(-10.9863 -5.19112 -2.11484e-16)
(-8.75966 16.5248 1.8943e-15)
(-10.9126 16.5653 -9.92714e-16)
(1.09883 1.60791 0)
(7.35968 2.23342 2.65394e-16)
(19.4331 6.8279 -3.28169e-16)
(1.62233 -1.46476 -1.41778e-15)
(14.1176 -4.02772 -6.76013e-16)
(8.12565 8.28003 0)
(-1.07524 1.20236 5.9038e-16)
(-4.0869 -11.1118 -1.6813e-16)
(2.09975 8.66521 -9.6957e-17)
(5.11462 0.30141 0)
(5.12985 -6.3247 1.08411e-16)
(5.81938 6.62141 -1.242e-16)
(1.97167 9.55616 1.74895e-15)
(-18.1903 6.89218 0)
(-15.3263 -4.26267 2.24681e-17)
(-1.8882 8.66139 -4.50009e-16)
(0.680638 -2.86583 1.80155e-16)
(-15.9519 1.20867 -5.36361e-16)
(9.94564 7.68666 0)
(0.535079 -0.285147 0)
(1.43839 -0.669654 -1.62523e-15)
(2.68569 -0.532686 2.76675e-15)
(3.21201 2.11755 5.82679e-16)
(-2.1097 -0.123666 2.30541e-15)
(23.7934 -0.33094 0)
(28.3441 -0.733453 1.29715e-15)
(33.7793 -1.73299 -3.17994e-16)
(-17.4726 -0.896112 8.81656e-16)
(11.2601 -2.75705 7.25765e-16)
(2.65785 -4.995 0)
(2.48079 -0.804037 4.56793e-15)
(-0.240001 2.86948 0)
(12.0583 -1.38604 -4.52745e-16)
(23.8234 1.7042 6.83504e-16)
(16.0956 -4.62425 2.00751e-16)
(-17.2377 -6.35485 -7.82866e-16)
(12.9397 -3.30006 -3.40963e-16)
(0.419854 -6.58924 -2.67302e-15)
(1.33757 4.76632 -1.89036e-16)
(-18.574 -2.28381 -6.07915e-17)
(-21.8636 3.98547 9.80992e-17)
(9.88399 1.27767 -6.74686e-16)
(-1.88552 0.367604 -2.22817e-15)
(11.6217 10.3813 0)
(-3.70785 -0.190088 1.94195e-16)
(-2.18824 3.02215 2.79461e-15)
(-14.5558 1.95436 1.0479e-15)
(-0.498506 0.290442 1.42592e-15)
(1.5109 0.372924 -1.60757e-15)
(26.5594 -0.716913 1.76393e-16)
(-2.19655 -10.5245 -8.56612e-16)
(-1.12902 1.80406 1.50512e-15)
(1.56103 1.09034 5.95231e-17)
(-0.676852 -0.837701 0)
(-3.16012 -0.0430996 1.03833e-15)
(-3.76758 3.83182 0)
(2.26017 4.83901 0)
(-3.7462 2.07338 -3.7981e-16)
(-0.91287 -2.71139 0)
(-5.14165 -9.27814 9.7954e-16)
(-4.69853 0.693864 -1.86309e-16)
(-10.6373 4.59392 -6.2731e-17)
(11.8221 3.66319 2.10511e-16)
(4.92651 -4.32597 -3.06e-15)
(6.56656 -2.0826 -1.28102e-15)
(12.7316 3.99345 -2.48419e-15)
(-7.9885 7.26457 -1.23053e-16)
(-30.4683 -23.0542 -6.19446e-16)
(-30.3976 3.27071 -1.17327e-15)
(5.88829 6.68675 0)
(-1.02085 -0.435979 0)
(6.65121 4.38448 -1.44785e-15)
(31.2058 10.8515 2.99101e-16)
(-1.80014 4.03803 -1.77755e-16)
(-8.42943 11.317 1.50808e-17)
(-9.8985 7.26856 1.17914e-16)
(2.87733 8.04194 -9.23763e-17)
(16.6372 -3.17056 4.1885e-17)
(-11.3797 -5.55581 0)
(-13.464 -7.50036 0)
(18.2347 3.51792 -3.31732e-18)
(33.7158 -3.99353 -1.28577e-15)
(15.1273 8.83153 -4.17382e-17)
(22.3984 11.2184 4.04337e-17)
(-0.414661 5.14475 5.4835e-17)
(-12.3958 5.04396 -1.08292e-15)
(-9.20183 0.535183 -2.21742e-15)
(-0.511178 -14.6663 0)
(-0.129705 -2.71048 3.80964e-16)
(-1.14394 3.81434 -1.40381e-15)
(-5.96157 1.76539 1.76744e-15)
(-2.25624 5.48789 -1.22579e-15)
(-38.7812 13.9278 -3.15336e-16)
(-30.3831 17.9943 2.20904e-15)
(4.79145 -0.899147 -4.46276e-15)
(2.46449 -2.74999 -1.45211e-15)
(25.5792 -1.61948 1.54448e-17)
(0.771047 2.27607 0)
(-9.43018 -12.4822 -1.02262e-17)
(-10.745 15.5961 0)
(-14.7029 3.88856 0)
(-20.1007 -1.93071 0)
(4.17679 -6.66203 0)
(9.51119 6.86401 0)
(-7.76844 -1.87074 1.28531e-15)
(-6.43807 -2.78468 -2.6002e-15)
(0.262736 1.06644 0)
(-0.470248 -0.102273 -1.57571e-15)
(-9.77853 3.67374 0)
(-0.438455 5.08724 6.54092e-16)
(6.13322 -4.53598 8.12278e-18)
(-3.50426 1.42831 1.40891e-15)
(18.7323 0.131187 -1.22278e-15)
(-15.695 3.98802 -2.98512e-16)
(-9.65067 2.12829 4.39025e-16)
(12.2538 -3.83173 0)
(-13.9313 3.06147 4.30504e-16)
(-8.45606 1.49508 -2.88347e-16)
(-2.07838 -4.11021 0)
(-0.199688 -0.330346 0)
(-0.462029 -1.37345 -3.60956e-16)
(-5.44534 -12.3216 0)
(-0.513074 -18.2636 0)
(9.31992 12.1993 5.7155e-16)
(6.09034 2.5789 1.58647e-15)
(-3.3282 0.449031 1.48621e-15)
(-8.06291 -1.74449 3.78483e-16)
(-5.62803 -1.76936 2.90638e-15)
(-6.80529 -1.31547 0)
(-1.412 -0.268824 0)
(-18.5027 6.27872 0)
(-10.5635 0.443046 -6.38722e-16)
(-1.47405 2.59418 1.41144e-15)
(-1.08513 1.58666 -2.72072e-15)
(-15.0178 -18.0448 3.94212e-16)
(7.1914 5.17847 -3.60254e-16)
(-12.9136 19.1332 -2.71249e-16)
(7.12369 0.217002 -1.26055e-15)
(24.8376 1.74262 0)
(-3.62419 -1.86474 -2.33913e-15)
(8.99089 2.57655 2.87655e-16)
(-0.0438608 5.55634 -2.99042e-15)
(-19.9375 2.25487 6.71982e-16)
(13.5543 1.93177 0)
(0.802218 2.58474 5.92175e-15)
(1.39552 -0.0240436 -7.46835e-16)
(-5.19358 -5.08338 -1.33777e-16)
(8.42893 -2.80864 1.18747e-15)
(-4.41781 -3.43703 -2.64582e-15)
(9.99495 3.06463 -3.79754e-16)
(-8.3295 -1.14459 1.51878e-15)
(12.5943 1.80395 1.30362e-15)
(0.449181 -1.17509 1.61783e-15)
(-16.5622 -0.954731 -5.40048e-18)
(-20.9289 3.15587 4.77376e-17)
(4.18567 -6.71532 7.62042e-16)
(9.1801 7.60827 2.62063e-16)
(12.9925 -7.72287 1.12291e-15)
(9.32188 10.1629 -3.64645e-16)
(-28.082 -11.1506 0)
(-4.94392 3.16329 1.51205e-15)
(6.88905 -10.0256 1.73945e-15)
(-11.013 15.1634 8.6516e-16)
(-11.3127 18.0102 0)
(-10.1229 -14.6911 -5.63576e-17)
(4.66737 7.91328 0)
(4.5038 3.34511 1.03202e-15)
(0.847527 1.97965 0)
(2.96931 -1.103 6.66368e-16)
(-4.19551 3.7936 -8.02125e-17)
(8.57627 -1.30433 -1.25572e-15)
(0.0715307 -3.09198 -8.32748e-16)
(-10.1584 -11.4616 -8.68203e-16)
(-0.907977 2.67805 0)
(0.4776 1.77524 -5.91427e-16)
(28.8178 -7.71386 6.11846e-16)
(-19.407 -0.24854 4.75632e-17)
(-23.3785 0.525928 -1.42514e-16)
(-2.40794 -0.187259 0)
(29.3924 0.711788 1.37689e-15)
(-17.9552 9.31886 4.50059e-16)
(-6.63881 3.17017 1.2851e-15)
(-12.8886 -2.10741 -1.67109e-16)
(4.16988 6.28828 0)
(4.26533 -7.74349 -2.37617e-15)
(-13.0199 2.85649 2.26825e-15)
(13.8566 3.30931 8.96258e-16)
(21.955 -11.2319 0)
(14.2931 2.86392 9.94968e-17)
(-23.8391 27.5367 0)
(-21.5791 -24.5396 0)
(3.51966 1.66596 2.65607e-16)
(0.341944 -2.13784 -3.50942e-16)
(-2.52969 -0.470885 1.48948e-15)
(-5.71818 3.11551 -5.63441e-18)
(17.269 4.32859 -1.41717e-15)
(11.2245 6.96707 5.19972e-16)
(-11.5413 33.0577 1.59397e-15)
(-11.0017 -30.7882 0)
(-0.124354 0.633638 -1.40233e-15)
(10.9518 -1.45516 -5.69191e-16)
(3.01348 -0.35236 0)
(1.51115 -9.81335 -4.52254e-16)
(-7.59867 3.08805 -9.30637e-16)
(-0.11429 -9.89812 3.71062e-16)
(-17.1129 14.6644 0)
(-15.7687 -12.2826 6.0148e-17)
(6.06003 1.00486 -2.47153e-16)
(0.993455 2.79478 -5.21447e-16)
(-16.6062 -0.204647 1.19632e-17)
(-21.1538 2.28752 -4.79799e-17)
(22.6849 -2.84041 0)
(6.91425 2.08181 0)
(3.62962 -0.0176079 -6.13042e-16)
(-3.02009 0.538162 2.87681e-15)
(-17.4812 14.4039 1.26147e-15)
(-11.6704 -6.08229 -9.79101e-16)
(-1.82038 -10.1799 1.05009e-15)
(4.52381 9.63729 2.91029e-15)
(0.651515 4.99481 -2.87098e-15)
(7.89857 0.0611719 0)
(25.2356 -0.412609 0)
(-0.52507 2.50427 -2.53152e-16)
(-3.51433 -1.32449 -1.19499e-15)
(-13.7936 -2.19334 -2.10919e-16)
(-3.25274 -0.506341 0)
(-5.8295 -0.434047 -2.28467e-15)
(0.935674 0.29411 -1.38815e-15)
(16.1571 -3.86631 0)
(-4.7044 -3.45633 2.59538e-15)
(3.94885 -5.39833 0)
(7.49954 -8.52687 0)
(9.42897 -6.09008 2.50853e-16)
(6.31516 -9.90508 -2.10935e-15)
(1.16673 -9.29362 0)
(20.4191 -4.21109 -2.00584e-16)
(6.4931 1.33641 -7.88242e-16)
(1.91118 -10.3142 9.42604e-16)
(0.856366 -2.27287 0)
(10.98 -12.4894 -1.16231e-17)
(15.9329 18.6852 8.25376e-18)
(2.01989 2.84669 -1.07883e-16)
(8.83897 3.90517 0)
(-6.95531 -1.3956 3.70158e-15)
(-4.55648 2.34742 7.98848e-16)
(-8.05432 -3.75331 -3.6348e-17)
(-11.8407 -27.7488 -1.25918e-15)
(13.4744 -1.83985 0)
(-0.863705 1.54175 -2.87316e-15)
(-6.00592 1.24528 -1.38141e-15)
(16.7603 -0.717309 7.5369e-16)
(3.23469 -0.748578 -7.40642e-18)
(-12.8717 -3.20349 1.24136e-16)
(-18.5785 8.14468 -1.92876e-16)
(16.5893 12.0794 1.78749e-16)
(6.54753 -3.16056 0)
(5.56094 0.923799 -1.59097e-15)
(3.37135 0.565818 -7.50946e-16)
(-4.69903 5.32199 2.80167e-16)
(0.482137 3.49675 0)
(-4.71884 0.437644 1.47691e-15)
(4.68397 6.199 9.34293e-19)
(-0.423904 -3.54165 -3.06062e-15)
(-16.9822 -2.08952 0)
(-2.00921 0.020369 3.11158e-15)
(13.5414 8.44 0)
(3.48777 0.386165 -5.83554e-16)
(-5.41232 2.90306 0)
(7.76925 -0.764475 1.31268e-16)
(-0.290275 2.85563 0)
(8.01242 -0.543606 0)
(-5.14359 -2.46373 1.37412e-15)
(-12.3328 8.96836 2.83675e-15)
(-11.2963 4.8031 -9.54231e-16)
(3.67386 -0.0533573 1.09405e-16)
(-1.13816 2.64593 2.92866e-15)
(10.891 2.63338 -2.71022e-16)
(-5.28581 -3.70368 -2.98584e-16)
(0.776241 -5.72627 0)
(5.02645 -2.45585 -1.58823e-15)
(-6.13119 2.16316 -1.92187e-15)
(-14.0929 23.1848 1.54172e-16)
(-1.47766 0.753366 0)
(1.19577 -4.5151 1.49698e-15)
(11.977 -0.106173 0)
(19.0993 -4.02378 0)
(8.12375 -4.94247 0)
(9.02758 12.7139 7.77117e-16)
(2.22472 -1.43552 1.63651e-15)
(2.20136 -1.08025 -9.81736e-17)
(-2.22108 -0.399185 2.18717e-15)
(-18.2069 0.660464 -3.84513e-17)
(-22.5053 0.0622123 6.40842e-17)
(29.3849 -8.11575 -2.41313e-16)
(12.898 -10.28 9.7028e-16)
(-2.2142 -6.52422 1.43203e-15)
(-24.2004 16.4445 0)
(-12.8136 10.1958 -1.94236e-16)
(-8.48314 -4.2455 1.45289e-16)
(6.16567 5.91199 2.93172e-16)
(8.20935 0.574216 -2.79765e-17)
(0.805303 -5.87116 0)
(-0.679767 10.3012 -1.06143e-16)
(-22.5324 -11.5035 5.7612e-17)
(-26.5858 13.7493 -8.37471e-17)
(2.53805 4.23045 7.56419e-16)
(12.6257 -8.43156 2.3136e-15)
(-5.05917 -1.41311 -2.28962e-15)
(16.3393 -1.06133 0)
(-0.303832 -3.82714 -1.59127e-15)
(8.18175 -0.911917 1.77997e-16)
(-1.27797 -8.26381 2.43685e-15)
(-7.99112 1.49121 -5.16131e-16)
(13.1556 4.41641 0)
(-11.4106 -0.258876 0)
(-14.3986 2.83129 0)
(-4.19315 1.21857 0)
(5.46211 -4.50659 -8.14053e-16)
(13.1176 1.59685 1.36773e-16)
(0.30219 1.11276 1.61853e-15)
(2.57259 0.690676 -1.48486e-15)
(-4.07792 0.800105 0)
(1.50984 6.77271 1.2647e-15)
(-1.08064 1.83823 -3.62873e-16)
(24.4877 4.89644 -1.8643e-16)
(-2.2276 1.75279 0)
(-7.31254 -4.39053 -1.44561e-15)
(-2.83954 -0.487066 0)
(-27.4446 1.07208 -1.26739e-16)
(-21.486 -0.15079 7.86462e-17)
(-6.75921 -3.90687 4.91336e-17)
(-5.01858 5.39426 -3.13913e-17)
(3.81687 10.0735 -9.69661e-16)
(-20.1957 14.0493 -5.9635e-16)
(-18.1385 -12.1929 3.59196e-16)
(-1.73997 -0.869787 -1.62707e-15)
(6.599 2.58615 0)
(0.990679 2.78987 6.94258e-16)
(2.63596 -6.92043 1.32718e-15)
(-4.29822 -5.06948 -1.02584e-15)
(-2.08643 12.3994 1.06819e-15)
(-8.08289 4.36686 9.96295e-16)
(-3.2425 10.5445 -1.37351e-16)
(-0.23013 9.04133 0)
(-5.84333 -0.518225 0)
(-3.92588 -0.596601 -1.17798e-15)
(-8.02417 1.81529 2.10171e-17)
(8.26955 -2.88825 -1.82686e-15)
(1.14202 -3.27581 -1.52811e-15)
(1.30936 0.40983 2.95522e-15)
(-11.3353 3.63086 3.60372e-15)
(0.70891 0.19024 -1.59174e-16)
(-6.92382 -1.2325 0)
(-9.13879 -12.2086 0)
(0.223317 23.4578 1.02502e-16)
(-5.45067 -0.792614 0)
(-0.89477 -2.20287 9.22633e-18)
(2.94211 5.10003 3.00167e-17)
(-18.2152 0.546171 2.23968e-16)
(-15.287 -0.390652 -1.37406e-16)
(3.57098 2.1657 0)
(-15.881 8.45512 0)
(-13.9 -6.2148 0)
(-6.86057 9.5571 0)
(8.051 3.26834 0)
(-2.49422 5.76056 6.48285e-16)
(-24.3373 12.7493 -2.82809e-16)
(-21.3779 -10.1148 1.36909e-16)
(14.165 -0.630093 7.59285e-17)
(-10.8692 -2.44072 1.63778e-15)
(2.47219 -2.53723 0)
(-4.13352 -3.68717 -2.37545e-15)
(-10.3688 2.8931 -1.22198e-15)
(-15.3133 28.677 2.76652e-16)
(-14.6298 -27.0999 -2.03892e-16)
(-1.26516 -3.1283 0)
(25.779 -6.49763 5.09556e-17)
(1.03039 -3.5404 -1.34693e-15)
(0.502594 9.37556 1.14876e-15)
(-23.2819 7.41953 -4.26942e-16)
(-20.2717 -5.95984 2.43782e-16)
(-22.9024 -8.89988 -2.51379e-16)
(-26.2072 11.0132 4.95209e-16)
(5.28069 -0.817421 0)
(-6.62682 7.17071 0)
(7.65032 2.61281 7.78271e-16)
(-2.72036 5.3281 -2.20875e-15)
(-11.9524 -5.27049 6.35985e-16)
(-11.6485 21.1757 -1.04098e-15)
(-10.0004 -20.3078 2.06161e-16)
(12.3928 13.2941 -7.2171e-16)
(4.64453 6.03608 2.86171e-15)
(1.82893 0.179831 0)
(1.99378 5.38291 0)
(1.28112 -0.151216 -5.20085e-19)
(-23.9912 8.58956 1.90998e-16)
(-1.47129 4.21496 0)
(-38.9625 17.5904 -1.02731e-15)
(-1.6232 9.95313 -5.03594e-16)
(4.95456 -1.04097 -7.2137e-16)
(-1.65771 3.12076 -2.67831e-15)
(2.04935 -3.46422 -1.12613e-15)
(-38.4795 38.8325 9.22633e-16)
(-3.73534 -1.17157 0)
(1.52205 -1.28954 -1.59314e-17)
(-0.193491 -3.7667 -9.5813e-17)
(-12.5121 6.03205 -4.97738e-17)
(10.7623 13.2046 -3.68567e-16)
(4.96889 6.99026 1.30798e-16)
(-0.173736 1.18699 0)
(-3.59666 0.567209 1.15869e-15)
(-3.53931 1.32591 0)
(15.5693 11.3311 1.74677e-15)
(4.72847 10.6921 0)
(-17.1442 -1.29451 -9.88687e-16)
(-0.922826 6.68477 -5.00057e-15)
(-5.57882 -7.74806 1.40407e-15)
(6.41776 0.33355 -3.12751e-17)
(-15.7378 -2.67152 2.27261e-16)
(12.503 -2.08215 0)
(1.74836 -1.65473 0)
(-1.63229 2.55693 0)
(17.1516 10.9337 2.71969e-16)
(3.39464 -2.15223 0)
(-19.593 -4.79666 0)
(-4.44147 5.37128 0)
(1.75784 0.754871 0)
(-4.75126 -0.420519 0)
(-1.26947 -4.09434 0)
(4.67034 1.75529 2.01755e-15)
(0.424292 -2.82133 0)
(1.25871 -0.881743 0)
(-29.425 -11.7353 0)
(20.9441 -8.93721 -4.97008e-17)
(-2.50691 4.12386 0)
(19.1042 12.3263 -1.33073e-16)
(-23.7744 -7.42417 1.10009e-15)
(12.9192 7.08655 0)
(6.86966 -6.69209 1.02586e-15)
(11.262 -13.139 2.01048e-15)
(28.9604 2.51585 6.87262e-16)
(5.16497 -3.09617 1.53217e-15)
(2.35456 7.84536 0)
(-4.46754 2.15408 -2.964e-15)
(-2.72764 -2.12985 -2.5081e-16)
(-6.25697 -3.1804 1.59341e-16)
(16.5895 -3.76174 1.18218e-15)
(7.4396 4.27915 0)
(3.68514 9.19668 -1.9108e-16)
(9.55104 -6.71808 4.34376e-16)
(-1.841 -3.08495 1.25825e-15)
(-3.6026 -5.86729 0)
(10.6602 -2.11836 -9.86682e-16)
(-22.8575 -2.01366 0)
(-13.8311 7.02724 0)
(-0.94286 2.11993 -1.20605e-15)
(1.28338 2.80385 0)
(-6.34171 4.19923 -1.56848e-15)
(2.58768 -2.02596 0)
(-1.48312 2.44304 6.99394e-16)
(-20.1651 5.96975 0)
(-17.1509 -4.88773 0)
(-10.5987 -20.6011 1.44493e-15)
(-2.60894 0.264629 1.61413e-15)
(1.87205 15.2611 -2.52158e-15)
(-5.75382 -5.90178 1.66981e-15)
(0.188659 -0.351184 -1.47738e-16)
(13.2874 1.9014 0)
(1.15769 0.949469 0)
(8.26701 -2.05651 -3.02461e-16)
(15.9782 -6.82537 3.11749e-16)
(-3.03839 6.29655 0)
(0.650112 6.31994 -2.26373e-16)
(-3.67147 -1.30377 3.07744e-16)
(5.22012 -1.51271 1.36252e-17)
(6.72084 5.16104 4.5821e-16)
(4.58648 5.1483 1.56049e-15)
(-0.342373 2.02644 2.88121e-15)
(-4.00645 1.74335 3.04793e-17)
(2.61258 -5.3688 0)
(-2.41834 -4.71352 -1.33769e-15)
(7.60172 -17.554 2.33764e-15)
(-1.34217 -6.7809 -1.37144e-15)
(-29.6737 3.96358 -9.89677e-16)
(13.1916 -1.39648 1.33426e-17)
(18.9006 -3.37043 0)
(-3.16833 3.5855 0)
(-7.35526 -4.03106 0)
(-0.14988 -7.50782 3.02644e-16)
(-7.31433 -3.59224 0)
(17.7806 1.99074 1.39585e-16)
(2.7711 3.51888 1.53586e-15)
(-7.68185 12.9807 0)
(-10.009 18.9002 2.16496e-16)
(-9.3912 -17.3118 -1.48565e-16)
(-0.945014 6.19148 -2.57225e-15)
(0.788931 -8.27269 -3.5374e-16)
(-4.70661 8.66251 -1.50032e-15)
(0.227518 6.06691 0)
(1.15482 -1.15687 0)
(-0.11344 -3.26442 -3.23158e-15)
(-7.56974 -5.48048 1.98923e-15)
(9.70494 -4.03851 0)
(-1.85127 0.17278 0)
(9.15343 10.8064 2.3729e-16)
(-6.20976 -1.90619 2.4506e-15)
(23.9238 5.05952 -1.33014e-15)
(-7.24966 -1.41532 1.35225e-15)
(-15.0177 8.49818 2.285e-16)
(-2.08427 3.7868 0)
(0.0895928 -2.43326 -2.78527e-15)
(1.78383 -8.0661 4.17353e-15)
(-6.5646 -18.5023 5.73199e-16)
(-1.66777 -11.6936 9.26699e-16)
(-8.88075 18.6543 0)
(-8.74148 -15.9513 0)
(-2.16087 -3.56571 1.41704e-15)
(-20.5412 16.5599 0)
(-18.6687 -13.7917 0)
(-8.11809 6.5581 0)
(-1.26446 1.4321 -1.42103e-15)
(7.81529 3.20798 0)
(-4.75967 2.74401 0)
(-7.55131 -0.267191 0)
(20.8851 -2.42 4.58512e-16)
(13.8362 -1.98154 0)
(1.69349 -1.02664 0)
(0.167663 9.81738 0)
(1.90391 -0.917714 -1.23357e-15)
(7.88702 1.68735 8.2553e-16)
(-11.1864 -14.1541 -3.2824e-16)
(-12.2109 15.7602 5.84196e-16)
(-1.10515 -4.3117 2.32024e-15)
(4.14048 3.11753 2.75755e-15)
(-2.64623 -4.03023 0)
(-10.8473 0.00708319 -1.47836e-15)
(-7.77111 2.01876 1.20577e-15)
(-8.62006 5.90835 0)
(5.53403 4.12407 0)
(9.42981 12.3566 0)
(-3.56652 3.76472 1.55371e-15)
(6.93637 -0.261579 -1.45657e-16)
(-7.37964 5.96806 1.88495e-16)
(-5.63765 -2.12014 -1.16462e-16)
(5.52881 6.25746 -3.82172e-16)
(-46.3904 -4.13084 0)
(0.648368 6.46753 -5.87559e-16)
(-14.4928 3.86823 -9.40319e-16)
(-5.77905 9.99042 -1.13151e-15)
(-23.0482 12.4425 3.82836e-16)
(-6.00013 -5.71317 2.90291e-15)
(2.71028 -2.07102 -3.25507e-15)
(2.44548 11.6696 -1.90402e-16)
(-1.77463 -0.744683 6.32458e-16)
(7.15405 -8.71591 1.42025e-15)
(0.555852 -1.45294 3.35692e-15)
(8.2473 -4.47584 0)
(11.7233 0.293147 2.35811e-16)
(-25.177 12.0707 1.53954e-16)
(-21.8098 -10.0586 -6.47623e-17)
(-10.2375 3.65108 0)
(-0.33393 -0.81699 -2.91158e-15)
(-16.0674 0.695621 -1.44875e-15)
(1.60629 7.09944 0)
(13.6743 -6.54205 -3.4496e-16)
(16.289 7.39612 0)
(24.865 7.02234 3.85386e-18)
(-2.1511 2.53894 2.90985e-15)
(-9.05222 10.8482 1.02385e-15)
(9.58752 9.54718 1.98064e-17)
(-21.5086 2.82867 -5.97452e-17)
(-17.9245 -2.2744 1.70833e-16)
(16.2586 11.3175 9.36137e-17)
(2.20433 4.07718 0)
(-1.2441 4.57015 6.86237e-16)
(0.0423238 -0.106166 7.33893e-16)
(-10.3266 2.63864 3.07395e-16)
(12.5476 10.8013 2.83202e-17)
(-4.37789 -3.93968 4.9776e-17)
(-2.1914 -10.6738 -4.37411e-17)
(6.33891 5.19267 0)
(3.01066 -3.03302 1.81427e-16)
(4.63651 -2.22181 0)
(0.250837 4.60384 0)
(-7.61709 -1.34148 1.62493e-15)
(-7.90953 -0.112979 -1.50978e-15)
(-3.09677 0.00190148 1.27534e-15)
(-8.13566 1.4129 -1.89006e-15)
(-2.03273 1.42338 0)
(-1.41361 -7.15397 -1.50366e-15)
(23.6437 4.82659 4.49297e-16)
(-10.247 32.0397 0)
(2.06754 -2.15426 3.25856e-17)
(-3.94741 5.92848 1.04473e-15)
(19.0257 -3.67829 1.8474e-16)
(38.3468 13.1049 0)
(-6.76778 1.74626 -2.48342e-16)
(-4.94522 1.05879 1.66827e-16)
(3.27322 0.401811 9.49409e-16)
(-0.529616 -8.00305 0)
(7.73111 0.280589 -1.18709e-15)
(-13.2355 -0.896902 1.20168e-15)
(7.12696 -1.84857 2.90197e-16)
(-2.1701 -6.96062 -3.16731e-15)
(-6.75783 4.16813 -4.63886e-16)
(-2.36378 2.05172 1.28746e-15)
(9.73346 9.24617 -6.77428e-17)
(-8.71646 0.600253 1.29744e-16)
(-12.3242 3.50463 -1.97312e-16)
(8.0393 11.0349 -1.0402e-15)
(9.56876 -0.113089 2.29914e-15)
(19.3901 0.000133097 -6.00407e-17)
(-4.4701 -0.167855 6.27368e-18)
(9.74004 11.0055 -5.8174e-16)
(-6.15643 -0.0238567 -1.19424e-15)
(-3.81657 1.15116 1.36153e-15)
(3.94024 8.34424 -2.68114e-15)
(-17.5943 18.5844 2.88048e-16)
(3.79278 1.90011 -6.04904e-16)
(-8.42033 14.0495 -5.14893e-16)
(4.10457 -2.19827 7.91782e-16)
(-4.94828 -11.2406 -2.48531e-16)
(-11.0207 -0.636297 0)
(-2.68945 3.34658 2.46839e-15)
(-12.7529 -6.80529 4.80973e-16)
(10.7016 5.00574 -1.09052e-16)
(5.4819 1.74827 2.14943e-16)
(-0.468912 3.84814 -1.6186e-15)
(2.51392 -9.94303 0)
(-1.41666 -5.98598 0)
(1.44832 -2.47176 2.463e-15)
(9.19117 5.72422 0)
(21.1041 8.69798 -1.26014e-15)
(-10.265 -16.3514 -3.48396e-16)
(-11.5691 18.6749 -1.09936e-17)
(-4.12929 -22.8337 3.73148e-16)
(-4.52552 24.1762 -1.07492e-15)
(7.23046 -1.37611 0)
(-18.0535 41.4314 -8.73151e-17)
(-0.775123 8.50537 2.00413e-15)
(-3.66317 6.92445 0)
(-0.957222 4.79116 1.60461e-15)
(5.52449 3.85102 1.90578e-16)
(19.0867 -18.9091 0)
(-11.6725 -6.37949 0)
(-10.1862 0.8457 -4.29368e-16)
(-9.70458 -2.49869 -1.1449e-15)
(-0.0963861 8.31771 -4.19502e-17)
(-6.71345 -11.0643 0)
(-7.06815 13.9878 -5.92708e-16)
(2.27021 4.49239 2.03327e-15)
(-10.702 19.1271 2.59539e-16)
(-10.0641 -17.8428 -1.76798e-16)
(16.996 5.21206 -3.38729e-18)
(-9.31926 2.21042 1.75782e-16)
(-5.53969 1.89183 -1.12814e-16)
(3.42864 5.49399 0)
(12.4877 6.61146 0)
(18.2266 -3.12444 1.49315e-15)
(2.93136 -0.229075 -1.52949e-15)
(3.94417 7.2345 1.26395e-15)
(5.53175 6.92009 -2.71126e-16)
(-4.6915 6.07647 -5.90868e-16)
(0.824793 -2.16271 0)
(2.37201 0.129184 9.19161e-17)
(18.1774 2.90385 -4.84066e-16)
(-9.4717 -0.00370211 -4.39684e-16)
(-7.81338 -3.80672 0)
(8.07324 6.27271 1.089e-16)
(-0.10183 -0.937242 8.77594e-17)
(-0.903654 -1.23653 -3.65292e-15)
(-10.0154 5.61575 -2.86308e-16)
(1.15522 -2.83021 1.08203e-16)
(-1.57053 7.72224 -1.50484e-16)
(-1.33645 4.59278 7.10534e-16)
(-4.56296 -0.273962 -7.01639e-16)
(0.537152 1.75878 1.67329e-15)
(8.32201 2.1564 3.23981e-17)
(23.7147 6.03573 -3.21809e-17)
(-8.99182 -3.54611 0)
(-12.1706 8.34851 0)
(22.5013 -1.62259 1.49504e-15)
(1.6166 9.42499 2.73041e-15)
(-10.0429 12.1572 0)
(4.63272 2.21363 -1.43275e-15)
(3.35566 1.98378 -1.7297e-15)
(5.26141 1.83251 1.28305e-15)
(-0.0638027 -3.39145 6.67436e-16)
(4.68812 3.96659 0)
(1.6411 1.24645 1.58381e-15)
(5.25724 -1.52919 0)
(-9.19254 1.11491 1.11362e-15)
(3.10346 6.01504 1.30168e-15)
(-14.1754 17.9706 4.37694e-16)
(-7.26839 -0.146111 0)
(-6.63317 22.434 0)
(3.63259 0.444313 0)
(9.69724 3.92611 8.95e-17)
(4.6655 2.39406 0)
(7.52508 -2.9859 1.72573e-17)
(-6.68992 11.2085 -1.032e-15)
(-5.91563 -8.77486 -4.30556e-16)
(2.01972 1.61651 -4.21367e-16)
(-14.0025 -6.39645 -7.12842e-16)
(-16.4766 10.7827 0)
(-7.13913 -2.43962 0)
(0.981661 9.45581 -1.99545e-17)
(1.9591 -0.276602 1.0482e-15)
(8.69459 15.5962 -1.36069e-16)
(0.610048 -9.47935 0)
(4.27625 1.71571 -1.44776e-15)
(1.83407 -3.00894 0)
(-24.373 15.1328 -3.6051e-16)
(24.7998 9.2476 0)
(-9.36585 23.6974 6.15439e-16)
(-1.03836 0.117608 -3.34385e-15)
(-8.85827 21.6911 5.9349e-16)
(9.83835 1.12046 1.47482e-15)
(-3.26365 0.217253 0)
(-16.5449 0.581972 0)
(23.0374 -2.99126 0)
(5.72819 0.0919474 7.9172e-17)
(11.1062 7.78957 -5.60818e-17)
(4.93726 -3.59325 2.84664e-15)
(-19.0076 14.265 -1.45151e-16)
(-17.2023 -11.4479 8.8836e-17)
(10.4157 14.1274 0)
(-8.55493 -5.76742 1.29765e-15)
(31.4228 7.48338 -3.9803e-16)
(8.1142 6.9019 0)
(7.27837 13.1157 0)
(4.25167 -0.586289 -1.40013e-15)
(-1.69359 -2.50796 -1.18058e-15)
(-0.717302 -0.392215 1.57449e-15)
(1.55476 12.0057 -4.49541e-16)
(3.94714 3.66784 -5.13666e-16)
(-4.76739 0.800637 -2.84383e-15)
(-12.5628 3.20685 4.88979e-17)
(-10.2651 -0.641793 -2.48693e-17)
(-0.929743 3.35467 7.72265e-16)
(0.251015 -1.60224 -1.1879e-15)
(4.88392 2.73204 0)
(-3.90949 9.01383 -7.61663e-16)
(-9.41941 1.30055 -1.19544e-15)
(22.9806 3.47022 -2.08037e-16)
(18.5918 -1.7749 0)
(30.7002 11.8634 2.36028e-16)
(29.3517 10.1097 0)
(-6.17733 35.6033 0)
(2.57522 -2.26595 1.24304e-15)
(7.59163 -16.7588 6.83122e-16)
(7.17014 -4.43262 -1.23391e-15)
(-10.3921 -10.9041 0)
(16.6979 5.91924 0)
(-0.791237 13.5182 -1.05249e-15)
(-3.04348 12.5996 5.47747e-16)
(10.4962 4.84631 -6.45053e-16)
(-6.7005 -1.08949 0)
(-10.52 18.568 0)
(2.31599 1.30249 -3.50082e-16)
(12.6031 -0.218407 -2.49892e-18)
(-6.60893 -0.329668 0)
(0.873339 -3.10002 1.03481e-16)
(7.19964 10.6433 -7.47502e-17)
(-3.5443 5.46176 -4.75483e-16)
(-17.7599 5.89407 1.12936e-16)
(-13.1851 -1.98489 -7.21872e-17)
(18.4617 -2.4108 0)
(19.8527 -5.57951 9.81256e-16)
(-0.961869 2.00009 2.60341e-15)
(-2.91322 -3.65777 -1.59244e-15)
(2.32927 5.52196 -1.5522e-15)
(-0.226871 0.907397 0)
(15.8382 6.74726 -3.07326e-16)
(15.2227 12.7285 1.37425e-16)
(-5.94471 18.4309 1.03707e-15)
(-5.55789 -16.409 3.86099e-16)
(-1.20601 -4.56425 9.08341e-16)
(-20.3706 3.89965 0)
(-1.02935 -2.90736 0)
(5.81797 1.98765 -1.67268e-15)
(-1.2222 0.166129 2.94067e-15)
(7.04731 -2.40571 -2.57419e-16)
(-0.0559425 -2.80422 3.19147e-16)
(-10.4522 11.0471 -1.03752e-15)
(11.4804 -2.07063 0)
(6.82373 0.49593 -1.57123e-16)
(-6.12094 -1.42828 0)
(0.386474 7.42897 0)
(6.88813 2.74911 7.338e-16)
(20.7989 3.36964 2.10216e-15)
(-1.67536 -3.62823 7.54783e-16)
(-4.9065 -0.726713 0)
(3.73558 7.29691 -3.74927e-16)
(-3.61338 1.76487 -8.55233e-16)
(-8.3376 23.6042 6.00216e-16)
(-12.5636 38.4925 8.40078e-17)
(5.85227 9.31572 1.33611e-16)
(10.7372 1.8189 0)
(7.97464 -2.61465 0)
(-8.88554 -13.2527 4.77556e-16)
(-6.71199 -19.3855 -4.02899e-16)
(-11.0199 -2.41092 6.00127e-16)
(-9.5379 2.31382 -1.07128e-16)
(-6.91712 1.18466 6.90431e-17)
(-5.84916 -1.6534 0)
(8.11464 9.23278 -4.07512e-16)
(-7.03115 2.32183 2.93971e-16)
(-9.57908 5.37661 7.81359e-16)
(-0.820516 -2.76488 -1.01264e-15)
(4.29699 -8.225 6.24314e-17)
(13.9201 9.59081 2.79105e-16)
(3.96081 5.88635 -1.14407e-15)
(1.62303 11.3416 1.0729e-15)
(-12.1262 -27.3413 4.01499e-16)
(-2.41917 4.62405 2.19956e-15)
(-0.626585 2.00405 -1.29622e-16)
(0.506513 1.79252 8.53887e-17)
(-10.0125 1.72347 0)
(4.93419 3.62415 -8.08749e-16)
(-3.82164 -2.70161 -6.54146e-16)
(4.88102 3.8005 -2.61795e-15)
(-0.782254 3.53711 -1.70311e-16)
(17.0339 10.7482 -1.06376e-15)
(-1.96643 -3.56643 1.63921e-15)
(0.0173396 5.85442 -1.0134e-15)
(1.13708 12.2832 -2.8662e-17)
(-5.99324 -6.5891 0)
(-1.86391 -9.64125 -8.41733e-16)
(2.91916 1.91185 7.51792e-16)
(16.4444 15.1392 7.34082e-17)
(-13.4645 -5.14153 -1.74857e-16)
(-15.4375 7.84011 8.51158e-16)
(-1.54898 -12.0057 9.51622e-16)
(12.5949 10.8966 0)
(24.1899 2.05707 2.2713e-16)
(10.4304 10.0571 8.5869e-17)
(-5.7415 -12.2924 7.33139e-16)
(-7.03187 16.5608 -1.06455e-15)
(-1.69276 -9.11001 -1.54953e-15)
(0.877501 1.47573 -1.74666e-15)
(0.296243 -0.984523 -1.47889e-15)
(-6.44416 -5.35203 -6.26218e-16)
(-8.08039 8.37883 9.22264e-16)
(0.796858 3.63637 1.39572e-15)
(2.74172 -2.27211 3.13107e-15)
(16.8306 -2.54645 -1.54214e-16)
(5.66239 4.68546 0)
(8.98652 -9.12636 1.24571e-15)
(-20.9573 -1.81524 -1.04083e-15)
(4.91754 1.56875 2.38795e-15)
(-9.87573 -14.5854 5.56479e-16)
(-9.21298 6.45711 0)
(14.0744 11.8504 0)
(-2.26857 -0.443607 -8.61581e-18)
(-12.365 -27.042 -8.61686e-16)
(21.4474 -7.34881 -6.27005e-16)
(12.6649 6.83001 0)
(-6.75847 0.50481 3.53528e-15)
(9.91453 -1.08674 0)
(3.22008 -0.956114 -6.66813e-16)
(-2.53477 -1.04536 0)
(1.64962 0.163717 1.96893e-15)
(7.48967 -6.02051 -1.43892e-15)
(6.72009 9.01903 2.39673e-16)
(-1.85836 -4.51386 -1.19143e-16)
(9.25055 11.2869 0)
(-0.97171 -0.211394 0)
(3.56201 3.82912 0)
(4.66266 1.16985 1.20584e-15)
(0.622214 -1.50372 -7.92679e-16)
(11.9633 12.1888 0)
(10.2293 0.31135 3.10109e-17)
(-10.9964 32.5461 0)
(11.3079 6.98853 8.53875e-18)
(-9.86362 16.9133 -8.26466e-16)
(1.06949 0.65799 3.89887e-16)
(1.19693 0.0118933 0)
(-2.42633 2.76248 6.79259e-16)
(5.85597 5.062 -1.69127e-15)
(-12.3324 14.0086 5.67721e-16)
(17.7178 9.24536 0)
(2.95243 0.867756 2.25571e-15)
(0.29801 -1.4776 -3.76297e-16)
(6.77909 5.91038 -4.41582e-16)
(-3.56405 -2.54449 0)
(7.48102 13.5058 1.10863e-16)
(-2.59706 -1.90994 -2.45218e-15)
(-1.19737 3.09577 -6.08092e-16)
(-4.85605 4.20006 -8.21825e-16)
(18.7829 6.28602 -8.58644e-16)
(6.14358 -11.5396 0)
(13.2252 20.2262 0)
(-2.36318 2.55009 -2.76156e-15)
(11.7588 4.25006 -1.04235e-15)
(13.3847 -1.03642 0)
(28.2416 -0.317465 9.60661e-17)
(25.1095 -6.80199 0)
(23.1819 6.69744 -1.13461e-16)
(2.57752 4.8786 1.50355e-15)
(2.45276 1.74733 -2.91332e-15)
(-5.31002 1.81491 0)
(8.38922 10.8726 0)
(-1.64631 -6.48896 -5.24334e-16)
(-17.1598 25.6129 0)
(-16.4365 -23.6981 0)
(-12.5996 11.0578 6.84944e-17)
(-10.8881 -8.42353 6.50432e-17)
(4.79818 9.1122 -6.3108e-18)
(-3.33461 -0.90001 -7.10032e-16)
(-0.938499 -0.79962 0)
(-1.50838 3.82104 0)
(18.958 -3.72832 -1.99307e-15)
(1.20839 4.25605 1.80919e-16)
(-2.35134 -3.31224 1.36379e-15)
(-3.53182 2.70704 -2.77965e-15)
(-3.75246 0.873776 1.53054e-15)
(-0.273499 2.36728 -2.0718e-16)
(9.70793 3.41706 -1.11266e-16)
(-8.05796 -3.99673 8.4281e-17)
(-9.63574 7.27842 -1.33797e-16)
(-2.71053 5.85275 -7.75665e-17)
(-2.35259 -2.88681 4.3332e-17)
(-7.12793 3.83212 0)
(-4.91752 -0.285307 0)
(1.73011 -9.42885 -1.40845e-16)
(8.57111 15.6059 1.00747e-16)
(-5.76989 -0.366746 4.35675e-16)
(-0.320627 7.17385 -3.17366e-16)
(-8.96268 1.40344 -1.49032e-15)
(-1.86933 0.00641527 0)
(5.80402 2.64039 4.57876e-16)
(1.88484 10.5349 4.71319e-17)
(24.7975 4.98627 -2.47219e-16)
(0.903224 1.92179 0)
(-2.92512 -4.2722 0)
(11.6452 11.939 -7.21013e-16)
(-0.465637 1.35635 1.55137e-15)
(2.91322 -1.57799 0)
(22.2126 0.791724 -1.4916e-15)
(23.8127 2.92767 1.38704e-15)
(26.274 4.05348 -1.36214e-16)
(8.84658 -1.64779 5.11927e-16)
(-15.4435 8.87184 4.20074e-16)
(-13.875 -7.30901 -2.52217e-16)
(1.36442 -3.02566 -1.68751e-15)
(-1.13706 -1.50231 1.61696e-15)
(-15.7389 7.48592 0)
(-13.8555 -6.19565 0)
(-12.9479 -6.73138 0)
(-7.77073 -1.04331 0)
(-4.85304 4.25466 0)
(8.02581 0.651921 -1.5052e-15)
(20.9227 0.21982 0)
(30.9249 9.50018 -2.66678e-16)
(-3.36118 -3.70094 1.02729e-16)
(-3.39425 6.18973 -1.64503e-16)
(-17.8597 8.54776 -1.41431e-16)
(-15.2102 -5.54469 8.95134e-17)
(2.10784 -4.31886 -6.34196e-16)
(6.15459 7.98124 5.94685e-16)
(3.47904 -3.35706 3.05361e-16)
(-1.48944 5.1751 0)
(4.63194 2.59961 -2.61034e-16)
(3.66561 -7.0056 -7.22036e-16)
(9.11478 0.427141 0)
(5.86569 7.32585 0)
(14.1034 -6.56477 -2.01432e-15)
(-18.5255 11.5471 -1.09892e-15)
(7.88509 3.23754 1.39716e-15)
(1.35347 -6.88539 -1.48651e-16)
(7.19037 12.7777 0)
(-5.69034 -34.5918 -3.47419e-16)
(-27.2328 10.3393 5.87046e-17)
(-22.4778 -8.39333 -1.25684e-16)
(1.08093 -6.94677 -6.81027e-16)
(3.64289 0.30157 0)
(33.8285 9.62043 6.66555e-18)
(1.86396 4.15023 1.43863e-15)
(-0.476357 4.4545 7.26748e-16)
(-8.76169 15.7558 1.13837e-15)
(-8.19206 -12.7348 5.79347e-16)
(4.93444 -5.27671 1.54919e-16)
(33.2806 2.00387 0)
(-5.1271 9.57156 2.6391e-16)
(24.5682 6.60172 -3.32155e-16)
(-5.59349 2.08719 -2.03375e-15)
(0.681722 1.75539 0)
(4.92128 -2.2266 1.53412e-15)
(3.97312 5.64109 -1.52938e-15)
(10.3545 -1.90532 0)
(12.9926 -4.24493 1.49402e-15)
(-5.63528 -7.63422 -2.56952e-15)
(-13.8105 -13.229 7.08206e-16)
(-20.7932 4.94601 0)
(-14.1272 0.0732374 0)
(18.2027 11.7904 -1.40807e-15)
(4.34753 -1.51222 8.52988e-18)
(0.306545 0.229599 -5.47575e-16)
(-0.137252 -0.848264 5.10223e-16)
(-5.23307 -0.533341 -1.32127e-15)
(-2.44918 -2.61415 0)
(-14.246 -12.4998 -8.41264e-16)
(-3.96219 2.09691 2.70121e-16)
(8.74632 -1.41841 -5.28425e-16)
(-8.14893 10.3552 -4.84949e-16)
(16.2515 2.44387 -2.24802e-16)
(-16.3308 2.19815 6.08901e-17)
(-2.72941 -0.819367 0)
(-14.8596 1.53469 -1.14385e-15)
(0.588874 -0.0134391 8.93423e-16)
(2.56016 -1.3165 0)
(3.52051 -1.84113 0)
(1.5568 1.36943 0)
(-2.40926 5.20193 7.75587e-16)
(3.41667 1.21161 -1.52347e-15)
(10.123 1.01603 1.51012e-15)
(6.23322 -1.63849 -9.30413e-16)
(-1.48064 8.16222 -4.59801e-16)
(-20.7907 -9.03844 2.03263e-15)
(1.27686 -0.132867 4.21536e-16)
(0.0514801 0.224215 1.39977e-15)
(5.40696 -2.75119 0)
(11.4352 10.8882 0)
(-24.6072 -1.28513 4.79788e-17)
(-19.2674 1.18324 3.50826e-17)
(-6.46615 -4.26143 0)
(3.6623 -10.6139 -4.80108e-16)
(-7.07745 4.97018 1.44535e-15)
(6.07221 9.80351 3.11123e-16)
(-0.905385 -4.20894 0)
(2.70052 -1.25277 -1.85077e-16)
(-1.72423 -3.30157 6.50139e-16)
(-2.81197 -2.58223 3.41574e-16)
(-4.40057 5.27484 1.87266e-15)
(-16.3112 -2.37144 -1.68638e-16)
(-12.8903 2.19513 0)
(3.59015 11.2193 -3.82831e-16)
(27.98 3.78718 7.67049e-17)
(7.99179 -5.33619 -1.34121e-17)
(1.74956 -0.414907 1.70853e-15)
(1.46379 -0.395967 -1.60988e-15)
(-12.2975 14.2661 0)
(2.94022 -0.2946 0)
(-0.624642 -1.12907 0)
(-1.05007 0.894085 -2.04456e-15)
(6.72116 -0.585951 -7.11228e-16)
(3.08965 -0.465404 -4.13478e-16)
(-13.2034 7.70911 -1.0684e-15)
(19.6714 -9.25564 1.06956e-15)
(-15.2746 9.47441 6.21445e-16)
(16.3384 6.74493 0)
(0.331781 0.399184 0)
(-0.421834 -0.0872494 -5.73641e-16)
(0.270591 0.847452 8.64812e-16)
(0.830101 -0.786705 0)
(7.29825 3.71016 -3.18315e-16)
(-4.42166 -8.38764 8.00127e-16)
(13.9656 5.73668 -1.27856e-15)
(12.9668 -5.76699 1.22906e-15)
(-15.1005 -15.6155 0)
(-15.8394 17.7564 0)
(0.284322 1.68667 1.85419e-15)
(12.4305 8.22571 0)
(27.0549 -3.6281 -2.39603e-17)
(1.48628 3.73868 -1.40659e-15)
(10.2423 3.135 -2.78377e-16)
(9.07335 6.82552 0)
(-0.421669 6.55019 2.02486e-16)
(18.8255 4.23632 3.25181e-16)
(36.5286 3.84564 3.49262e-16)
(-4.56911 -2.64209 -1.72001e-16)
(12.481 10.244 -8.7683e-16)
(2.03094 6.98008 0)
(26.9677 -4.68929 -6.92862e-16)
(15.2926 -7.44425 -1.3462e-15)
(-3.79028 26.2155 -6.49634e-16)
(-3.21558 -23.6741 0)
(-2.52072 2.80926 0)
(-2.71264 -43.7681 3.8264e-16)
(0.0999142 -1.10937 -9.65803e-18)
(0.175696 -0.614581 -1.15342e-15)
(-13.1121 13.6103 3.69268e-17)
(11.8259 -5.29099 1.80115e-15)
(1.43589 -1.9042 3.64197e-16)
(6.319 -5.33037 8.0435e-16)
(-20.8496 10.1655 -1.14753e-16)
(-18.0989 -7.82216 4.57925e-17)
(3.62796 -0.0668087 1.62466e-15)
(1.37156 -2.61604 -9.60977e-19)
(14.7457 3.57354 0)
(-2.16299 8.35209 0)
(-2.14441 7.10519 -1.10969e-15)
(5.98864 12.6532 0)
(5.86806 -4.08018 -8.93213e-16)
(1.23292 1.66199 1.6788e-15)
(2.40066 1.29194 -8.22272e-16)
(-5.60662 -5.26189 1.18178e-15)
(-1.15085 -11.9326 -4.13958e-16)
(-1.29575 14.8195 0)
(5.43982 -3.42794 0)
(5.54928 -4.35065 3.95086e-16)
(9.73203 1.62236 0)
(31.3194 -0.434273 -3.91154e-16)
(0.892449 -7.70283 0)
(3.43612 3.79719 -1.29744e-15)
(31.0048 9.76613 -2.56485e-16)
(33.3964 7.30583 -2.51441e-16)
(-2.94716 1.38021 -1.51588e-15)
(3.32371 -0.234578 -4.11324e-16)
(1.42444 -2.00033 0)
(0.640312 -0.2923 0)
(0.331917 -0.785289 1.13369e-15)
(-0.805435 2.44409 2.40613e-15)
(9.73904 -3.93627 -1.30613e-15)
(-2.93476 -7.9327 0)
(2.23254 -2.43695 2.57283e-15)
(-3.25396 0.690252 5.81967e-16)
(27.1972 4.12635 1.02902e-15)
(23.6413 3.8772 -2.5655e-17)
(-6.0854 49.4425 0)
(12.1448 -4.63515 -1.83492e-15)
(1.51184 -7.14025 -7.49713e-16)
(2.19389 2.57195 -1.58655e-15)
(22.6713 4.25251 -2.83186e-16)
(23.6104 -1.18644 0)
(2.32842 -0.431533 -2.5825e-15)
(-0.756106 9.9933 0)
(2.85896 2.89273 4.7972e-16)
(-0.244019 -4.65007 -1.0951e-15)
(-2.16094 4.05692 1.4477e-15)
(-1.34172 1.85723 0)
(-8.67443 4.80249 0)
(1.90531 3.78377 1.22747e-15)
(8.2834 6.21159 -1.94613e-16)
(-0.765353 -2.66254 1.488e-16)
(1.84827 -4.02852 0)
(4.08115 3.38106 -7.40178e-16)
(0.246426 -0.46997 0)
(-0.0166634 -0.0315924 4.28811e-16)
(-3.13662 -7.27855 -2.06573e-16)
(-7.39736 0.593309 3.21877e-16)
(31.4188 4.20906 0)
(1.35993 -0.576452 3.45813e-16)
(-15.3577 -3.27 7.00644e-17)
(-18.3801 4.2494 -7.41133e-17)
(3.42425 2.86313 3.74016e-16)
(-12.5705 -11.5324 -4.66431e-16)
(-11.9389 13.1255 -1.22579e-17)
(-2.63363 -7.8279 0)
(-0.139166 9.88434 0)
(4.04736 2.31213 6.33213e-16)
(-24.7405 -13.7225 0)
(-28.7795 16.2386 0)
(4.06342 -2.66343 2.91e-16)
(12.8015 14.4153 3.68446e-16)
(31.2429 8.03594 -1.58186e-16)
(2.30781 -4.47977 0)
(13.2215 6.43973 -5.31109e-17)
(15.841 2.84083 0)
(13.7063 7.63127 -1.40266e-16)
(2.47935 1.75835 1.05987e-16)
(25.4847 3.19763 -2.97256e-16)
(-5.29153 1.99544 0)
(1.18497 2.35475 -2.75e-15)
(-4.39084 4.73776 7.82961e-16)
(-1.71127 1.17701 -8.25092e-16)
(10.8896 -2.56034 0)
(-10.7697 1.91869 1.96099e-15)
(5.12702 9.78899 0)
(-3.85993 2.5927 0)
(6.44714 0.708301 0)
(24.0588 3.59923 0)
(2.7889 0.637527 1.70236e-15)
(-7.72236 13.7434 6.65525e-16)
(-7.27896 -12.5699 -4.30712e-16)
(9.21491 -0.122494 -6.98197e-16)
(2.49013 -15.278 -3.88844e-16)
(-19.6531 19.1938 -2.69844e-16)
(6.91128 0.181835 1.49844e-15)
(5.61658 -0.229154 -3.27886e-16)
(-26.5992 -7.0656 0)
(-6.60229 11.9371 -2.5647e-16)
(6.4048 2.54449 1.41682e-15)
(17.2777 14.9246 0)
(11.7775 -6.91595 0)
(33.6769 -1.05871 0)
(0.886124 -1.15269 0)
(-2.09831 0.97154 1.77979e-15)
(-11.8919 28.0418 -6.61949e-16)
(-8.09158 1.27633 0)
(11.0317 0.287784 0)
(5.26471 -2.03421 0)
(0.626871 2.23167 -1.72473e-15)
(32.963 -0.588468 8.98749e-17)
(8.87494 -2.53019 -2.2704e-16)
(-6.91713 30.1192 0)
(-3.91018 1.05918 0)
(21.7756 -0.826692 -8.40925e-16)
(-3.25754 16.7818 -2.0991e-16)
(8.61597 2.65237 2.93636e-15)
(-0.240125 13.7897 -8.77229e-16)
(40.7715 1.59202 5.55245e-16)
(4.81372 3.46719 2.76599e-16)
(-12.9749 -6.37779 2.28033e-16)
(7.50164 2.08896 -8.1671e-16)
(-6.88139 -0.79538 3.67115e-17)
(-5.11942 3.78421 -2.81307e-17)
(11.3582 8.39506 0)
(-6.20043 3.19137 1.52522e-15)
(4.16219 -2.42056 -1.454e-15)
(32.1893 10.0204 -5.03822e-16)
(30.6581 7.91722 -2.76191e-16)
(-14.37 -20.7652 3.08638e-16)
(-15.0501 22.6844 -4.83734e-16)
(27.8822 1.3029 3.05011e-16)
(-14.1721 -17.468 -3.81085e-16)
(-14.841 -23.386 2.54419e-16)
(-15.794 25.2509 -3.45773e-16)
(5.40585 -1.19036 -9.50299e-17)
(29.7857 7.9775 -5.52484e-16)
(12.5386 -5.58998 0)
(-10.0226 15.325 -5.4062e-16)
(-31.3112 -9.50244 -2.02558e-15)
(0.968478 5.8332 0)
(10.1653 -2.4161 0)
(5.08758 1.5041 -8.63057e-16)
(1.27917 8.2217 4.96327e-17)
(0.299275 -4.54099 0)
(28.8648 -1.17261 -1.01998e-16)
(7.71584 1.95377 -6.98023e-16)
(-0.00799512 -4.78675 -1.9675e-15)
(12.8761 0.257746 0)
(2.25047 -7.1803 1.2612e-15)
(1.48033 0.360527 2.07727e-15)
(2.14781 -2.23045 6.42167e-16)
(-15.5924 -34.691 4.33568e-16)
(-1.37526 0.248741 3.38668e-15)
(15.8327 8.15885 -1.30368e-16)
(8.76807 -14.3369 1.39442e-16)
(19.2272 1.36552 6.72686e-16)
(13.1071 4.22055 1.27339e-16)
(-4.04303 0.942279 -9.97271e-16)
(7.7501 6.41244 -1.1956e-15)
(2.44921 4.58529 0)
(0.393002 0.343676 0)
(5.19979 1.16003 -2.28506e-15)
(2.32919 -0.154488 3.47651e-16)
(-14.3457 4.70312 -4.25593e-17)
(-12.0987 -2.16975 2.18096e-17)
(3.12359 2.4668 0)
(2.0435 2.21229 1.41406e-15)
(13.4489 -0.332415 0)
(17.5798 0.983088 0)
(7.02238 -0.70339 -2.19052e-16)
(20.7357 0.284089 0)
(19.8858 1.89458 -7.70671e-17)
(29.5546 -0.142611 3.07256e-16)
(4.69153 -9.14809 3.7364e-16)
(-20.6962 -14.2862 0)
(-23.4358 17.0358 0)
(-13.3749 -23.5967 -7.5118e-16)
(-13.0267 -8.35661 7.87866e-16)
(-2.3767 -5.75557 1.12296e-16)
(6.80725 3.49495 -9.13979e-17)
(5.46386 0.268125 2.26003e-16)
(-1.69971 4.23499 1.47437e-15)
(-0.973928 3.63931 0)
(-8.73333 -1.37923 4.46466e-15)
(-15.5182 -21.8087 -1.3923e-16)
(-16.4319 24.2143 2.24223e-16)
(15.2175 -4.4951 7.87751e-16)
(-20.1897 25.1487 -1.96599e-16)
(-18.5174 -22.7666 1.24362e-16)
(-0.656997 -3.04122 -6.5225e-16)
(9.53388 3.12705 -3.20412e-16)
(6.32619 2.00684 0)
(5.6444 2.83021 -5.28109e-17)
(-10.6078 -1.72099 -4.27842e-17)
(-11.8017 22.8338 -1.59854e-16)
(6.53114 4.75023 -1.70313e-15)
(-1.08958 1.41494 2.29677e-15)
(-16.725 -6.97364 6.15855e-18)
(-20.4108 10.2935 -5.36375e-17)
(12.8471 3.88324 -8.13462e-17)
(4.09538 -4.93305 6.78775e-16)
(7.79078 0.771967 -3.71214e-16)
(2.98631 0.785753 -3.0812e-15)
(-0.910533 -0.963043 2.39574e-15)
(32.3272 11.7898 -1.76703e-16)
(4.80833 10.3016 0)
(2.56604 5.9496 0)
(15.1882 5.54626 -1.55515e-16)
(17.5639 8.46237 2.3342e-16)
(-6.96621 -1.40659 -1.34902e-15)
(3.4663 1.92055 1.38841e-15)
(6.45479 2.05888 -2.81581e-16)
(22.5053 9.25878 -3.80124e-17)
(45.1288 18.7444 -2.06109e-16)
(38.5015 9.87376 4.63215e-16)
(-6.31906 1.28879 -5.30701e-17)
(9.97086 -6.61951 -7.06081e-16)
(7.36014 -2.25261 -7.97545e-16)
(3.25972 0.258574 0)
(22.1428 6.69419 8.46997e-17)
(24.2238 -0.0217668 0)
(0.710936 0.845812 1.41946e-15)
(-1.6856 0.442355 1.68751e-15)
(-9.18548 1.83448 2.6699e-15)
(-7.0305 -5.37973 -2.24925e-15)
(25.7155 10.7979 0)
(-6.55377 -8.27549 0)
(1.36507 -0.963787 -2.69858e-15)
(4.64862 0.613434 4.09015e-16)
(10.3704 8.5201 2.85694e-16)
(3.6968 -1.15354 0)
(4.14049 3.00361 0)
(4.54711 -0.509474 2.15268e-15)
(-3.3141 0.431716 1.85961e-16)
(7.1944 4.04822 6.67673e-16)
(32.0899 1.45914 -4.50686e-16)
(1.43085 3.57654 -7.88752e-16)
(10.4073 -4.03446 0)
(3.30759 -4.37114 0)
(7.84553 9.35486 -1.58766e-15)
(14.6915 0.88998 0)
(2.28188 4.48527 0)
(8.21002 3.69658 -6.68481e-16)
(16.4021 -1.85592 -8.51947e-16)
(-6.81515 0.115719 2.72306e-16)
(3.93254 9.26506 -2.76916e-16)
(8.28093 4.57648 6.57202e-16)
(-1.08149 -1.76262 -1.56904e-15)
(-20.1101 -43.4949 6.75522e-16)
(13.0007 2.40206 -6.7119e-16)
(-0.137567 -1.05942 4.10346e-17)
(-12.148 9.8017 5.33877e-16)
(4.65567 1.48766 1.57552e-15)
(12.8351 -6.72687 0)
(13.3558 1.37275 -3.15262e-16)
(9.21255 5.88038 0)
(4.94316 8.70911 -2.8119e-16)
(13.7152 4.41321 2.48914e-16)
(1.75521 -3.28864 0)
(-0.823096 -3.83915 1.31785e-15)
(-9.77432 -5.11454 -1.35791e-17)
(-2.11645 10.9942 1.00367e-17)
(2.52726 2.36539 -1.82465e-15)
(9.50131 3.14502 0)
(2.32659 8.48149 -2.00213e-15)
(10.582 1.37921 -2.96718e-16)
(8.88629 3.36651 1.19233e-15)
(11.5371 -7.86382 -1.74178e-15)
(9.33437 -6.05986 2.60814e-15)
(1.67101 1.33467 1.26394e-15)
(0.833318 7.91349 1.4677e-15)
(6.50819 11.0682 -2.30173e-15)
(17.1653 -4.19925 4.01515e-16)
(20.1175 2.49786 3.76778e-17)
(28.8646 -4.26396 -6.34004e-17)
(22.0123 -3.93477 -1.02225e-15)
(31.6334 -1.18764 2.64832e-16)
(21.4546 -1.12521 -4.66897e-16)
(27.4276 7.31011 -5.62196e-16)
(2.81398 4.07051 -1.51696e-15)
(4.09485 4.25029 4.37591e-16)
(-10.7404 -18.1002 0)
(-11.1324 19.9749 0)
(2.05625 2.19613 0)
(2.62902 2.47965 0)
(-0.445596 0.768275 -1.41659e-15)
(2.42709 -0.709647 -1.74431e-15)
(7.65666 2.46607 -1.68864e-15)
(-15.2463 -8.18501 -8.60785e-16)
(11.228 2.0775 0)
(21.8759 4.16157 9.15908e-16)
(1.08933 -6.48584 1.03335e-16)
(0.0756989 3.20183 0)
(0.0255256 7.41626 1.60206e-15)
(14.4352 9.53213 5.50715e-16)
(1.90932 4.6491 -2.8537e-15)
(17.2594 8.95415 7.50079e-16)
(6.43474 -0.991972 1.59974e-15)
(41.5506 8.93334 -9.84376e-17)
(15.0916 3.32465 -6.71198e-16)
(14.9771 -6.18544 0)
(-9.69927 -3.6049 2.96011e-16)
(13.2861 0.85167 -5.35034e-16)
(4.45921 -2.92591 -1.00884e-15)
(7.50513 8.26431 4.20264e-16)
(28.4838 9.68421 1.03223e-16)
(5.89268 0.301599 1.34409e-16)
(10.9897 5.03347 -2.72686e-17)
(1.39273 -0.566662 0)
(3.75107 6.57162 3.56973e-16)
(10.3438 12.5866 -4.21325e-16)
(4.92605 9.16394 -1.97519e-16)
(-10.3199 -1.73651 -3.75074e-17)
(-6.60228 4.47368 2.5664e-17)
(7.3251 -0.145292 -1.64239e-15)
(-16.0854 -2.67107 7.43901e-16)
(2.65155 6.2619 0)
(2.9396 0.262718 -1.39284e-15)
(5.04333 -0.272987 -2.80416e-15)
(7.4663 6.80993 -1.84947e-15)
(7.60513 -0.126861 9.63231e-18)
(-0.564026 6.0802 1.56653e-15)
(12.8041 -2.97171 0)
(31.8828 4.29021 -6.37828e-16)
(33.1845 4.98473 0)
(10.2402 20.2004 1.03281e-15)
(9.06426 -0.387808 8.72334e-16)
(23.1752 2.501 2.31638e-16)
(31.7399 15.2145 -5.154e-16)
(28.4655 8.17358 3.5852e-16)
(-30.038 -5.56402 -1.03836e-15)
(-27.4296 -8.39795 1.16908e-16)
(10.0976 -3.99542 1.74411e-16)
(21.1906 4.087 3.79481e-17)
(-8.56833 1.16873 1.22117e-15)
(-3.66331 -0.352936 0)
(7.25803 4.02383 -1.24164e-15)
(30.65 7.43857 0)
(-11.3007 5.23224 -1.78622e-16)
(-9.19068 -2.73621 1.3781e-17)
(21.0761 2.65027 1.9305e-16)
(16.4753 -2.51374 0)
(28.6626 -0.160677 -1.55132e-16)
(25.3515 13.4577 0)
(32.2995 3.1232 0)
(33.8154 0.836934 0)
(5.00928 -3.15204 -1.93425e-16)
(11.5563 2.65803 -1.75153e-16)
(17.0993 0.0434066 0)
(24.9038 4.15201 -4.97174e-16)
(25.3543 1.23911 7.53491e-16)
(27.1916 -1.01217 -3.6744e-16)
(4.3656 1.68144 0)
(37.0691 4.8681 9.91435e-16)
(35.707 0.903329 -6.51934e-16)
(34.8084 4.31934 -1.13254e-15)
(30.0136 2.19058 8.35709e-16)
(-1.69042 12.3249 0)
(-1.18646 -9.22757 2.90821e-16)
(22.9107 4.69476 3.72203e-16)
(26.109 9.04292 -1.4642e-16)
(5.22057 2.73527 0)
(2.43161 -2.92905 8.05605e-16)
(30.2927 6.20605 0)
(30.2769 0.211247 0)
(8.76976 6.73096 0)
(11.2017 -3.61538 7.92176e-16)
(10.8084 6.75613 -3.11202e-16)
(5.95616 -0.721955 7.93973e-16)
(9.11581 -0.0676603 -1.90244e-15)
(7.8963 1.03355 0)
(13.2497 9.10486 9.38953e-18)
(3.28703 7.06991 0)
(-1.79514 1.71119 3.76281e-16)
)
;

boundaryField
{
    frontandback
    {
        type            empty;
    }
    simetry
    {
        type            symmetry;
    }
    inlet
    {
        type            fixedValue;
        value           uniform (0.5 0 0);
    }
    outlet
    {
        type            zeroGradient;
    }
}


// ************************************************************************* //
