/*--------------------------------*- C++ -*----------------------------------*\
  =========                 |
  \\      /  F ield         | OpenFOAM: The Open Source CFD Toolbox
   \\    /   O peration     | Website:  https://openfoam.org
    \\  /    A nd           | Version:  7
     \\/     M anipulation  |
\*---------------------------------------------------------------------------*/
FoamFile
{
    version     2.0;
    format      ascii;
    class       volVectorField;
    location    "0.1";
    object      U;
}
// * * * * * * * * * * * * * * * * * * * * * * * * * * * * * * * * * * * * * //

dimensions      [0 1 -1 0 0 0 0];

internalField   nonuniform List<vector> 
2016
(
(0.505859 0.000122103 9.40277e-19)
(0.513528 -0.000734333 2.85144e-17)
(0.663192 0.082638 0)
(0.603528 0.0760269 0)
(0.53553 -0.0340138 0)
(0.529844 0.21424 -1.33264e-18)
(0.62922 0.064429 -9.4036e-20)
(-0.228228 0.151871 0)
(0.469016 -0.0760412 2.08229e-17)
(0.458687 -0.100091 0)
(0.537712 -0.0970566 2.35802e-17)
(0.284854 0.19873 -1.41787e-18)
(0.284737 0.234333 0)
(0.191065 -0.0260818 0)
(0.450241 -0.0292523 0)
(0.165803 0.0199321 0)
(0.221511 -0.017515 0)
(0.341544 -0.0179034 9.45455e-18)
(0.00415003 -0.0929774 -2.04791e-21)
(0.0317295 0.139342 1.28167e-18)
(0.519721 -0.0117536 -2.60135e-17)
(0.0482823 0.22479 6.77105e-19)
(0.0045051 -0.182011 -1.81573e-19)
(0.451973 0.0140725 -2.5243e-18)
(0.629689 -0.0582497 -4.24988e-18)
(0.503379 0.1871 0)
(0.641299 -0.0557555 5.01303e-18)
(0.610732 0.0320133 -4.22264e-18)
(0.362264 0.222851 -1.28122e-17)
(0.42287 0.0778739 1.01365e-17)
(0.268043 0.0181202 -1.37418e-17)
(0.485559 -0.170775 -2.34404e-18)
(0.374667 0.117005 -8.85495e-18)
(0.476274 -0.0857832 9.17047e-18)
(0.442067 -0.159394 0)
(0.0453391 -0.0801086 0)
(0.114717 0.125942 0)
(0.500109 -0.00650481 -9.56766e-18)
(0.338005 -0.222044 -1.46994e-17)
(0.626544 0.036691 2.91607e-18)
(-0.0814022 -0.0831568 3.65285e-20)
(-0.0455514 0.119937 -2.40938e-18)
(0.542024 -0.0483823 0)
(0.430248 -0.0161369 -2.32242e-17)
(0.508207 -0.0186935 1.37587e-17)
(0.505875 -0.011292 0)
(0.206544 -0.227898 0)
(0.478557 0.149646 0)
(0.426292 0.0727776 -1.00296e-18)
(0.445659 -0.0251286 -5.74155e-18)
(0.57586 0.0994802 3.28112e-18)
(0.495406 0.0989707 -7.24135e-18)
(0.101638 -0.0066486 -3.33703e-19)
(0.17513 0.00769437 1.55711e-19)
(0.606491 0.155603 9.99123e-18)
(-0.318022 0.0977677 0)
(0.613117 0.0948163 6.26051e-19)
(0.0170172 0.217113 0)
(0.23148 -0.258033 0)
(0.277413 0.333997 0)
(0.634056 0.272954 0)
(0.417932 0.064411 -4.80398e-18)
(0.157946 -0.119036 8.16139e-18)
(-0.0886311 0.0126215 7.25757e-18)
(0.435768 -0.0499824 -2.16669e-17)
(0.409619 -0.0145713 -1.0736e-17)
(0.126407 0.133766 0)
(0.549792 0.0890598 -1.33482e-17)
(0.482578 0.0327619 0)
(-0.161306 -0.0954508 0)
(-0.155392 0.142115 -1.05196e-19)
(0.40903 0.0246321 7.50782e-19)
(-0.185295 -0.0899378 -1.95239e-19)
(-0.154896 0.137755 1.75258e-19)
(0.58339 0.167794 1.8748e-18)
(0.411328 0.000389453 8.42024e-19)
(0.428715 -0.00447346 0)
(0.457106 -0.0100676 0)
(0.489054 -0.0222022 -2.78585e-17)
(0.437418 0.0412312 -1.08702e-17)
(0.625971 0.0930831 1.25862e-17)
(0.857659 0.111286 -1.01915e-18)
(0.532133 -0.175637 -3.54027e-18)
(0.548495 0.0276253 -7.73035e-18)
(0.55241 0.113943 3.8227e-18)
(0.925506 -0.0543609 9.53396e-18)
(-0.1002 0.135578 -2.721e-18)
(0.666096 0.0665306 -6.38977e-19)
(0.191646 0.184139 0)
(0.498217 -0.0881788 -1.69446e-18)
(0.504357 -0.0096595 1.42792e-17)
(-0.0876267 -0.0925198 8.5195e-20)
(-0.0476545 0.128191 2.35548e-18)
(0.455524 -0.00663905 3.00985e-17)
(0.449452 -0.0756622 -2.43662e-17)
(0.893117 -0.0310889 -1.04332e-17)
(0.225577 0.238777 0)
(0.341216 0.0880533 0)
(0.422441 -0.0722322 9.33636e-18)
(0.196219 0.24941 -2.7266e-20)
(0.210401 0.232448 2.46963e-20)
(0.630628 0.0933469 0)
(0.436303 0.0626576 1.42123e-17)
(0.364243 0.0191723 3.16833e-17)
(0.0661835 -0.0576139 0)
(0.129715 0.0825523 0)
(0.405703 -0.00278053 -2.28528e-17)
(0.610496 0.156858 8.70547e-18)
(0.74427 0.00131688 -7.09336e-18)
(0.0473929 0.16254 -1.3555e-18)
(0.00606732 -0.123481 2.16587e-21)
(0.457771 -0.0532451 -4.30888e-17)
(0.453303 -0.0338308 2.82213e-17)
(0.778765 -0.00507068 0)
(0.517737 -0.0165719 3.90109e-18)
(0.440027 -0.0429998 2.49158e-17)
(0.50552 0.0383033 -6.22444e-18)
(0.491427 0.0185332 2.9107e-17)
(0.50711 -0.162431 1.77562e-18)
(-0.130563 -0.0434632 7.99217e-18)
(0.528484 -0.0327693 -2.81587e-17)
(0.531962 0.0468159 -3.19044e-17)
(0.135479 0.0534435 0)
(0.518959 0.171418 -2.31955e-17)
(0.360413 -0.0144901 0)
(0.403018 0.143923 -2.6876e-17)
(0.240971 -0.0328626 0)
(0.264381 -0.0603339 -1.25258e-17)
(0.604908 -0.00701173 0)
(0.4612 0.080428 0)
(0.44824 0.0148853 1.21643e-17)
(0.595995 0.208288 0)
(0.631068 -0.126875 -1.87022e-18)
(0.479435 0.116113 1.00289e-18)
(0.323535 -0.161563 1.00682e-17)
(0.187043 0.119834 3.29178e-19)
(0.546438 -0.126714 -1.4731e-18)
(0.665078 0.134515 0)
(0.693215 0.0380189 0)
(0.806842 0.132953 5.54388e-18)
(0.0917447 -0.223344 0)
(0.123236 0.259849 -1.29492e-19)
(0.417179 -0.0456017 2.3334e-17)
(0.495566 0.0412392 -2.98552e-17)
(0.50115 -0.0102798 -1.42742e-17)
(0.459036 0.0322603 -7.16934e-18)
(0.500465 0.214803 4.44793e-18)
(0.470895 -0.11656 2.68391e-18)
(0.798049 0.0402848 3.92239e-18)
(0.46017 0.0267928 8.19319e-18)
(0.436069 -0.120008 1.39719e-17)
(0.434132 -0.129673 0)
(-0.0320662 0.109438 -7.39508e-18)
(0.612086 0.0889567 -8.92629e-18)
(0.424949 0.0686 0)
(0.444817 0.0292429 -1.33717e-17)
(0.382569 -0.00968571 -2.61678e-17)
(0.852645 0.0810582 5.48574e-18)
(0.509776 -0.0246188 2.6011e-17)
(0.487049 -0.0462214 9.50746e-19)
(0.039947 0.151935 0)
(0.0125639 -0.11088 0)
(0.280781 -0.0242927 -2.31366e-17)
(0.555499 0.025952 -1.41342e-17)
(0.416107 -0.0700115 1.41182e-17)
(0.403923 -0.060712 -2.94899e-17)
(0.25478 0.0622644 2.05375e-19)
(0.19222 -0.0718278 -3.70208e-19)
(0.730637 0.127694 -1.494e-18)
(0.63139 0.130805 4.76069e-18)
(0.570404 -0.0911561 0)
(0.499013 -0.134929 -9.63906e-19)
(0.688172 0.0576115 2.85363e-18)
(0.56719 0.0116616 -7.09934e-19)
(-0.265828 -0.214148 1.86352e-18)
(0.340798 -0.171767 1.31461e-18)
(0.340775 -0.132234 3.21523e-18)
(0.640553 0.0529282 3.74018e-18)
(0.35396 -0.00496396 0)
(0.284142 0.356712 0)
(-0.097295 0.158761 -3.73113e-19)
(-0.125954 -0.105245 -2.44438e-18)
(0.479982 0.0101566 -4.36723e-17)
(0.500382 0.0115386 0)
(0.114016 0.119373 2.21489e-18)
(0.45131 0.0350654 0)
(0.489043 -0.0367601 1.7633e-17)
(0.597289 0.123331 2.44315e-18)
(0.248704 0.053166 1.76561e-19)
(0.175814 -0.0382783 -3.70709e-19)
(0.570428 -0.00516545 -4.54253e-18)
(0.4492 0.0331477 -2.08421e-17)
(0.476788 -0.00362336 0)
(-0.061934 0.104991 -3.22092e-18)
(-0.0889931 -0.0603688 4.67043e-19)
(-0.0866031 0.151208 0)
(-0.125838 -0.104644 1.676e-18)
(0.480423 0.0197646 0)
(0.457475 -0.032484 -2.41508e-17)
(0.457375 -0.0157653 0)
(0.497558 -0.0323442 2.34509e-17)
(0.0180016 -0.178143 -4.86606e-18)
(0.466141 -0.0658047 1.7094e-17)
(0.51616 -0.0059277 1.56648e-17)
(0.558256 -0.0703209 3.39713e-18)
(0.381346 -0.0218466 0)
(0.501142 -0.0630669 -2.06807e-17)
(0.677391 0.0676578 -3.26205e-18)
(0.412214 -0.00905112 2.9111e-17)
(0.425906 -0.00309563 -3.15419e-17)
(0.374554 0.0476313 3.03744e-17)
(0.466148 0.0267133 1.16929e-17)
(0.115711 0.182766 -1.10182e-18)
(0.0872206 0.253535 2.99877e-19)
(0.497268 -0.0634951 0)
(0.0741566 0.213444 -2.25628e-18)
(0.0346565 -0.175656 8.05606e-19)
(0.607763 0.189993 -4.65155e-18)
(0.481488 -0.07828 0)
(0.467809 0.0540002 -1.82323e-17)
(0.411277 -0.00333653 2.10014e-17)
(0.460737 -0.120672 -1.15168e-18)
(0.375167 0.000885939 1.17158e-17)
(0.527065 0.0266548 0)
(0.480682 0.00149456 0)
(0.487004 0.0370231 -3.92663e-18)
(0.693793 0.0788068 -1.9858e-18)
(0.0877902 -0.215167 -3.29162e-20)
(0.113095 0.251546 0)
(0.476483 -0.0719838 6.86177e-18)
(0.813756 -0.0174489 1.62862e-17)
(0.554694 -0.016603 6.98884e-18)
(0.518139 0.0460723 -1.57009e-17)
(0.543581 0.0280659 7.2346e-18)
(0.422387 0.0261277 1.11522e-17)
(0.511004 -0.0165031 -1.02136e-17)
(0.316157 -0.167373 -1.3315e-18)
(0.402599 -0.189678 -1.03207e-18)
(0.3917 0.266701 9.93383e-19)
(0.453537 0.258446 0)
(0.767896 0.102973 0)
(0.127756 -0.181609 1.49267e-18)
(0.161864 0.203823 -3.00303e-19)
(0.312491 -0.0500657 -1.12858e-17)
(0.571397 0.149238 0)
(0.466892 0.212327 0)
(0.445214 0.0857675 -7.93994e-19)
(0.356755 -0.11491 -2.72576e-17)
(0.313872 0.311897 0)
(0.267737 -0.236524 0)
(0.321211 -0.132102 -4.91653e-18)
(0.64104 -0.180026 0)
(0.349749 0.00329006 -1.90879e-17)
(0.419256 0.0080794 0)
(0.0654266 0.235746 0)
(0.0231998 -0.199133 3.39276e-20)
(0.514673 -0.0308745 9.80012e-18)
(0.0939373 0.0159019 2.66808e-19)
(0.155852 0.0010881 -7.11484e-20)
(0.451303 -0.100504 9.19644e-18)
(0.496613 -0.0466801 -1.14138e-17)
(0.719518 0.045313 0)
(0.515391 -0.173605 0)
(0.528806 0.00222659 1.83418e-19)
(0.473219 -0.00266558 0)
(0.750133 0.107881 0)
(0.520098 -0.0393603 1.44125e-17)
(0.395229 -0.0417637 -2.30775e-17)
(0.452229 -0.00574587 1.46173e-17)
(0.466423 -0.0179208 1.38217e-17)
(0.631135 0.0439152 -2.74808e-19)
(0.400011 -0.045633 1.2451e-17)
(0.521733 -0.0377182 -2.6157e-17)
(0.519345 0.168428 -1.21988e-18)
(0.484148 -0.118767 -2.22524e-18)
(0.663959 0.0297017 3.34871e-18)
(-0.138878 -0.226226 -1.26195e-18)
(0.490011 0.0925212 1.02079e-17)
(0.843596 -0.0981311 -7.12445e-18)
(-0.150787 0.0318792 8.15748e-19)
(0.481552 0.00168071 0)
(0.482152 -0.00381558 0)
(0.364073 0.0162679 -2.5974e-18)
(0.609803 -0.00111744 -7.94365e-18)
(0.378473 -0.0148608 -1.11248e-17)
(0.216835 0.266876 0)
(0.681485 0.148168 0)
(0.698258 -0.00232681 0)
(0.349232 -0.00762987 0)
(0.47612 0.00237449 0)
(0.39428 0.00103017 1.51396e-17)
(-0.332781 -0.164729 2.91125e-18)
(0.501555 0.0439296 -3.11875e-17)
(0.462055 0.0235154 2.92375e-17)
(0.51077 -0.0249535 -2.9477e-17)
(0.609825 -0.0589124 4.38743e-18)
(0.257015 0.0671182 1.97995e-17)
(0.218759 -0.236543 3.73254e-19)
(0.192408 -0.223222 3.64616e-18)
(0.410474 -0.133143 9.78289e-18)
(0.491607 -0.0224961 -2.86419e-17)
(0.155587 -0.233199 6.18843e-18)
(0.49785 0.0601036 -6.10541e-18)
(0.791757 -0.0450928 0)
(0.480383 -0.00267 -2.45246e-17)
(0.469797 -0.00854694 -1.28625e-17)
(0.492638 -0.0151263 -6.37877e-18)
(0.512808 -0.0144051 6.91616e-18)
(0.541566 0.0198757 1.87694e-18)
(0.560236 -0.106292 3.18185e-19)
(-0.0160053 0.268685 -5.98049e-18)
(0.469298 0.00145136 0)
(0.465324 -0.083108 1.56949e-17)
(0.354572 0.0382129 -1.10974e-17)
(0.20057 0.0585146 -4.19802e-20)
(0.156248 -0.0370847 2.92684e-19)
(0.441524 -0.0241836 2.52835e-17)
(0.542176 -0.135545 -1.29971e-17)
(0.533347 -0.193524 -8.47625e-18)
(0.652217 0.161494 8.96082e-19)
(0.709688 -0.0985686 1.883e-18)
(0.468087 -0.00403811 -8.70265e-18)
(0.648017 0.0990407 3.46341e-19)
(0.325615 -0.163761 0)
(0.447366 -0.0344186 1.31829e-17)
(-0.0318939 0.116528 2.69324e-18)
(-0.058306 -0.0687621 -5.71344e-19)
(0.377037 -0.223144 2.28884e-18)
(0.416224 -0.0442497 1.38739e-17)
(0.453438 -0.13601 0)
(0.397351 -0.0175803 -1.53605e-17)
(0.437411 0.00960545 2.9288e-17)
(0.51804 0.0159101 -2.659e-17)
(0.65978 -0.0611816 0)
(0.379372 0.140557 -8.81608e-18)
(0.370926 0.111626 -1.05811e-17)
(0.45051 -0.0262913 -7.37214e-18)
(0.499563 -0.0191352 -1.39453e-17)
(0.52529 0.230584 9.87606e-19)
(0.496859 -0.0578939 2.77598e-17)
(0.293027 -0.0416049 -4.40132e-18)
(0.505462 0.0440249 9.97337e-19)
(0.254576 -0.0234394 2.61224e-17)
(0.499521 0.030115 0)
(0.48846 0.0526924 -7.94786e-19)
(0.49861 0.0253231 -1.35168e-17)
(0.569152 0.0228605 0)
(0.481429 -0.0190175 -8.40394e-18)
(0.368345 -0.08708 0)
(0.427029 -0.231511 2.06973e-18)
(0.508903 -0.00611784 1.38401e-17)
(-0.182177 -0.0831889 9.22625e-19)
(-0.134744 0.142649 4.97791e-19)
(0.451619 0.092536 -3.28272e-17)
(0.514841 -0.024904 0)
(0.518918 0.00142268 2.11629e-17)
(0.518446 -0.0526326 1.13474e-17)
(0.502743 -0.0468568 1.69463e-17)
(0.495766 -0.125526 -1.3964e-19)
(0.53813 -0.0138469 -8.07572e-18)
(-0.0619549 -0.140372 0)
(-0.0124835 0.194039 -6.68724e-19)
(0.345477 -0.142465 -2.19557e-17)
(0.814123 0.0692772 5.54251e-18)
(0.530179 0.0200045 1.20416e-17)
(-0.0674034 -0.070002 -7.96521e-20)
(-0.0230886 0.104821 5.65042e-19)
(0.758553 -0.0123101 -1.11473e-18)
(0.49293 -0.00780802 1.50106e-17)
(0.715928 0.0406942 7.95293e-18)
(0.28537 -0.205579 0)
(0.326858 0.298057 -8.09733e-20)
(0.197127 -0.231302 0)
(0.240183 0.298594 0)
(0.228517 0.310884 0)
(0.507454 0.179317 -2.06692e-17)
(0.400251 0.077477 8.70496e-18)
(0.458043 0.0397089 3.14449e-17)
(0.438405 -0.00708084 0)
(0.539177 0.130577 -9.14349e-18)
(0.32151 0.0321343 4.66581e-18)
(0.571402 -0.00525803 -9.55505e-19)
(0.427026 0.010224 7.18752e-18)
(0.513856 0.00789233 0)
(0.509018 0.135736 0)
(0.392788 0.0150077 0)
(0.545738 -0.0509616 1.36568e-17)
(0.482232 0.0173382 -1.35158e-17)
(0.570333 -0.00556313 -2.43776e-17)
(0.584576 0.0244876 0)
(0.491231 0.0417062 -2.23844e-17)
(0.375146 -0.0274573 -9.29299e-19)
(0.539645 0.129067 2.52756e-18)
(0.31226 0.0744094 0)
(0.464759 -0.0167587 0)
(-0.0777303 0.224557 -4.88235e-19)
(-0.116558 -0.159698 -6.62415e-19)
(0.40185 -0.0464531 6.25437e-19)
(0.409691 0.132629 3.44789e-17)
(0.461724 -0.113397 0)
(0.538003 0.100087 -3.08469e-18)
(0.471673 -0.00310158 -2.16576e-17)
(0.59516 0.00845232 -8.47992e-19)
(0.727998 -0.0775686 1.99122e-19)
(-0.107993 0.0940907 1.34743e-19)
(0.468277 0.016593 0)
(0.292885 -0.0733247 -3.25754e-17)
(0.528904 0.00531626 -4.6482e-18)
(0.444779 0.0232699 7.2304e-18)
(0.364499 -0.0292394 -1.52056e-17)
(0.428965 -0.0557924 -1.97466e-17)
(0.379672 0.0239356 -8.64067e-18)
(0.464832 -0.033802 0)
(0.313785 -0.0323228 1.40538e-17)
(0.687305 0.118039 1.23732e-17)
(-0.0348129 -0.19252 -7.23347e-20)
(0.0188788 0.240691 -5.91653e-19)
(0.607305 0.0773976 9.34346e-18)
(-0.22159 0.342407 0)
(0.614433 0.0180067 3.03518e-18)
(0.567022 0.00647865 1.6988e-17)
(0.493599 -0.026313 0)
(0.518612 -0.0244705 -1.52894e-17)
(0.487509 0.133741 -9.63327e-18)
(0.472182 -0.0809575 1.90533e-18)
(0.420546 0.0183992 2.63367e-17)
(0.330689 -0.109304 1.44132e-17)
(0.504 -0.0105532 -1.52122e-17)
(0.518685 0.0073595 0)
(0.508093 0.0915278 2.84777e-17)
(0.239614 0.192974 1.9115e-18)
(-0.226101 0.0957704 -9.18563e-19)
(0.49661 0.0131529 -8.39008e-19)
(0.675975 0.0682723 1.33987e-19)
(0.426521 0.0694173 -8.78083e-18)
(0.65743 -0.0307893 -5.65642e-18)
(0.754545 0.00737455 -1.59327e-17)
(0.48232 0.0374817 0)
(0.475466 0.0130869 -8.07499e-18)
(0.659829 -0.0253164 1.382e-18)
(0.738125 0.0863883 -5.2053e-18)
(0.50039 0.0181893 1.59542e-17)
(-0.0196381 -0.101407 0)
(0.000772188 0.139579 0)
(0.636553 0.142425 4.65583e-18)
(-0.182696 -0.0326969 -1.41039e-18)
(0.143551 0.153918 -5.09996e-18)
(0.446746 0.0845729 1.14376e-17)
(0.603783 -0.137436 1.14741e-17)
(-0.013821 -0.0808356 5.5311e-19)
(0.0403224 0.116541 -1.24048e-18)
(0.705147 0.111453 -9.26599e-18)
(0.497319 0.0695025 1.38392e-17)
(0.482335 -0.0468961 -1.75408e-18)
(0.608108 -0.0586711 1.03635e-17)
(0.647165 -0.0403023 0)
(0.771742 0.107477 0)
(0.625223 -0.140857 1.71828e-17)
(0.458903 0.10641 9.95024e-18)
(0.563695 0.135279 -6.59354e-18)
(0.590176 0.0332454 1.06114e-17)
(-0.0856648 -0.0741012 -6.02166e-19)
(0.0786414 0.0340808 0)
(0.1482 -0.0236499 0)
(0.508059 -0.00635831 2.1209e-21)
(0.467412 0.0802727 6.41065e-18)
(0.225886 0.0794835 0)
(0.175763 -0.0534663 -4.84637e-19)
(0.457495 -0.0674594 3.54641e-18)
(0.458432 0.0395884 -6.85263e-18)
(0.455562 0.0508449 2.35423e-17)
(0.409818 0.192483 0)
(0.574662 -0.0422496 -3.06482e-17)
(0.431696 -0.0875216 0)
(0.622126 -0.0150684 -1.14381e-19)
(0.483951 -0.0150186 -1.19069e-17)
(0.533524 -0.0287587 0)
(0.497768 0.00672755 0)
(0.485533 0.0389651 0)
(-0.00201862 0.19748 1.90826e-19)
(-0.053168 -0.147315 -2.61837e-20)
(0.554042 0.027302 4.86243e-19)
(0.526517 0.0553868 -1.55348e-17)
(0.491412 -0.0287889 -8.45637e-18)
(-0.0381738 -0.0608558 5.87092e-19)
(0.466675 -0.0291727 3.70174e-18)
(0.486125 0.0359694 -2.54949e-17)
(0.446008 0.00115932 0)
(0.47295 -0.0257052 1.40202e-17)
(0.498041 -0.0129416 2.39042e-17)
(0.488653 -0.00993544 0)
(0.486644 0.0109356 -7.74598e-18)
(0.327971 -0.0181358 -1.53714e-17)
(0.473298 -0.00570764 -3.01599e-17)
(0.484994 -0.0141859 0)
(0.467987 0.0266993 -1.62213e-17)
(0.817124 0.0319237 0)
(0.320057 0.287543 2.09268e-19)
(0.297284 0.281849 -2.98822e-20)
(0.54675 0.0120966 1.32854e-17)
(0.460613 -0.168341 0)
(0.377728 -0.111634 -7.01432e-18)
(0.601633 -0.0151059 0)
(0.359137 -0.143523 2.201e-17)
(0.611515 0.00702088 -1.05105e-17)
(0.411575 0.00196158 -7.53998e-18)
(0.502599 -0.046096 0)
(0.871865 -0.0369311 -3.435e-18)
(0.654015 -0.00236057 0)
(0.502063 -0.0657875 1.19588e-17)
(0.807304 0.0262623 -4.46709e-18)
(0.581125 -0.0410071 1.48933e-18)
(0.461432 -0.0459738 4.01742e-17)
(0.396308 0.00789957 0)
(0.156363 -0.109351 4.2814e-19)
(0.203853 0.150581 6.19286e-19)
(0.202656 0.111412 0)
(0.443364 -0.193778 0)
(0.228343 0.262823 0)
(0.493273 -0.0167139 -1.42381e-17)
(0.510399 -0.0251105 0)
(0.585497 -0.0423611 1.49223e-17)
(0.608809 0.16263 -4.22869e-18)
(0.348438 -0.0478552 3.952e-18)
(0.513323 -0.00466791 1.74857e-18)
(0.200071 0.0520837 -8.88836e-20)
(0.137357 -0.0400031 7.7925e-19)
(0.182632 -0.0580561 0)
(0.542337 0.0130157 -2.53351e-17)
(0.531569 0.211137 -1.57514e-18)
(0.207151 -0.225908 -2.07413e-18)
(0.422023 -0.262836 1.32767e-18)
(0.164483 -0.23793 1.61896e-18)
(0.303819 -0.208448 0)
(0.372087 -0.157122 0)
(0.312723 -0.196859 -8.35798e-18)
(0.458915 0.288798 0)
(0.793744 0.0344937 0)
(0.394444 0.133669 2.69339e-17)
(0.484008 -0.0126224 0)
(0.515976 -0.0282503 2.78931e-17)
(0.470331 -0.103427 1.12733e-17)
(0.454003 0.0546556 0)
(0.502935 -0.0094571 0)
(0.554027 0.0108227 -2.02847e-17)
(0.431898 0.0988414 0)
(0.364502 -0.20102 1.87538e-18)
(0.401978 -0.0217841 5.99868e-18)
(0.508825 -0.00476104 0)
(0.529 -0.023407 -1.68022e-17)
(0.539286 -0.018431 -2.01307e-17)
(0.0934712 0.0314717 7.11977e-19)
(0.0495912 -0.00693924 6.60996e-20)
(0.568137 -0.0185046 1.57293e-17)
(0.303026 -0.0969491 -1.59259e-18)
(0.386323 0.303878 1.81146e-17)
(0.384664 0.298591 -9.47047e-18)
(0.375552 0.180214 0)
(0.39919 0.191712 7.36e-19)
(0.819992 0.0831035 -2.23347e-18)
(0.51069 -0.0176795 -1.41406e-17)
(0.690306 -0.00581653 -4.7573e-18)
(0.627596 -0.0552829 0)
(0.45733 0.00484642 5.88704e-18)
(0.431202 -0.155934 -1.73179e-18)
(0.223006 0.281864 1.53497e-19)
(0.625261 -0.000454374 0)
(0.568389 -0.108687 8.43911e-19)
(0.453039 0.209119 -5.76258e-19)
(0.546802 0.154846 1.683e-17)
(0.0604629 -0.0472548 0)
(0.10808 0.0762529 -2.48712e-19)
(-0.0709681 -0.150718 -7.52067e-19)
(-0.037964 0.202248 3.09609e-19)
(0.224096 0.0113463 -5.40151e-18)
(0.661367 0.107129 0)
(0.499159 -0.00223102 0)
(0.512581 -0.01272 -1.64645e-17)
(0.505809 -0.0135151 2.79181e-17)
(0.298905 0.222718 1.4081e-18)
(0.491883 -0.0045415 2.25612e-17)
(0.842923 -0.00809133 0)
(0.880705 -0.0156411 9.00546e-18)
(0.958543 -0.026601 -1.97997e-18)
(0.15947 -0.0273603 7.90233e-18)
(0.638042 -0.0329094 7.31552e-18)
(0.368059 0.165904 0)
(0.542226 -0.0165823 4.58227e-17)
(0.49038 0.0230308 0)
(0.651846 -0.0454311 -4.07493e-18)
(0.772442 0.0175338 3.62828e-18)
(0.74321 -0.0589362 1.49668e-18)
(0.194701 -0.120038 -6.28189e-18)
(0.690597 -0.0647933 -2.34373e-18)
(0.500879 -0.0967289 -2.6919e-17)
(0.498313 0.0436313 -1.90183e-18)
(0.13409 0.0619269 6.55002e-19)
(0.08242 -0.0398265 1.06863e-19)
(0.675562 -0.0254141 -5.14712e-18)
(0.490092 0.00848831 -2.15362e-17)
(0.39419 0.292671 0)
(0.344617 -0.216749 8.49929e-19)
(0.486446 0.0344805 2.81157e-17)
(0.263069 0.0462998 9.99153e-18)
(0.489102 0.000758064 1.40473e-17)
(0.514458 -0.00346212 -1.63151e-17)
(0.859457 -0.012954 1.25814e-18)
(0.46375 -0.178157 -6.89731e-18)
(0.488922 0.00899504 1.4874e-17)
(0.501358 0.0136992 7.11331e-19)
(0.4872 -0.0123675 0)
(0.436667 0.00792357 9.78103e-18)
(0.433128 0.037308 0)
(0.501335 0.0563204 0)
(0.457743 0.014194 -3.75755e-18)
(0.47289 -0.0379511 0)
(0.402012 -0.123797 8.79393e-18)
(0.00974802 0.175089 8.32534e-19)
(-0.0408367 -0.130683 2.81603e-20)
(0.664438 0.0638111 1.77816e-18)
(0.543625 -0.0502545 -2.96216e-17)
(0.58999 -0.0337187 -1.28221e-17)
(0.650578 0.0369573 -2.48481e-17)
(0.0661126 -0.198656 -4.09638e-19)
(-0.121892 -0.146839 -3.70661e-18)
(-0.0185086 0.0909648 -9.04256e-18)
(0.569159 0.0655471 0)
(0.480018 -0.0085291 0)
(0.621865 -0.021455 -1.1698e-17)
(0.744946 0.160063 1.47249e-18)
(0.482169 0.0356078 -1.78494e-18)
(0.382056 0.21103 1.44025e-19)
(0.371045 0.130367 1.12148e-18)
(0.232258 0.298123 -3.08503e-19)
(0.729951 -0.104595 1.50543e-19)
(0.291572 -0.103303 0)
(0.251516 -0.137794 0)
(0.786908 0.00207461 3.1234e-20)
(0.960706 -0.0671192 -9.76091e-18)
(0.525201 0.225255 -1.33421e-19)
(0.574936 0.114339 9.98722e-19)
(0.488946 0.0796305 8.33349e-19)
(0.265429 0.0709074 -1.09201e-17)
(0.341678 0.0131612 -2.13144e-17)
(0.483998 -0.191638 0)
(0.497845 -0.0249797 3.80511e-18)
(0.487851 0.0401165 -1.39927e-17)
(0.437154 0.0329697 1.73409e-17)
(0.491509 0.0896701 -1.1699e-17)
(-0.151034 0.262654 -2.19576e-18)
(-0.0462501 0.35097 1.75717e-17)
(0.568158 -0.0179498 -4.47777e-17)
(0.512622 -0.0394618 -1.43699e-17)
(0.76277 -0.0523839 5.19761e-20)
(0.511554 0.0264327 0)
(-0.0785091 0.117633 3.50378e-20)
(-0.104514 -0.0715911 0)
(0.116729 -0.0129713 0)
(0.0535326 0.0280279 0)
(0.562054 -0.135324 0)
(0.614567 0.0827195 0)
(0.363686 -0.0485733 1.31513e-17)
(0.379613 -0.052521 -2.62251e-17)
(0.495552 0.00810903 0)
(0.503156 -0.00504184 -1.60288e-17)
(0.00453017 -0.191412 0)
(0.0646467 0.241514 -8.51023e-19)
(0.446527 -0.268869 3.45132e-20)
(0.445214 0.00496331 1.42315e-17)
(0.807067 -0.00179482 -8.56331e-18)
(-0.0260368 -0.132729 4.43882e-19)
(0.0371927 0.178041 -2.2393e-18)
(0.684043 -0.0571676 0)
(-0.0282687 -0.0860345 -1.29804e-18)
(0.0295464 0.122859 2.58622e-18)
(0.488532 -0.0536069 0)
(0.493198 -0.00755516 0)
(0.489537 -0.0256 -3.6711e-18)
(0.382529 -0.175284 0)
(0.454453 -0.285054 0)
(0.616167 0.175758 5.65604e-18)
(0.560426 0.0361236 1.52471e-17)
(0.440835 -0.00403052 1.5262e-17)
(0.39837 -0.0350981 3.82214e-18)
(0.419383 -0.034857 2.9429e-17)
(0.377179 -0.0264675 0)
(0.439795 -0.00162616 0)
(-0.0808415 -0.188779 0)
(-0.00405985 0.240389 8.32085e-19)
(0.499308 0.0245377 1.4077e-17)
(0.500062 0.0146306 -2.7209e-17)
(-0.18099 0.0970682 -7.45371e-20)
(0.598248 0.118668 -2.18544e-18)
(-0.176282 -0.0553529 -4.99061e-19)
(0.583832 0.00673424 -1.24765e-17)
(0.769721 -0.040955 0)
(0.441869 -0.0316584 -2.37538e-17)
(0.406441 0.188043 7.13301e-19)
(0.5147 0.0732168 -2.95007e-17)
(0.158473 0.0337305 6.1985e-18)
(0.729181 0.0293523 0)
(0.492604 0.0428027 5.86512e-17)
(0.502591 -0.00340278 -7.37272e-18)
(-0.0205728 0.255945 3.02796e-19)
(0.601186 -0.043086 1.15569e-17)
(0.451481 -0.051662 -2.64793e-17)
(0.658442 0.0297523 -2.72168e-18)
(0.386587 -0.0233106 1.51946e-17)
(0.691737 0.052758 6.99776e-18)
(0.498787 -0.0115268 1.60749e-17)
(0.143437 0.0326406 2.02411e-19)
(0.08978 -0.0107844 9.53363e-20)
(0.543261 -0.135279 6.01355e-18)
(0.50605 0.198388 1.11162e-18)
(0.701579 -0.0898214 5.6525e-18)
(0.703777 0.14542 -2.87713e-18)
(-0.0481338 -0.208039 0)
(0.424792 0.0310408 1.53148e-17)
(0.599641 -0.182326 1.39372e-17)
(-0.0582423 -0.153132 1.42924e-18)
(-0.0578617 -0.0816923 0)
(-0.0271855 0.130389 3.59562e-19)
(0.597018 0.100886 0)
(0.548255 0.0581173 1.02556e-17)
(0.528586 0.0196128 0)
(0.561677 0.0307206 3.87226e-18)
(0.425067 0.0603442 -7.77276e-19)
(0.611011 -0.0221913 -1.24599e-17)
(0.488508 -0.0429909 -8.32305e-18)
(-0.109742 0.16581 8.58533e-20)
(0.483742 0.0270781 0)
(0.530114 0.0299696 -5.73413e-18)
(0.889121 -0.0972904 3.9813e-18)
(0.193297 0.0614803 1.42787e-19)
(0.13667 -0.0497626 -8.01993e-19)
(0.441345 -0.00104692 0)
(0.873341 0.0174464 1.05671e-17)
(-0.137712 -0.137799 7.55471e-19)
(0.383266 0.0224646 1.33302e-17)
(-0.0779945 0.218701 4.36184e-19)
(0.622612 0.0704469 0)
(0.580016 -0.111036 -2.3546e-17)
(0.346021 0.0434993 2.18469e-17)
(0.684817 0.0530458 7.64712e-18)
(0.796954 -0.189226 0)
(0.279396 0.256519 3.33625e-19)
(0.112927 -0.0987683 0)
(0.153382 0.147753 0)
(0.528754 0.0190217 2.4744e-18)
(0.479324 -0.029175 -3.49508e-18)
(0.468444 -0.0099606 1.48778e-17)
(0.455276 -0.1494 9.87915e-21)
(0.739047 0.0637433 -1.03633e-17)
(0.663013 0.108047 4.79924e-18)
(-0.0442989 0.0226105 3.69827e-18)
(-0.0179875 0.0363113 0)
(0.46281 0.00715444 -1.46657e-17)
(0.665925 -0.0260794 -3.18566e-18)
(0.557399 -0.00368285 0)
(0.507771 -0.146731 -3.72911e-18)
(0.353236 -0.1766 -3.95651e-18)
(0.503555 -0.186847 2.69501e-18)
(-0.0445951 -0.091059 0)
(-0.00865522 0.13132 -3.90816e-19)
(0.564759 0.0186861 -2.19623e-18)
(0.507009 0.0342143 -4.83577e-18)
(0.144414 0.0175803 8.7801e-20)
(0.0869859 0.00193484 -3.30722e-19)
(0.834944 -0.05678 0)
(0.579478 0.0205779 0)
(0.570695 0.0126368 -5.98152e-18)
(0.459638 -0.0102132 2.96248e-17)
(-0.111568 -0.114221 1.88433e-18)
(-0.0470075 0.180911 1.39173e-18)
(0.435745 -0.145568 9.30887e-18)
(0.584636 0.158386 2.78244e-17)
(0.523906 0.0820617 -2.72767e-17)
(0.604078 0.00643075 0)
(0.851654 -0.0159181 0)
(0.474432 0.0347005 -2.04443e-18)
(0.394415 -0.0178057 -1.20394e-17)
(0.232334 -0.0535521 -1.76493e-18)
(0.484001 -0.000453529 0)
(0.44537 -0.0147493 -2.29757e-17)
(0.504606 0.0022786 -1.36234e-17)
(0.7 -0.0625777 0)
(0.466136 -0.0419119 2.56503e-17)
(0.552741 -0.0881418 0)
(0.618954 -0.152826 0)
(0.389122 -0.278039 1.15451e-18)
(0.58833 -0.139935 -1.9918e-17)
(0.548629 -0.124124 0)
(0.595142 0.0915359 -8.3087e-19)
(0.579016 0.00950436 -7.86697e-18)
(0.512126 -0.159587 8.45806e-18)
(0.503532 -0.0224398 0)
(0.100711 -0.242295 1.37363e-20)
(0.12188 0.27575 -4.86589e-20)
(0.514258 0.0336697 -8.53103e-19)
(0.625618 0.0561533 0)
(0.387747 -0.0358017 3.84804e-17)
(0.42038 0.0125013 8.39647e-18)
(0.376807 -0.198384 -1.35603e-19)
(-0.180194 -0.0462524 8.48325e-19)
(0.659304 -0.0470464 0)
(0.490861 0.00705388 -2.82719e-17)
(0.397917 0.0061438 -1.38931e-17)
(0.695877 0.0742105 4.28997e-18)
(0.54715 -0.0161271 -8.26561e-20)
(-0.0298655 0.14686 -1.07116e-18)
(-0.0903897 -0.0986425 3.84229e-19)
(0.549203 0.235512 6.50679e-19)
(0.578979 -0.0394938 0)
(0.558545 -0.00536104 -1.59833e-17)
(0.5333 -0.0086065 -7.43466e-18)
(0.202973 -0.197567 1.26546e-18)
(0.487262 0.0541655 0)
(0.444188 -0.00640524 1.47384e-17)
(0.441625 -0.150556 1.33647e-20)
(0.494795 -0.0441064 -3.05617e-17)
(0.211503 -0.0423367 0)
(0.480097 -0.00774514 3.0878e-17)
(0.775225 0.130495 0)
(0.532998 0.00104307 -5.66192e-18)
(0.280517 -0.18846 0)
(0.321549 -0.20352 4.33188e-19)
(0.489371 0.0231306 0)
(0.595345 -0.00921218 0)
(0.429498 -0.0375553 1.3719e-17)
(0.314091 0.176132 2.57344e-17)
(0.34523 0.0927661 -8.93408e-18)
(0.27222 0.211987 3.23284e-20)
(0.495693 0.0187701 2.95799e-17)
(0.374908 -0.196347 -1.23732e-18)
(0.415469 -0.0626271 -2.95374e-18)
(0.510881 -0.079639 0)
(0.537426 -0.0341518 -1.56238e-17)
(0.394379 0.0158553 -1.89996e-17)
(-0.13212 -0.00510994 5.20078e-19)
(0.486057 -0.00632316 0)
(0.502964 -0.0762827 1.52165e-17)
(0.661513 -0.014309 0)
(0.769486 -0.0672147 0)
(0.570208 -0.0626917 0)
(0.673404 0.0790121 5.91446e-18)
(0.533155 -0.0253342 1.65425e-17)
(0.52981 -0.0219046 -9.93598e-19)
(0.440132 -0.0194508 2.26114e-17)
(0.203264 0.0180231 -1.8399e-19)
(0.144238 -0.00878435 3.93497e-19)
(0.923479 -0.107514 -2.38644e-18)
(0.693495 -0.154387 8.55798e-18)
(0.430913 -0.110579 1.21973e-17)
(0.0627043 0.319762 0)
(-0.107081 -0.123144 -2.55117e-19)
(-0.0602303 0.178327 -2.41825e-19)
(0.550563 0.150949 1.55152e-18)
(0.586034 0.0870519 -2.89251e-19)
(-0.0771984 0.158004 0)
(-0.100705 -0.106546 -1.71762e-19)
(0.261617 0.116562 1.32931e-20)
(0.206389 -0.0859958 6.30269e-20)
(0.522436 0.0417891 7.45458e-18)
(0.643276 -0.098999 2.28297e-17)
(0.465063 -0.0146509 -2.29532e-17)
(0.743153 -0.0282007 0)
(0.490327 -0.0671884 -1.62833e-17)
(0.317881 -0.224946 6.64099e-19)
(0.473767 -0.117938 2.42346e-17)
(0.406117 0.0456362 -4.95885e-18)
(0.651161 0.0678946 0)
(0.101966 0.0447028 0)
(0.0573346 -0.0217059 0)
(0.397588 0.0244109 0)
(0.576336 -0.0771457 -6.77551e-18)
(0.559453 -0.1411 6.05521e-19)
(0.4914 0.00516161 1.59424e-17)
(0.52608 0.00688895 -1.46883e-17)
(0.464754 0.0016383 0)
(0.499123 0.0607347 1.24911e-17)
(0.471702 0.0150431 -3.66501e-18)
(0.836312 0.0822175 -1.41832e-18)
(0.472343 0.0118828 0)
(0.371528 -0.0675719 -1.4915e-17)
(0.454572 -0.0204058 0)
(0.136453 0.0141819 -9.23577e-19)
(0.209794 -0.00646076 5.44864e-19)
(0.059295 -0.0166023 -3.25461e-20)
(0.0948791 0.0287036 1.82482e-19)
(0.631032 0.175912 -9.00522e-18)
(0.0923821 -0.119458 -1.77772e-18)
(0.131293 0.151863 -3.12845e-19)
(0.476889 -0.0124395 -1.62592e-17)
(0.558043 0.0198009 0)
(0.533064 0.0311838 6.97982e-18)
(0.53825 -0.120349 1.36081e-17)
(0.415078 -0.0865974 -9.41241e-18)
(0.493771 0.195527 1.02155e-17)
(0.402181 0.0868549 9.27575e-18)
(0.482896 0.187779 -1.28135e-18)
(0.535679 0.154542 0)
(0.390829 -0.0140831 0)
(0.401473 -0.0297385 -1.18195e-17)
(0.369395 0.0129987 1.79021e-19)
(0.600751 -0.044583 -1.79195e-17)
(0.504961 -0.0471486 -1.54429e-17)
(0.510512 -0.00652653 2.98546e-17)
(0.347258 0.0555933 3.55478e-17)
(0.506686 -0.134848 -9.36286e-19)
(0.345328 -0.0149012 0)
(0.174922 -0.288392 0)
(0.223951 0.343076 -1.20275e-19)
(0.396807 -0.033994 0)
(0.486893 -0.0294349 7.93215e-20)
(0.471114 0.205875 1.712e-19)
(0.226241 -0.013028 1.69854e-18)
(0.278138 0.0184191 -9.85886e-19)
(0.549733 0.0229749 0)
(0.0427091 -0.0750511 0)
(0.0819848 0.105855 0)
(0.417069 0.125916 0)
(0.62187 0.0460819 0)
(0.435839 0.0571961 6.47805e-18)
(0.0438816 -0.0686008 -7.43451e-21)
(0.0974205 0.106287 -8.79015e-19)
(0.680569 -0.00603151 7.37826e-19)
(0.365082 -0.0211483 1.70929e-17)
(0.51913 -0.0407654 0)
(0.42449 -0.0572098 -2.40111e-17)
(0.384609 0.0498836 -1.21557e-17)
(0.00201974 -0.0626329 9.4065e-19)
(0.0270998 0.108704 -1.1635e-19)
(0.249503 -0.214019 0)
(0.858814 -0.111895 4.2708e-19)
(0.465778 -0.0606247 -1.34218e-17)
(0.501942 0.135668 1.07357e-17)
(0.116532 -0.076268 -6.97679e-19)
(0.167344 0.101321 -9.08438e-19)
(0.155914 0.109501 9.15957e-19)
(0.100636 -0.0795404 7.31322e-19)
(0.570102 -0.0152005 0)
(0.0870489 -0.213507 0)
(0.582963 0.0140132 7.83127e-18)
(0.433466 0.0551242 -2.2297e-17)
(0.29524 -0.0851794 6.21378e-18)
(-0.134007 -0.0542059 -2.07874e-18)
(-0.0963203 0.0876018 -2.89655e-19)
(0.733288 0.161629 -4.74004e-18)
(0.556251 0.0870442 2.92133e-17)
(0.509505 -0.00372768 0)
(0.585968 -0.0668796 0)
(0.504481 -0.015749 2.29181e-21)
(0.0053195 0.149204 1.33315e-18)
(0.505616 0.0531896 0)
(-0.221954 0.121149 -7.94907e-18)
(0.502305 0.175892 -4.72346e-18)
(0.582969 -0.0106887 -7.16738e-18)
(0.470986 0.0428867 -2.46527e-17)
(0.51458 -0.0492238 -1.08801e-17)
(-0.239687 0.435853 6.70379e-18)
(0.481666 -0.0231458 0)
(0.515729 -0.021392 -1.78927e-19)
(0.352279 -0.229872 -4.0441e-19)
(0.292971 -0.190264 -2.26984e-19)
(0.396903 0.306075 -1.02295e-18)
(0.35845 0.270915 3.70372e-19)
(0.508205 0.00423518 0)
(0.446385 0.00169456 1.1348e-17)
(0.488418 0.0118289 0)
(0.750594 0.148265 1.23748e-17)
(0.410235 0.260355 0)
(0.23302 -0.0183116 -9.49384e-18)
(0.47016 0.0930729 -4.86173e-17)
(0.406465 -0.0978488 1.45457e-17)
(0.152318 0.273812 2.35769e-20)
(0.24908 -0.0528863 2.03038e-18)
(0.651635 0.0232904 0)
(0.514112 -0.0226198 0)
(0.508047 0.028128 0)
(0.742381 0.178723 2.61075e-18)
(0.556023 -0.0300575 0)
(0.120848 -0.0809667 0)
(0.448436 0.0922908 0)
(0.254024 -0.228536 0)
(0.463925 -0.000466935 0)
(0.418317 0.103314 0)
(0.533412 0.00925657 1.9755e-17)
(0.509696 -0.0451704 0)
(0.509013 -0.0172494 0)
(0.00308235 -0.213838 0)
(0.55698 -0.106616 -4.76636e-19)
(0.490572 0.0475728 0)
(0.624109 0.203865 -4.35244e-19)
(0.0643333 -0.151632 9.14613e-18)
(0.454136 0.241657 0)
(0.584406 -0.108921 9.69576e-18)
(0.660749 -0.186634 1.85924e-17)
(0.906322 0.0301376 4.92076e-18)
(0.551143 -0.0600116 1.52369e-17)
(0.509594 0.0647298 0)
(0.445793 0.00805717 -3.00586e-17)
(0.457582 -0.0334502 -2.50137e-18)
(0.382789 -0.0371239 1.58452e-18)
(0.705318 -0.0485824 1.16341e-17)
(0.580776 0.0581739 0)
(0.567389 -0.0531265 -1.4078e-18)
(0.645064 -0.107543 3.23051e-18)
(0.459112 -0.0442521 1.23973e-17)
(0.429477 -0.0854575 0)
(0.660503 -0.0340969 -1.00671e-17)
(0.0481812 -0.104339 0)
(0.129422 0.140128 0)
(0.47894 0.00664373 -1.22222e-17)
(0.51076 0.0249716 0)
(0.427905 0.0359103 -1.56873e-17)
(0.429717 0.15807 0)
(0.503646 0.0296781 6.99487e-18)
(0.215945 -0.144438 0)
(0.25649 0.159843 0)
(-0.174208 0.0454163 -3.47375e-19)
(0.475381 -0.0049644 1.63627e-17)
(0.499903 0.219001 -2.60907e-17)
(0.388478 -0.0943147 1.68399e-17)
(0.332622 -0.208642 -4.24467e-19)
(0.591301 0.123014 0)
(0.54159 0.0112017 0)
(0.591893 0.0368189 -1.83357e-18)
(0.708815 -0.0428096 1.92958e-18)
(0.493041 0.0768964 0)
(0.0409018 0.155471 1.23866e-18)
(-0.0021042 -0.121201 -4.57795e-19)
(0.566322 -0.0173753 1.49485e-19)
(0.160224 0.300626 1.49293e-19)
(0.571918 0.0559859 1.55673e-17)
(0.508041 0.0235363 2.90885e-17)
(0.453709 0.0323113 2.85953e-19)
(0.544478 -0.0723535 0)
(0.441203 -0.0605512 -1.32219e-17)
(0.584968 -0.275869 1.9202e-17)
(0.478846 -0.103303 -1.40138e-17)
(-0.0111179 0.0645602 -9.46321e-18)
(0.672478 -0.0184609 1.35952e-19)
(0.770663 -0.0569107 0)
(0.453988 0.0380916 0)
(0.323942 -0.0543297 0)
(0.475844 -0.0411632 1.19644e-18)
(0.371211 -0.0563151 0)
(0.633866 -0.112916 6.84209e-19)
(0.551859 0.046417 1.54007e-17)
(0.0512433 -0.180036 0)
(-0.0790304 -0.0436688 7.78566e-20)
(-0.0550814 0.0849951 6.22361e-19)
(0.491883 0.0658872 -2.56403e-17)
(0.501022 -0.121608 -3.65012e-18)
(0.44236 0.0919175 -1.52563e-17)
(0.527007 0.102626 0)
(0.543331 -0.00907373 0)
(0.5135 -0.0411794 -3.24233e-17)
(0.389963 -0.0880628 1.8907e-17)
(0.645602 -0.0653764 0)
(0.501728 0.0117 0)
(0.65183 0.160223 2.16485e-18)
(0.390442 -0.042036 2.52412e-17)
(0.85554 0.037695 -9.21962e-18)
(0.435038 -0.0142955 1.32309e-17)
(0.289258 0.131371 2.06662e-18)
(0.501891 0.0486625 0)
(0.511781 -0.0335142 -2.8377e-17)
(0.534376 -0.109605 4.271e-17)
(0.35542 -0.294274 5.87156e-18)
(0.441148 -0.18383 8.29275e-18)
(0.06091 -0.116257 0)
(0.0839581 0.158913 0)
(0.494122 -0.0397535 1.41236e-17)
(0.0738209 -0.0766426 0)
(0.115134 0.115164 0)
(0.401998 0.10824 0)
(0.492291 0.0204791 -1.45292e-17)
(0.601998 0.0327634 0)
(0.124071 -0.00307141 0)
(0.080582 0.0227822 0)
(0.79199 -0.0511052 4.17891e-18)
(0.614138 0.0773853 0)
(0.516958 -0.0233749 0)
(0.495851 0.112135 0)
(0.544922 -0.00252815 -1.25228e-17)
(0.600357 0.0144142 6.3023e-18)
(0.136854 0.220472 -7.96037e-19)
(0.115665 -0.190552 3.25057e-18)
(0.462947 -0.0850667 2.26962e-17)
(0.538 0.042026 2.48355e-17)
(0.456822 -0.0682794 0)
(0.290223 -0.00322627 -1.47683e-17)
(0.312035 0.0134884 1.21001e-17)
(0.350119 0.0989765 0)
(0.677165 0.0393768 0)
(0.71104 0.161631 0)
(0.437374 0.0348753 1.56656e-17)
(0.618271 0.00233308 -1.46385e-18)
(0.0135998 -0.0425447 -1.0563e-19)
(0.047055 0.0770077 7.0898e-19)
(0.586291 0.093147 -2.83593e-18)
(-0.350302 -0.0439509 0)
(0.503428 0.0628705 -5.83431e-18)
(0.276481 0.0800853 -8.42659e-18)
(0.435305 0.155312 -1.11099e-17)
(0.168629 0.231924 2.3459e-18)
(0.401343 -0.0818962 2.99125e-17)
(0.537224 -0.0352504 -3.19554e-17)
(0.5956 0.124995 -1.18323e-18)
(0.462197 -0.0115266 6.07081e-18)
(0.608638 -0.143152 9.5928e-18)
(0.489932 -0.0171817 3.31887e-17)
(0.640184 -0.0624873 0)
(0.390629 -0.212899 1.11758e-18)
(0.164411 -0.0615188 7.34532e-19)
(0.218209 0.0921159 -1.44883e-20)
(0.34668 0.0642781 0)
(0.51241 -0.0155515 -2.99906e-17)
(0.262744 0.012262 -1.3599e-17)
(0.524015 0.0765437 0)
(0.706789 -0.0970752 -2.20937e-18)
(0.464644 0.250446 0)
(0.568639 -0.111268 3.15909e-20)
(0.461579 0.0255676 2.88402e-17)
(0.374332 0.189119 9.715e-18)
(0.413704 0.248745 6.81163e-20)
(0.220135 -0.0844609 1.2712e-18)
(0.272638 0.0951153 -5.68011e-19)
(0.738186 0.157733 9.35789e-19)
(0.481302 0.0210704 0)
(0.492651 0.0432697 6.8152e-18)
(0.498093 -0.00333069 7.48143e-18)
(0.397414 -0.171955 1.35173e-18)
(0.483425 0.254733 1.3217e-19)
(0.387566 -0.169143 5.46864e-19)
(0.458581 -0.178856 -7.04511e-19)
(0.449251 -0.207132 0)
(0.535513 -0.0656747 1.29247e-18)
(0.565586 -0.0416272 0)
(0.515964 0.0573563 0)
(0.336498 -0.0250145 1.63343e-17)
(0.368135 -0.0145533 -1.56499e-17)
(0.482291 0.00463635 1.24799e-17)
(0.421293 0.0277291 -1.871e-17)
(0.492339 0.0228899 0)
(0.482479 -0.106607 -1.52794e-17)
(0.751842 0.0568105 2.57872e-18)
(-0.147892 0.148911 0)
(0.50968 -0.0253827 4.3911e-19)
(0.468636 0.0958392 9.80713e-18)
(0.760143 -0.0714404 1.39094e-18)
(0.628438 0.175521 0)
(0.0118851 -0.0485606 2.27827e-20)
(0.0461436 0.0742651 -6.97099e-19)
(0.507207 -0.212272 6.17309e-18)
(0.410914 0.0237735 0)
(0.592595 -0.0125334 -1.1869e-17)
(0.290746 -0.00224291 1.16744e-17)
(0.490551 0.155053 1.2977e-18)
(0.491078 -0.0806616 -3.20445e-17)
(0.377953 -0.141947 -2.27813e-18)
(0.454949 0.0184672 1.2769e-17)
(0.445704 -0.144288 -2.19695e-19)
(0.0478918 0.0914777 -1.25061e-18)
(-0.000954402 -0.0565434 6.95991e-19)
(0.63516 0.168177 -9.87913e-18)
(0.620754 0.00942157 2.20713e-17)
(0.620065 -0.0609806 -2.83608e-19)
(0.453078 0.00229489 6.19938e-20)
(0.642182 0.159983 -5.61404e-18)
(0.390922 -0.0140248 -1.17711e-17)
(0.479328 0.0162754 1.34865e-17)
(0.568556 0.112449 -2.65535e-17)
(-0.0966951 -0.0944499 9.62999e-19)
(0.527941 0.0123837 -5.97172e-18)
(0.00366578 -0.136626 -1.60203e-18)
(0.541988 -0.0387225 7.9465e-18)
(-0.023159 0.221284 -3.14552e-19)
(0.389399 -0.00663957 0)
(0.491073 0.0464063 2.43943e-17)
(0.256412 -0.113651 4.25223e-18)
(0.0533385 0.238957 5.01073e-19)
(0.0255753 -0.194447 7.82386e-20)
(0.48383 0.0390562 -1.45159e-17)
(0.546885 -0.18761 0)
(0.463818 -0.125024 0)
(0.509175 -0.0265208 2.4555e-17)
(0.556651 -0.158838 0)
(0.774068 0.130208 -1.07612e-17)
(-0.0929098 0.11135 8.64807e-19)
(-0.124084 -0.0703606 -8.00874e-20)
(-0.0847208 0.0420653 -9.30157e-19)
(-0.107015 -0.00246334 -1.60334e-18)
(0.564984 -0.0239747 0)
(-0.164018 0.302571 -5.31826e-19)
(0.505807 0.14264 1.98654e-17)
(0.430539 0.0712123 0)
(0.497342 0.0482325 1.60701e-17)
(0.574056 0.0332832 1.89288e-18)
(0.807763 -0.27576 0)
(0.279718 -0.11383 0)
(0.300467 0.0113051 -3.75028e-18)
(0.386362 -0.0289289 -1.10875e-17)
(0.474044 0.114193 -5.01233e-19)
(0.0301319 0.131994 0)
(0.00661695 -0.0908417 6.68371e-19)
(0.545974 0.055637 2.02059e-17)
(0.0506687 -0.161687 1.20369e-18)
(0.0669607 0.191832 -3.40743e-19)
(0.556063 0.203122 -3.29542e-20)
(-0.0573546 -0.105675 -3.52512e-19)
(-0.0130359 0.139907 9.83127e-19)
(0.559317 0.0663921 0)
(0.215626 0.253989 0)
(0.765952 -0.0581325 1.09007e-17)
(0.525805 -0.0166723 -1.55286e-17)
(0.575965 0.0989389 1.26442e-17)
(0.562116 0.101197 -2.46872e-18)
(0.468575 0.0860893 -5.82137e-18)
(0.524925 -0.0319816 0)
(0.527833 -0.0123367 9.3412e-19)
(0.80397 0.0275771 -3.93398e-18)
(0.317186 -0.00578592 -3.87318e-18)
(0.363997 -0.0665316 0)
(0.128799 0.248058 -1.58588e-19)
(0.097154 -0.225216 2.44752e-19)
(0.483956 -0.0151556 -3.68221e-17)
(0.365829 0.103303 -2.79632e-18)
(-0.0392459 0.163076 -3.18706e-19)
(-0.0685816 -0.117182 -1.28104e-19)
(0.450025 0.042272 7.1101e-18)
(0.401817 -0.00758987 -6.95705e-18)
(0.504774 0.0161726 1.7061e-17)
(0.607342 0.0257152 3.55281e-19)
(0.581514 0.0988027 -7.7223e-19)
(-0.0647768 0.152796 0)
(-0.10676 -0.106883 0)
(0.828733 -0.0247256 9.83425e-18)
(0.530635 0.163934 2.35156e-17)
(0.414963 0.21521 0)
(0.553382 0.0151158 -1.40758e-17)
(0.536916 0.0121099 -1.74599e-17)
(0.557385 0.00829167 1.28146e-17)
(0.502312 -0.0431316 6.6385e-18)
(0.55375 0.0317759 0)
(0.508789 0.00436326 1.57019e-17)
(0.5524 -0.0223556 0)
(0.400565 0.0285887 1.06644e-17)
(0.574549 0.0963277 1.30704e-17)
(-0.21877 -0.0700221 7.71846e-19)
(0.424257 -0.00459698 0)
(-0.147305 -0.014193 0)
(0.561686 0.00495555 0)
(0.539226 -0.135324 4.26482e-19)
(0.530823 0.0207192 0)
(0.609195 -0.0471289 1.56657e-19)
(-0.144299 -0.0912964 -1.56246e-18)
(-0.125491 0.129457 3.23763e-19)
(0.550696 0.0329693 -3.58973e-18)
(0.236554 -0.017628 -4.30453e-18)
(0.0966882 -0.143344 0)
(0.142599 -0.233807 0)
(0.184234 0.28714 3.41182e-20)
(0.495201 0.0100591 9.09426e-18)
(0.168313 0.30248 1.85123e-19)
(0.142024 -0.261441 0)
(0.544396 0.0123705 -1.45578e-17)
(0.520655 -0.0334101 0)
(-0.0343804 -0.133141 -1.16494e-18)
(0.573749 0.167963 0)
(-0.171698 0.0166755 1.55353e-18)
(0.487705 -0.00646525 -3.32567e-17)
(-0.185528 0.0115119 9.86389e-19)
(0.634712 0.0117668 1.49994e-17)
(0.456862 -0.00418718 0)
(0.195611 0.00298298 0)
(0.810362 -0.052924 0)
(0.0532961 -0.214185 -1.35112e-19)
(0.0807987 0.263273 3.37953e-19)
(0.575453 -0.053626 2.82523e-17)
(0.00787287 -0.0540543 3.7779e-20)
(0.0474565 0.0935502 -5.54674e-19)
(0.600216 0.199533 0)
(0.391966 -0.0742174 1.32463e-17)
(0.707873 0.0960657 -2.19927e-18)
(0.708558 0.0929983 0)
(0.718948 0.215029 0)
(0.562811 -0.0138599 -1.43245e-17)
(0.501679 -0.0285749 -1.17616e-17)
(0.511598 -0.00487535 1.58183e-17)
(0.573679 0.202283 -3.64642e-18)
(0.598316 0.064565 -4.92279e-18)
(0.410278 0.00287982 -2.8711e-17)
(0.0104632 -0.0385483 1.70332e-19)
(0.0511469 0.0660282 2.89047e-20)
(0.496899 0.0674011 7.27419e-18)
(0.497109 -0.0176801 -1.1835e-17)
(0.551883 0.0159383 0)
(0.436186 0.084864 -7.57636e-18)
(0.375477 0.0290813 -1.10622e-17)
(0.773113 -0.0594548 -1.18413e-18)
(0.707658 -0.0815447 0)
(0.774748 0.178746 1.32803e-18)
(0.748797 0.156172 0)
(-0.0793353 0.243949 0)
(0.521746 -0.0288576 1.25711e-17)
(0.581921 -0.260387 5.6452e-18)
(0.584615 -0.0661082 -1.07899e-17)
(0.315845 -0.207813 0)
(0.717852 0.111257 0)
(0.521778 0.23147 -9.8496e-18)
(0.501538 0.225286 5.30979e-18)
(0.633923 0.0560793 -6.28367e-18)
(0.415137 -0.000721943 0)
(0.431843 0.288339 0)
(0.553314 0.0141567 -3.59295e-18)
(0.658647 -0.0110451 -3.62028e-20)
(0.424748 -0.00248014 0)
(0.0771837 -0.194175 -2.50407e-19)
(0.120676 0.236094 4.77749e-19)
(0.47946 0.0955664 -4.36445e-18)
(-0.0596862 -0.0740978 -2.21178e-19)
(-0.0022832 0.112188 5.81579e-19)
(0.737565 -0.0375627 0)
(0.781702 -0.0787568 8.95006e-18)
(0.510843 0.0239268 2.60598e-17)
(0.483949 -0.0401616 -1.60915e-17)
(0.549632 0.0625002 -1.57907e-17)
(0.489157 -0.00391177 0)
(0.651315 0.0534415 -1.55172e-18)
(0.682389 0.0687021 7.04906e-19)
(-0.106064 -0.0545616 1.65755e-18)
(-0.0904887 0.0934389 -6.68295e-19)
(0.443366 -0.0694921 8.76742e-18)
(0.151645 0.071556 0)
(0.484047 -0.0445946 0)
(0.552496 0.0114385 -1.64344e-17)
(0.475306 -0.00645248 2.92604e-17)
(0.413899 -0.191194 -7.4732e-19)
(0.497356 -0.0427892 3.12314e-18)
(0.378212 0.202352 -9.38231e-18)
(0.65236 0.0115464 0)
(0.607144 0.0228359 -1.00765e-18)
(0.0684043 -0.120182 0)
(0.122224 0.156731 0)
(0.665137 0.000171352 5.59287e-18)
(0.839935 0.0490591 1.94253e-17)
(0.463014 -0.0555355 7.65886e-18)
(0.413035 -0.0101342 0)
(0.654054 0.0792065 -2.73232e-18)
(0.446214 0.00547813 -8.77231e-18)
(-0.00136232 -0.0133223 2.35633e-18)
(-0.0529233 0.307791 5.22947e-19)
(0.641131 0.158639 1.33923e-18)
(0.619746 0.0278627 0)
(0.330235 -0.262518 0)
(0.00773053 0.134952 1.16634e-18)
(0.026225 0.0469989 7.5338e-20)
(0.366104 -0.0218471 5.9937e-18)
(-0.023096 -0.070945 2.09913e-19)
(0.0166411 0.102085 -5.52015e-19)
(0.387081 -0.0208334 0)
(0.66894 0.0956813 -3.02622e-18)
(0.421985 0.0466384 2.85073e-18)
(0.382618 0.0837355 7.14917e-18)
(0.465944 -0.0587376 -9.17025e-18)
(0.542909 -0.140701 5.06586e-19)
(0.604322 0.098362 1.44518e-18)
(0.600276 0.10216 -1.05992e-17)
(0.565194 0.20004 1.01649e-17)
(-0.203819 -0.0655261 -8.21397e-19)
(0.451716 0.0471328 2.03565e-17)
(0.0206687 -0.0277988 1.81321e-19)
(0.0480484 0.0591462 -5.41707e-19)
(0.298325 0.0291733 0)
(0.551982 0.0345294 -7.99271e-18)
(0.393618 -0.0373005 -6.53002e-18)
(0.563607 0.0429011 -2.60958e-17)
(0.513054 0.0418564 -1.70069e-18)
(0.764152 0.159031 -1.00528e-17)
(0.460146 -0.0468926 1.65973e-17)
(0.525427 0.0829003 -1.02914e-17)
(0.192039 0.271221 1.01898e-20)
(0.159523 -0.229342 0)
(0.457042 -0.164379 -6.70086e-18)
(0.560897 0.0246171 7.43914e-18)
(0.711201 0.21671 7.03754e-19)
(0.0201427 0.0926704 1.13133e-18)
(-0.0188683 -0.0593131 -8.15851e-19)
(0.441601 -0.181808 7.8224e-18)
(0.713382 0.172579 0)
(0.613546 -0.074481 1.37989e-18)
(0.655428 0.127939 1.05586e-18)
(-0.0751015 0.124669 -2.78472e-18)
(-0.103933 -0.0716318 -4.26438e-19)
(0.438609 -0.167589 -1.06779e-17)
(0.509168 0.0152407 -1.78707e-17)
(0.521821 -0.0131173 -1.4881e-17)
(-0.0620052 0.129377 2.51015e-18)
(-0.0907643 -0.0892821 3.26682e-19)
(0.530949 0.0449795 1.39941e-17)
(0.553804 -0.0251181 3.08594e-17)
(0.504233 -0.157632 -9.03814e-19)
(0.589309 0.0808123 0)
(0.602587 -0.138822 1.02078e-17)
(0.0900577 -0.0334772 -9.31425e-18)
(0.552981 0.019647 2.38841e-17)
(0.340404 -0.202299 5.41873e-18)
(0.468854 0.0374364 0)
(0.788776 0.149925 0)
(0.496562 -0.00497932 -8.68208e-20)
(-0.19529 -0.0436078 6.38817e-19)
(0.779321 -0.0828574 -4.10773e-18)
(0.657218 0.0920063 0)
(0.374387 -0.0129136 3.63638e-17)
(0.635643 -0.00930962 0)
(0.565776 -0.0128778 -6.84072e-18)
(0.473747 -0.0143774 0)
(0.528609 -0.000734341 1.94761e-17)
(0.596146 -0.0737665 -1.40798e-17)
(0.0883116 0.274676 -4.89916e-19)
(0.0429618 -0.244079 -1.1964e-19)
(0.339257 0.325671 0)
(0.293402 -0.245822 0)
(0.573198 0.0537996 0)
(0.465655 -0.167161 5.37107e-18)
(0.52856 -0.0216967 -7.89965e-18)
(0.64726 0.14501 0)
(0.626976 0.00274961 3.91186e-19)
(-0.214578 0.191719 0)
(0.695398 0.102292 1.24774e-19)
(-0.0738123 -0.134538 -2.19082e-18)
(0.507289 0.00459551 3.99691e-18)
(0.506661 -0.000506419 0)
(0.436616 0.0305833 6.80196e-18)
(0.613229 0.0912482 -1.49612e-17)
(-0.136937 -0.111708 1.54196e-18)
(0.785424 0.134874 0)
(0.541298 0.0054913 2.25995e-17)
(0.469666 -0.0224254 -3.64661e-18)
(0.642661 0.0248608 -3.50474e-18)
(0.209016 -0.248552 0)
(0.244106 0.314411 -1.76705e-19)
(0.436484 -0.0353845 -2.39446e-17)
(0.461651 0.0333052 -5.90342e-18)
(0.464771 0.0495467 -8.2124e-18)
(0.739251 0.0924839 -8.45173e-18)
(0.141781 -0.27108 0)
(0.171752 0.313912 0)
(0.462673 0.0264451 -2.75856e-17)
(0.680307 0.0554097 -9.50971e-18)
(0.665367 0.0469223 0)
(0.759203 -0.0876149 5.48165e-19)
(0.855586 -0.111833 0)
(0.653008 0.172223 -4.28999e-19)
(0.554587 0.0557125 1.5215e-17)
(0.554154 0.0228465 -2.9086e-17)
(0.397511 0.0191957 0)
(0.156135 0.271714 0)
(0.118399 -0.247826 -1.15559e-18)
(-0.0824868 -0.0535427 0)
(-0.0519547 0.100437 0)
(-0.0793787 -0.0853467 -1.04373e-19)
(-0.0462637 0.125963 -3.49089e-19)
(0.635337 0.0425204 -1.60236e-19)
(0.491673 -0.0151053 -7.10477e-18)
(-0.00167696 0.109511 0)
(-0.0229805 -0.0777871 0)
(0.770162 -0.0578056 -1.80427e-17)
(0.547359 0.0544845 1.78558e-18)
(0.499461 -0.0428866 1.35852e-17)
(0.483113 0.0303759 -2.76221e-17)
(0.475558 0.00611116 1.52916e-17)
(0.0651772 -0.210673 -3.74299e-19)
(0.118995 0.240956 1.61797e-19)
(0.0239821 0.0826664 -5.36364e-19)
(-0.00894398 -0.0474939 8.70061e-20)
(0.0177751 -0.0632491 -1.68279e-20)
(0.0388413 0.0947464 -2.58777e-19)
(-0.0214595 -0.0543848 0)
(0.0132303 0.0883672 0)
(0.0870104 -0.210651 3.00871e-19)
(0.126641 0.243282 -6.32447e-19)
(0.0124612 -0.170285 -7.4723e-19)
(0.0608332 0.213138 1.86574e-18)
(0.386622 0.0160771 -1.51202e-17)
(0.500416 -0.000113921 0)
(0.640611 0.0366582 3.75849e-18)
(0.62909 0.124377 3.10293e-19)
(0.598387 0.162911 -1.05532e-18)
(0.544335 0.0315793 0)
(0.432329 -0.0466307 0)
(0.658489 0.150335 -7.34285e-18)
(0.49119 0.0012787 1.57355e-17)
(0.530583 -0.0304971 0)
(0.853641 -0.0111231 -1.05874e-17)
(0.831684 0.0213406 9.78406e-18)
(0.681573 -0.0936128 -6.89252e-19)
(0.62631 -0.0317651 4.36908e-18)
(0.0621975 -0.103944 -6.37738e-20)
(0.0975328 0.133972 1.65453e-18)
(0.525917 -0.0448643 -1.71904e-17)
(0.494187 -0.0288726 1.63455e-17)
(0.203588 -0.160124 0)
(0.233278 0.175997 0)
(0.200355 0.078365 0)
(0.0218205 -0.0352667 0)
(0.0606315 0.0609653 0)
(0.629097 0.0137024 -1.01524e-17)
(0.691022 -0.0827009 0)
(0.714446 0.157131 -1.02832e-18)
(0.023315 0.108155 -6.58203e-19)
(0.00297142 -0.077371 8.36636e-20)
(0.00586359 -0.0487968 -2.90024e-20)
(0.0505416 0.0837111 -4.23298e-19)
(0.507258 -0.0532965 -6.1537e-18)
(0.582215 0.0838175 5.78444e-18)
(0.28811 -0.237226 8.6047e-19)
(0.00438424 -0.17826 0)
(0.0443664 0.225914 5.41822e-19)
(0.565505 -0.0923281 -7.30278e-18)
(0.603981 0.00430498 0)
(0.419807 0.263215 0)
(0.689835 -0.0979087 -1.98273e-17)
(0.222502 0.225676 -1.07513e-17)
(0.626429 0.0375577 1.4169e-17)
(0.089799 -0.231708 -2.25405e-19)
(0.118035 0.265237 0)
(-0.0474629 -0.165566 2.09234e-18)
(0.199522 -0.0501013 -6.98216e-19)
(0.260172 0.0763988 3.54539e-19)
(0.508458 -0.0883165 -6.67881e-18)
(0.562779 0.0192866 0)
(0.783129 0.133715 3.68427e-20)
(0.502382 0.0544519 1.46941e-17)
(0.484047 0.0554393 7.2519e-18)
(-0.151764 -0.0699265 1.76085e-18)
(-0.130556 0.116597 -1.16529e-18)
(0.598704 -0.0663298 1.53821e-18)
(1.00132 0.0260252 0)
(0.36588 0.150928 2.52733e-18)
(0.616176 0.16142 -1.54034e-18)
(0.407635 0.0226797 -2.01431e-17)
(0.506007 0.0094991 0)
(0.55085 -0.029108 1.49907e-17)
(0.520871 0.0642026 -1.54933e-17)
(0.639446 -0.0282389 0)
(0.658739 -0.0514061 1.48819e-17)
(0.387612 -0.109614 -2.65596e-17)
(0.263278 -0.237897 6.28525e-18)
(0.0757791 -0.0326532 0)
(0.146192 0.0715765 0)
(0.772366 0.163449 -1.39709e-17)
(0.569314 -0.017259 8.29986e-20)
(0.498652 0.000110946 -5.61904e-18)
(0.493077 -0.00914835 5.01593e-18)
(0.429015 -0.0184995 -1.32185e-17)
(0.449205 -0.0295136 0)
(0.239138 -0.20119 -6.33876e-18)
(0.517416 -0.111237 1.24636e-18)
(0.621483 -0.0267931 -4.50878e-18)
(-0.0220884 -0.154871 -6.70648e-19)
(0.714804 0.0331499 -1.90015e-18)
(0.216348 0.0518495 9.73354e-19)
(0.489126 -0.00810369 0)
(0.316499 0.0191875 -1.1067e-17)
(0.313705 0.245022 2.72459e-18)
(0.56713 -0.0166214 0)
(0.534911 -0.0319355 0)
(0.516735 0.00408392 0)
(0.468234 0.0473903 7.71776e-18)
(0.557408 0.0146486 -1.5281e-17)
(0.632624 0.00766295 1.5403e-17)
(0.596527 -0.0355858 -7.6095e-18)
(0.487605 -0.0817255 -2.14011e-18)
(0.126887 -0.0577901 1.35381e-17)
(0.511245 -0.0054345 4.29751e-18)
(0.495224 0.000986404 1.37231e-17)
(0.108737 -0.23423 0)
(0.138699 0.283521 0)
(0.185476 -0.0142375 3.77075e-19)
(0.250694 0.0123494 2.48992e-19)
(0.373865 -0.0560048 0)
(0.554255 -0.191065 -4.27322e-18)
(0.400423 0.0547509 1.46671e-17)
(0.165858 0.279607 -5.06357e-19)
(0.160137 -0.242179 0)
(0.570589 -0.0158885 -1.82603e-18)
(0.509322 -0.0371048 6.51299e-18)
(0.491107 -0.0355814 3.4216e-18)
(0.385402 0.0650146 1.89235e-17)
(0.205079 -0.0115246 -1.21401e-18)
(0.257913 0.00944083 0)
(0.57295 0.00947675 -2.21138e-18)
(0.76942 0.00962232 4.04901e-19)
(0.572829 -0.0875533 -2.03862e-19)
(0.515349 -0.0113131 1.74512e-17)
(0.508845 -0.00498018 -1.58424e-17)
(0.323153 0.182611 0)
(0.552556 -0.00450318 0)
(0.204168 -0.244791 0)
(0.504713 0.0103582 -2.02663e-17)
(0.589255 -0.0133319 -7.18013e-18)
(0.533105 -0.0196395 -4.10976e-18)
(0.119747 -0.199663 -3.85607e-18)
(0.773522 -0.137882 9.59581e-18)
(-0.014995 -0.185647 1.91749e-18)
(0.775497 0.0968303 0)
(0.498334 0.00413743 0)
(0.490368 -0.00162047 -5.88772e-18)
(0.498284 0.00864937 8.86881e-18)
(0.503619 -0.00860724 0)
(0.582314 0.155357 -1.26506e-18)
(0.43198 -0.090606 4.99052e-18)
(0.666575 0.0753446 -1.2045e-17)
(0.655576 -0.0774671 1.16798e-17)
(-0.0205991 0.100874 0)
(-0.0492896 -0.0596275 0)
(0.515224 0.0182565 1.87624e-17)
(0.644457 0.0968063 0)
(0.886209 -0.0534722 -1.51919e-19)
(0.517056 0.0288837 -1.38777e-17)
(0.171633 0.258619 -1.01316e-19)
(0.186382 0.25933 0)
(0.105338 -0.201193 4.62704e-19)
(0.627018 0.131229 1.69589e-18)
(0.696582 0.117394 1.63286e-18)
(0.123537 -0.25268 -5.90177e-19)
(0.670649 0.150665 -6.71813e-18)
(0.31319 0.256358 0)
(0.864733 -0.0674785 -4.5708e-18)
(0.696924 -0.101051 -1.33345e-17)
(-0.00873731 -0.0343427 -1.76452e-18)
(0.00994789 0.096156 0)
(0.207068 0.271266 0)
(-0.0513358 -0.330973 -2.22767e-18)
(0.495179 -0.0164048 -1.32812e-19)
(0.497628 -0.00606271 -1.14044e-17)
(0.344232 0.248255 3.7635e-19)
(0.657001 -0.0600533 1.83983e-17)
(0.18431 -0.243279 8.32604e-19)
(0.593449 -0.101507 5.36045e-18)
(0.125394 -0.0408181 -1.25417e-19)
(0.174718 0.0723456 -4.80187e-19)
(0.533162 -0.000321522 1.59977e-17)
(0.507327 -0.0361153 -3.48077e-20)
(0.454462 0.196383 0)
(0.502039 0.148612 0)
(0.498642 0.131574 -1.05174e-17)
(0.652105 0.205232 0)
(0.559155 -0.0696555 -7.63234e-18)
(0.51878 0.00972384 1.66288e-17)
(0.527576 0.00647752 -8.15635e-18)
(0.415835 -0.0735866 1.17672e-17)
(-0.0698362 0.114694 1.26496e-18)
(-0.0836506 -0.0694015 0)
(0.0819625 0.235435 0)
(0.557249 -0.0718223 4.02685e-18)
(0.316248 -0.214317 0)
(0.933866 -0.0110845 -2.96221e-18)
(0.51833 -0.129333 0)
(0.532029 0.0419102 -1.30605e-17)
(0.828248 0.108885 -1.53548e-18)
(0.844917 0.108625 -1.53915e-18)
(0.494269 0.0141177 -1.52394e-17)
(0.544073 -0.0145256 -4.12664e-18)
(0.485028 -0.0358255 0)
(0.501882 -0.00461199 0)
(0.49803 -0.00748883 1.12251e-17)
(0.488645 0.0245522 2.39999e-17)
(0.626169 -0.053375 -1.29265e-17)
(0.452844 -0.120552 0)
(0.509575 -0.0470529 2.64466e-17)
(0.458889 0.0123703 5.57889e-18)
(0.838247 0.0494827 6.07759e-18)
(0.780843 0.0407583 -1.54094e-19)
(-0.0761007 0.48627 0)
(0.654335 -0.0687349 -1.47444e-17)
(0.546809 -0.091686 -7.59992e-18)
(0.521496 0.012234 -1.5789e-17)
(0.815773 0.00184205 -1.78015e-18)
(0.790277 -0.0321769 0)
(0.520335 -0.0105056 -2.57495e-17)
(0.460941 0.115289 0)
(0.433768 -0.160344 2.39593e-18)
(0.348753 -0.241095 -5.30518e-18)
(0.486557 0.056938 1.45645e-17)
(0.498829 0.0265493 0)
(0.286749 -0.235496 0)
(0.533153 0.0299217 1.21918e-17)
(0.159921 0.24261 4.52171e-19)
(0.124339 -0.222281 2.25312e-19)
(0.490113 -0.067778 0)
(0.5189 0.0243084 -7.42375e-18)
(0.500215 -0.00793761 0)
(0.491281 -0.0109384 4.40124e-18)
(0.441702 -0.123574 -1.70711e-18)
(0.413512 0.0127896 3.12382e-18)
(0.863398 -0.0129031 0)
(0.0616306 0.232411 -8.45339e-19)
(0.287444 0.118758 -3.26801e-19)
(0.247184 -0.107569 -1.22268e-19)
(0.514945 0.0281494 3.64483e-18)
(-0.17031 0.106995 8.23387e-19)
(-0.184235 -0.0754867 -8.68924e-20)
(0.0681753 0.0035469 0)
(0.106565 0.00949102 0)
(0.54816 0.0403994 5.84976e-18)
(0.233258 0.140058 0)
(0.178303 -0.10734 0)
(0.462224 -0.168937 1.24287e-18)
(0.475538 0.250956 1.42575e-18)
(0.890822 0.000362379 -9.96518e-19)
(0.536315 -0.05485 0)
(0.734495 0.0922969 -8.12027e-19)
(0.69019 0.0313342 0)
(0.427858 0.262442 -3.68496e-19)
(0.52262 0.00104872 1.05964e-18)
(0.732184 -0.0294091 -1.56302e-18)
(0.447328 0.0320099 0)
(0.514976 0.0292309 -2.70392e-17)
(0.454348 0.0543219 7.84475e-18)
(0.493711 0.00566495 -8.14072e-18)
(0.624422 -0.0410636 0)
(0.286195 0.0330246 1.95428e-17)
(0.55703 0.112954 0)
(0.434124 0.0247012 0)
(0.579354 0.00423251 0)
(0.882684 0.0443074 0)
(0.546691 0.0102945 1.70477e-17)
(0.153742 -0.191779 3.62488e-18)
(0.166436 0.214447 -1.32319e-18)
(0.61729 -0.0120288 -6.91182e-18)
(0.536724 -0.274928 -2.82081e-18)
(-0.132098 -0.0257653 -7.2644e-19)
(0.597636 -0.007126 1.49115e-17)
(0.574746 -0.0159461 -3.24245e-18)
(0.049261 -0.126326 0)
(-0.00605631 -0.134143 -2.87675e-19)
(0.570333 0.0122032 1.41711e-17)
(0.129084 0.289007 0)
(0.104482 -0.245111 0)
(0.578017 -0.131471 0)
(0.4983 -0.0231345 0)
(0.465385 0.00205296 1.77627e-17)
(-0.198992 0.0787265 -1.06436e-18)
(0.399323 0.0128283 0)
(0.485713 0.158312 0)
(0.553184 -0.0256359 0)
(0.505074 0.0188361 -1.70344e-17)
(0.846586 -0.0212421 4.50688e-19)
(0.481442 0.174891 -7.01346e-19)
(-0.0547461 0.112364 0)
(0.477539 0.0123914 0)
(0.857534 -0.0220338 -6.16321e-18)
(0.353258 -0.00370889 -1.25101e-18)
(0.608452 0.0273055 2.98011e-17)
(0.508378 0.216427 -8.37274e-18)
(1.08762 0.0175253 5.17815e-18)
(0.392548 0.213029 8.38935e-19)
(0.281554 -0.116566 1.91726e-18)
(0.56778 0.0117003 -8.20786e-18)
(0.0465575 0.00980275 -3.01145e-19)
(0.0856661 0.0134762 3.85751e-19)
(0.628166 0.0836456 0)
(0.416744 0.0671898 1.34616e-17)
(0.531056 -0.043582 -1.43046e-17)
(0.826619 0.158646 -2.66116e-18)
(0.788776 0.117005 -1.56704e-18)
(0.0553556 0.127221 -6.04438e-19)
(0.0293589 -0.0855574 -9.98535e-19)
(0.732533 -0.0422912 1.55093e-18)
(0.0869213 0.0468324 -2.49081e-18)
(0.107155 0.157276 6.29548e-19)
(0.0821693 -0.116953 -1.60821e-18)
(0.577578 0.0301676 -6.45049e-19)
(0.821439 0.0307368 -2.73503e-18)
(0.687406 -0.0442753 0)
(-0.124206 -0.11896 -9.15213e-19)
(-0.0275569 -0.12419 -1.46683e-17)
(0.534492 0.0795729 0)
(0.651563 -0.0355145 0)
(0.545675 0.00744861 -8.59714e-18)
(0.499075 0.079938 4.91754e-19)
(0.488013 -0.05877 0)
(0.690166 -0.0509968 -5.88424e-19)
(0.586397 0.0204291 -6.91881e-18)
(0.472409 -0.0952703 -1.56305e-17)
(0.658967 -0.00766624 0)
(0.533829 -0.101596 1.29757e-17)
(0.526498 -0.00845306 2.08709e-17)
(0.554058 -0.0288105 6.36306e-18)
(-0.112321 -0.216296 -1.64151e-19)
(0.513675 0.00432632 3.42846e-17)
(0.720412 0.110151 -1.17649e-18)
(0.639444 -0.221942 1.2809e-18)
(0.501145 0.190332 2.29657e-18)
(0.570311 0.173649 5.25277e-19)
(0.430769 0.0131065 -9.17296e-18)
(0.622552 0.0991065 -1.03023e-17)
(0.494211 0.0380748 0)
(0.474261 -0.00770798 0)
(0.560564 0.00134087 -2.2915e-17)
(0.559998 -0.00293372 3.45566e-18)
(0.047263 -0.03771 -2.98289e-20)
(0.0885148 0.0635109 -1.36594e-19)
(0.235526 -0.248505 0)
(0.518429 0.0289521 1.37806e-17)
(0.673248 -0.0124976 0)
(0.732155 0.00538214 0)
(0.613716 -0.134546 -1.65385e-18)
(0.640843 -0.0916768 0)
(0.618076 -0.103301 -3.86089e-19)
(0.733849 -0.0219801 1.63715e-18)
(0.559306 -0.10871 3.61535e-18)
(0.168028 0.158184 0)
(0.120734 -0.119828 0)
(-0.0806043 -0.027918 -4.96889e-19)
(-0.143287 0.206593 -5.21367e-19)
(0.217046 -0.223665 2.65153e-19)
(0.238768 0.244565 2.1411e-20)
(0.556946 -0.0164271 2.28404e-18)
(0.507152 0.0522657 1.47183e-17)
(0.478796 0.0365237 0)
(0.412779 -0.0189654 4.51226e-17)
(0.078148 0.137992 4.97732e-19)
(0.0495938 -0.0935758 3.18828e-19)
(0.703591 -0.0761031 6.20584e-18)
(0.08672 -0.100852 -1.06716e-18)
(0.118712 0.143565 3.21806e-19)
(0.220574 0.236786 -2.5052e-18)
(0.596924 0.0940399 -1.72644e-18)
(0.565667 0.00014249 0)
(0.589111 0.0323013 -5.24238e-19)
(0.341531 -0.0485334 -5.33925e-19)
(-0.139609 -0.00111563 -6.0988e-19)
(0.598913 0.051867 -1.73912e-17)
(0.514628 0.0107436 2.32658e-17)
(0.161119 0.056343 -2.36782e-19)
(0.109174 -0.0224838 -1.11518e-19)
(0.662772 0.0414946 -7.94093e-19)
(0.537568 -0.080309 6.57114e-18)
(0.580282 -0.013731 -3.70853e-18)
(0.507841 -0.00304976 -3.11697e-17)
(0.512483 -0.0107038 2.38302e-17)
(0.684514 0.149331 -8.74058e-19)
(0.544102 0.138854 0)
(0.563965 0.095895 0)
(0.730978 -0.0644026 -1.75143e-19)
(0.7305 -0.0200403 1.14143e-18)
(0.37752 -0.0308149 -1.37621e-17)
(0.513558 0.00417844 1.41513e-17)
(0.550367 0.0460394 -2.62459e-18)
(0.864155 0.142373 -3.60455e-19)
(0.725206 0.166272 -1.04058e-18)
(0.689187 0.134673 2.28233e-18)
(0.4231 0.0242643 -7.28317e-19)
(0.624374 -0.0818732 -6.90629e-18)
(0.597328 -0.0395512 -7.95919e-18)
(0.531016 -0.00355187 0)
(0.634063 0.14729 3.91801e-19)
(0.595181 0.153488 0)
(0.496204 0.00093616 1.42055e-17)
(0.4669 0.00128226 1.68841e-17)
(0.325593 0.023442 2.56632e-17)
(0.347636 -0.0860011 -2.26488e-17)
(0.697416 0.0254201 0)
(0.385739 -0.149576 0)
(0.545892 -0.0141637 -2.73444e-17)
(0.559442 0.00338997 4.10118e-18)
(0.494889 0.280328 1.71612e-18)
(0.552909 -0.0248338 0)
(0.564952 0.0318849 0)
(0.55678 -0.00849261 2.17539e-17)
(0.439795 -0.00889808 1.86355e-18)
(0.587953 0.0483509 6.50743e-18)
(0.881388 -0.0103032 -2.33328e-18)
(0.323133 0.228734 -2.30586e-18)
(0.632228 -0.0480541 0)
(0.119778 0.26089 0)
(0.587191 0.112495 -1.62114e-17)
(0.686196 0.00434649 0)
(0.322727 0.268576 0)
(0.45532 0.243536 -2.27074e-18)
(0.71249 -0.0383433 -6.98659e-18)
(0.412533 0.00765319 2.48288e-18)
(0.573826 0.144541 -2.55396e-18)
(0.649358 0.0770795 6.41667e-18)
(0.51336 -0.0200624 -1.58538e-17)
(-0.226041 -0.315742 2.34688e-18)
(0.654272 0.032169 -6.51244e-18)
(0.521179 -0.0132044 3.88366e-19)
(0.312023 0.187093 4.26119e-18)
(0.546581 -0.00105053 1.56982e-17)
(0.652946 -0.094231 0)
(0.663911 0.0313621 -3.02742e-18)
(0.653139 -0.0514918 0)
(0.584287 -0.0539434 -1.30941e-18)
(0.682402 0.0493452 2.35707e-18)
(0.49217 -0.057345 0)
(0.482384 -0.0529089 1.30808e-17)
(0.0694141 -0.161488 3.61425e-20)
(0.128468 0.194951 -6.93567e-20)
(0.509212 0.02158 -1.80766e-17)
(0.574786 0.152958 0)
(0.568644 0.125512 -1.89657e-17)
(0.5031 0.178474 -1.33999e-18)
(0.632295 0.0364442 7.61982e-18)
(0.681325 -0.125664 -1.15193e-17)
(0.641856 -0.0743747 2.64334e-17)
(0.507225 0.02015 1.26929e-17)
(0.480469 0.123989 1.45116e-17)
(0.576796 0.129659 -2.33947e-17)
(0.752667 -0.0850371 3.1047e-18)
(0.54203 -0.0763112 3.51428e-19)
(0.622107 -0.121687 -4.12489e-19)
(0.833328 -0.0645024 -7.87795e-18)
(0.88677 -0.0172376 1.56983e-18)
(0.803239 -0.0319594 -2.80882e-18)
(0.88953 0.11198 -5.03581e-18)
(0.537444 0.0441277 -1.52857e-17)
(0.535836 0.0382062 4.3244e-18)
(0.0284733 0.125212 0)
(0.00592518 -0.084957 0)
(0.499391 0.0315129 0)
(0.549699 0.0230781 0)
(0.51689 0.00957377 -1.39411e-17)
(0.548669 -0.00848346 -1.73524e-17)
(0.611978 0.026841 -1.68054e-17)
(0.181021 0.0664545 -4.94974e-18)
(0.639116 0.0150066 0)
(0.870642 0.0654323 7.15616e-18)
(0.494595 -0.0812099 1.01416e-18)
(0.590554 0.0191451 0)
(0.506042 0.0816341 1.58443e-17)
(0.673666 0.112393 5.23976e-18)
(0.510737 0.0470329 -2.64224e-17)
(0.727862 0.105945 7.5359e-18)
(0.603374 -0.0110661 1.5792e-17)
(0.681734 0.160286 -4.86408e-19)
(0.725435 0.0472837 -3.54756e-18)
(0.720473 -0.0631206 0)
(0.37412 -0.0490456 2.79364e-18)
(0.66303 -0.00136491 -5.34608e-18)
(0.469759 -0.180144 -4.76346e-18)
(0.514983 -0.12919 1.90285e-18)
(0.807917 0.0481942 5.67309e-19)
(0.0661453 -0.221475 1.34972e-19)
(0.0907083 0.256725 1.56473e-19)
(0.483248 -0.0254184 0)
(0.510715 0.0587165 3.61642e-18)
(0.364777 0.266363 -5.35011e-19)
(0.355142 0.278455 -6.0337e-19)
(0.0591461 0.00196501 1.42982e-20)
(0.107859 0.0190032 -1.21004e-19)
(0.577262 -0.000616459 -1.49464e-17)
(0.235616 -0.0500111 6.78238e-18)
(0.522083 0.0612207 0)
(0.522894 -0.00246301 -1.37931e-17)
(0.553585 -0.0150429 -2.79326e-17)
(0.589214 0.0759983 -1.90505e-17)
(0.570355 0.0004217 1.33209e-19)
(0.467007 0.0827312 1.5785e-17)
(0.660328 -0.046464 0)
(0.831996 0.0910911 -3.63597e-18)
(0.872689 0.100784 0)
(0.742598 0.355367 9.50035e-18)
(0.595305 -0.0207663 8.65958e-18)
(0.720327 0.0613445 1.19741e-18)
(0.795402 0.172326 -2.98292e-18)
(0.839487 0.00833015 1.7124e-18)
(-0.0325045 -0.109862 -7.83621e-18)
(0.00182047 -0.158864 8.00609e-19)
(0.577302 -0.238823 9.50353e-19)
(0.669032 -0.0549917 2.76916e-19)
(0.355789 0.00642083 1.20253e-17)
(0.415793 -0.011328 0)
(0.577529 0.0249584 -1.24401e-17)
(0.864402 -0.00532196 0)
(-0.0560723 -0.0820181 1.19281e-19)
(-0.0211308 0.115126 -9.49691e-20)
(0.799294 0.0355992 1.24522e-18)
(0.745886 -0.0244684 0)
(0.81438 -0.0512765 -7.60703e-19)
(0.801907 0.0261689 0)
(0.902246 0.055569 0)
(0.911011 0.0173427 0)
(0.108779 0.294151 -9.36341e-20)
(0.648927 0.0205066 -1.78497e-18)
(0.71976 -0.011262 0)
(0.833558 -0.00817441 -3.63185e-18)
(0.859499 -0.0561551 5.42004e-18)
(0.886139 -0.0215577 -2.49983e-18)
(0.549891 0.00438224 0)
(0.955903 0.0461344 6.45191e-18)
(0.961992 0.0157313 -4.33366e-18)
(0.903081 0.0496189 -6.68132e-18)
(0.885396 0.0145371 5.01514e-18)
(-0.0990987 -0.0800648 0)
(-0.0808679 0.128126 -3.87944e-19)
(0.808955 -0.0568414 1.8631e-18)
(0.836298 0.0145686 -8.51108e-19)
(0.549098 0.0114853 0)
(0.530296 -0.044977 7.99001e-18)
(0.845667 0.0987924 0)
(0.864411 0.0403207 0)
(0.584074 0.0578302 0)
(0.672933 -0.0457461 8.0353e-18)
(0.611953 0.067401 -3.00009e-18)
(0.578793 -0.00894573 7.96106e-18)
(0.623763 -0.00664736 -1.89568e-17)
(0.599616 0.0156873 0)
(0.66286 0.113294 1.33194e-19)
(0.538308 0.0838139 0)
(0.500742 0.0288532 3.78576e-18)
)
;

boundaryField
{
    frontandback
    {
        type            empty;
    }
    simetry
    {
        type            symmetry;
    }
    inlet
    {
        type            fixedValue;
        value           uniform (0.5 0 0);
    }
    outlet
    {
        type            zeroGradient;
    }
}


// ************************************************************************* //
