/*--------------------------------*- C++ -*----------------------------------*\
  =========                 |
  \\      /  F ield         | OpenFOAM: The Open Source CFD Toolbox
   \\    /   O peration     | Website:  https://openfoam.org
    \\  /    A nd           | Version:  7
     \\/     M anipulation  |
\*---------------------------------------------------------------------------*/
FoamFile
{
    version     2.0;
    format      ascii;
    class       labelList;
    note        "nPoints:2838  nCells:2700  nFaces:9518  nInternalFaces:3982";
    location    "constant/polyMesh";
    object      neighbour;
}
// * * * * * * * * * * * * * * * * * * * * * * * * * * * * * * * * * * * * * //


3982
(
25
457
1652
24
458
1651
31
455
1653
32
456
1654
9
646
2551
10
645
2550
12
647
2555
11
648
2554
85
251
514
820
1364
688
1365
824
1359
823
1358
76
419
1141
78
421
1144
79
420
1145
107
802
1029
377
795
1045
125
339
2248
124
338
2247
70
369
1313
82
422
2128
23
460
568
1190
1362
1148
2516
1149
2515
35
1283
1759
36
1284
1588
104
262
1787
208
261
1503
243
486
1585
1151
2513
1152
2512
203
280
1496
202
281
1495
2023
2024
46
1280
1586
45
1281
1756
42
801
1677
209
268
1510
71
608
2321
788
986
179
433
2299
178
434
2300
2035
2034
126
654
1056
127
655
1055
128
660
1054
51
70
2322
1277
1778
119
400
1396
58
234
384
59
235
385
491
631
1084
62
236
387
63
237
388
154
279
155
278
61
954
1530
810
1664
157
275
158
274
89
773
787
66
541
1559
816
1017
260
264
1665
232
398
858
101
706
931
2061
997
1103
279
384
676
278
385
677
274
388
678
275
387
679
926
1617
115
1416
2071
933
1476
934
1618
81
1407
1632
1101
2549
581
990
410
812
1295
117
143
1918
599
873
207
507
766
156
460
640
259
1616
1633
1280
2412
93
1281
2413
96
1284
2414
95
1283
2415
301
1621
612
901
1510
291
1478
305
1622
107
706
1724
611
909
1503
276
936
1600
317
445
1363
2070
2624
103
957
1429
314
1659
532
1544
238
575
691
239
576
692
769
109
713
1004
1007
1413
241
578
693
242
579
694
113
710
1006
1011
1426
299
405
964
807
973
296
415
938
272
1312
121
328
2045
258
976
180
481
599
324
2273
123
333
1450
325
2276
610
756
624
755
872
1571
871
1572
868
1573
274
441
578
275
440
579
278
442
576
279
443
575
300
438
803
297
439
797
375
467
2383
250
287
2213
462
487
1153
217
406
831
218
407
832
220
408
827
219
409
826
143
951
1589
254
355
463
845
149
797
2568
148
803
2569
198
243
618
1161
2515
1163
2512
302
479
792
303
480
791
153
554
1693
629
1181
575
596
576
595
194
953
579
597
578
598
253
586
2353
472
712
757
473
711
758
163
1162
2501
938
2513
170
1138
1709
171
1140
1708
397
817
1528
191
254
272
277
983
2242
186
306
1226
922
2405
923
2406
173
964
2516
1160
2467
176
1438
1803
177
1439
1802
1232
2157
1231
2156
1062
1539
1061
1541
464
1489
423
834
1613
224
525
2398
201
571
747
200
572
746
346
887
1640
491
1248
370
498
1900
482
485
2505
216
1848
214
1227
2439
197
2640
223
1844
215
1296
2277
1304
2333
394
970
1535
199
1046
2263
1033
2492
1206
1420
533
2496
602
1457
600
1458
210
1553
211
1552
205
966
2555
1443
2313
468
800
852
1710
1937
210
1557
211
1556
212
213
611
2461
612
2460
1831
2334
695
2525
1066
1692
1760
1953
1761
1952
1763
1954
1762
1955
222
240
844
592
1757
1067
1695
1707
2085
233
1002
1226
227
709
943
675
1728
244
542
1420
641
899
960
642
799
900
313
765
2062
876
1739
987
1266
1994
2029
1993
2028
1992
2025
1991
2026
426
1404
427
1403
245
626
429
1406
428
1405
620
461
1335
1758
2486
650
779
1591
653
778
1590
652
781
1592
651
780
1593
252
481
1443
2318
295
599
750
2452
941
376
1099
1309
478
1142
1368
487
499
538
507
539
782
1677
775
789
350
1258
853
1943
488
1186
1554
359
958
310
595
2077
309
596
2078
292
470
2365
357
1259
312
598
2080
311
597
2081
288
313
818
273
334
613
1751
2394
965
1428
1594
1628
1595
1629
600
634
652
601
636
651
602
637
653
603
635
650
353
425
1698
2139
2462
1643
2332
293
1340
2472
294
1341
2473
327
2213
570
580
742
1850
741
1849
327
1079
545
1345
546
1346
314
669
790
543
1349
544
1350
316
324
1860
2392
1856
2390
307
1674
1687
321
325
1101
1398
943
2274
643
956
1252
2030
2102
2031
2101
2032
2104
2033
2103
627
556
697
955
1263
522
2054
515
591
444
722
2243
446
720
2239
735
898
2452
524
2056
537
819
1737
583
659
989
1617
1618
431
1075
1839
2228
522
961
477
526
2086
517
1315
1645
332
1480
2203
708
1999
524
962
335
805
451
1464
419
474
685
523
1323
1587
340
1064
341
1063
379
1251
378
1250
343
2148
2384
1103
1506
420
483
689
421
484
690
2187
2225
386
752
1729
518
699
2403
519
700
2404
523
2370
354
1825
2270
468
509
1450
400
630
1871
2663
2418
2551
553
1217
1492
517
2371
451
822
1051
527
960
372
2133
2428
371
744
841
373
2134
2429
374
743
842
386
1211
1236
500
1404
2136
501
747
1403
505
1405
2135
504
746
1406
714
1370
2535
2612
1374
1954
1371
1952
1373
1955
1372
1953
1325
2545
2020
2575
1233
2691
391
864
392
863
412
1041
1355
411
1042
1356
413
1043
1354
414
1044
1353
1681
1680
559
1679
1678
594
816
1099
416
921
2006
755
1253
756
1254
551
993
2595
446
516
417
1516
1576
418
1525
1578
444
528
840
1276
459
1119
1885
1599
406
1372
2557
407
1371
2610
408
1373
2609
409
1374
2558
1098
2468
2390
2391
2393
2392
988
1707
854
884
855
885
857
882
856
883
1072
2503
1034
2372
749
748
1700
1704
1703
1531
2236
1901
2305
529
919
2250
452
2539
835
1760
836
1761
837
1763
838
1762
516
1294
1974
1713
1822
656
710
2556
496
497
644
799
2013
669
713
2552
528
1293
1978
937
2572
935
2570
668
1127
665
1128
667
1126
666
1125
1676
640
894
1675
495
1069
2000
494
1068
2001
503
1319
1655
502
1318
1656
1584
453
753
540
2279
462
560
1118
2078
2102
2077
2101
2080
2103
2081
2104
684
1810
1363
707
1338
1730
471
1642
514
1995
469
762
816
696
723
2149
1983
2688
962
507
1347
1921
2291
591
1014
1078
2188
1015
2189
1047
2194
549
1639
550
1638
1482
1571
2100
2379
508
1928
506
1934
1740
1544
1787
1049
2204
1050
2205
2421
2554
804
2049
1536
2098
2329
490
942
2230
811
2346
1527
493
734
1560
877
2676
864
1237
863
1238
530
1846
531
1845
631
902
560
1021
1760
1953
1761
1952
2150
2227
2151
2226
1762
1955
1763
1954
1685
1869
1764
1777
1596
1713
571
1472
1655
572
1471
1656
522
1089
1879
524
1091
1878
1960
1392
2648
2008
955
923
922
521
893
1810
684
1097
956
918
2590
920
2589
535
1412
2009
1195
2438
916
917
533
1386
2604
589
1809
2022
771
1499
815
1038
1402
1052
1397
1008
2367
622
1710
548
2258
552
1914
547
1534
871
1177
872
1176
868
1178
867
1179
763
825
630
1602
1062
1116
1061
1117
1386
2603
908
1215
1824
2149
558
1882
561
1051
2582
562
971
604
1577
2346
994
1322
761
793
977
963
1584
808
1479
1049
1331
1050
1330
1047
1332
1048
1333
906
932
2238
953
1073
581
862
1659
577
1282
1608
1609
776
1213
2441
777
1214
2440
895
1475
656
2314
1770
588
1662
2165
867
1707
590
1663
2166
626
695
1077
1828
2583
619
1686
1729
981
2009
1641
2225
979
2008
1575
672
810
681
784
925
1347
2690
836
835
837
838
2090
1714
2091
2093
1715
2092
2231
2258
614
828
1550
663
1495
1957
664
1496
1956
609
859
1022
1235
2159
2435
705
704
1088
2640
617
736
743
1399
1424
744
1400
1425
735
1166
1534
2049
1801
2327
1206
2162
751
1114
2486
1599
2095
633
1070
1112
2158
2436
629
931
1724
1528
628
1019
1005
1216
974
1852
1248
736
898
1010
910
2582
692
1403
691
1404
694
1405
693
1406
683
891
2491
640
1197
1357
1418
1667
1419
1668
1233
1940
1633
2152
981
2165
713
2015
710
2011
979
2166
764
1538
2430
1804
1806
1807
1805
657
1192
658
1193
1475
1109
2563
1110
2564
661
1969
662
1191
1107
2560
1108
2559
1486
1595
1485
1594
693
1590
691
1591
692
1592
694
1593
1479
884
1327
1971
885
1328
1970
732
843
882
1337
1966
883
1336
1965
783
1009
2163
2164
2168
2167
951
952
1660
968
1051
698
732
2196
959
2687
740
1141
1191
688
707
733
759
959
1524
2698
1145
1192
1144
1193
844
1130
2307
706
2069
865
1018
1390
1483
1391
1484
704
1981
2342
705
1982
2343
754
932
1468
2488
2244
2697
709
1885
1481
1423
1459
1422
1456
1035
1290
724
1155
2386
725
1154
2385
753
1196
2152
760
1645
1672
749
2076
2084
1974
748
2083
2087
1978
1555
1824
1147
2449
1146
2448
727
1584
2585
1558
2546
917
1455
2221
916
1454
2222
847
1150
2219
774
1666
1808
810
1533
2218
1550
2238
1535
2340
866
1184
2132
757
1904
2393
758
1905
2391
880
2298
1189
1306
1188
1307
2136
2135
783
1452
1512
2134
2133
1933
2464
1343
1920
2433
2650
1570
1224
1511
1873
1876
1859
1855
1215
2232
1260
1623
1598
2650
766
1893
2677
2697
766
1895
1005
1513
1095
1462
1096
1461
839
1085
773
1325
2217
1729
2327
775
2086
2589
1779
1290
1737
1800
1394
2051
1395
2052
2456
2457
2459
2458
814
2476
897
1646
2581
945
1256
1419
946
1257
1418
1023
1702
1570
2230
821
2484
845
2552
1547
2557
1546
2558
796
1211
1136
1206
1245
1252
1821
806
1226
2118
818
965
1912
1285
1255
2542
1633
2152
1263
2237
2121
984
1129
1312
2381
902
1248
879
1157
813
1286
874
1453
1799
812
1269
2085
1414
1492
2570
2588
862
990
1077
1676
950
1666
2318
1093
2418
2572
2587
968
2381
966
1090
1094
2421
1024
2328
1651
2074
1652
2075
1959
2664
878
973
1249
894
1392
1431
1653
2072
1654
2073
1036
1102
1682
1748
2395
2072
2073
2074
2075
1900
2532
1288
1931
850
1311
851
1310
2016
2177
2524
1194
1021
1080
2509
1672
2485
972
1067
1361
975
1066
1367
2060
2666
2059
2665
853
1942
1187
1378
1926
1377
1927
1375
1924
1376
1923
859
1234
875
927
1060
1299
928
1059
1298
957
1134
1135
977
1393
1688
2474
918
919
870
1921
2306
1100
1498
921
920
966
1079
1587
1688
876
1271
1040
2305
2664
2169
2549
948
1529
890
2651
1217
1300
1946
1947
1950
1949
907
1185
1431
2534
2591
1221
1305
1070
1153
2376
905
2367
1526
2422
976
1347
2691
925
1647
1198
896
1427
1261
1491
969
1009
2353
1412
2344
2106
2345
1263
2053
1598
1013
1612
2578
1012
1615
2576
1039
1074
951
1511
1198
1649
959
1721
1252
1630
963
1040
929
1926
930
1927
940
1924
939
1923
1143
1576
2611
935
1072
937
1098
1001
1569
1641
1009
1853
2273
1619
2301
1620
2302
1865
2256
1866
2255
1693
1560
1843
2315
1842
2276
2588
1392
2649
2587
2119
1863
2253
1864
2254
952
1509
986
2085
1512
1120
1597
2131
1279
1459
1278
1456
948
997
1027
1103
1133
1691
1872
983
1019
1010
1741
1976
2196
1510
1503
1463
1800
2327
1436
1073
1733
1734
1003
2120
2399
1247
1526
1895
969
2382
1166
1675
1268
1659
1861
2166
995
1411
1537
1862
2165
2268
1021
1030
1302
1357
980
1933
2510
982
1920
2553
1000
985
1788
1058
1081
2398
1477
2079
989
2614
2469
1246
995
1182
2308
1203
1531
2287
1053
2548
1102
2216
2178
1026
1303
2439
1185
1409
1907
2303
1408
1908
2304
1019
1081
2263
2496
1211
2137
1040
1228
2015
2576
1502
2011
2578
1012
2007
1039
1113
1384
1013
2017
1768
1766
1194
2625
1432
1932
1165
1532
1767
1721
1893
2010
2509
1115
1305
2017
1185
1600
1324
2402
1092
1811
1183
1491
1748
1195
2097
1649
2699
1083
1106
2021
2094
2532
2613
2618
1122
1300
2007
1033
1509
2584
2622
1083
1572
1057
1808
1322
2174
1092
1636
2526
1463
1769
2593
1795
1970
1796
1971
1797
1966
1798
1965
1962
2268
1230
2471
2039
1605
2038
2041
2042
1474
2207
1087
2653
1141
2179
1144
2175
1145
2176
2422
2491
2242
2695
1340
1487
1341
1488
1123
2407
1124
2408
1383
1801
2107
1948
1944
1265
1603
1264
1604
1164
1246
1401
2145
2246
1745
1417
1428
1596
2079
1218
1312
1452
2277
1583
1894
1090
1113
1243
2508
1348
1719
2145
2099
1979
2612
1411
1724
1219
1919
2225
1407
2533
2022
2160
1093
2417
2229
1094
2420
1752
2055
2057
1274
1837
1273
1838
2146
2651
1980
1559
1180
2696
2169
1158
1105
1448
2257
1831
2493
1209
1368
1179
1380
1178
1379
1176
1381
1177
1382
1574
1578
2401
1739
2623
2594
1519
1758
1426
1491
1542
1790
1543
1789
1348
2292
1684
1999
1900
2532
1445
1482
1727
1413
1492
2443
2523
2444
2522
2140
2529
2141
2528
2143
2527
2144
2530
1199
2018
1131
2288
1287
2235
1133
1220
1480
2642
1830
2426
1829
2425
1205
1490
1317
2093
2092
1316
2090
2091
2058
2127
1644
1959
2408
2409
2407
2410
1160
1786
1161
1785
1260
2373
1162
1783
1163
1782
2623
1214
2444
1213
2443
1167
1269
2688
2178
2699
2280
2463
1182
1249
1979
1780
2198
1874
2199
1646
2581
2216
2463
1959
1295
2383
1229
1699
2402
1302
1532
1834
1202
1941
2397
1750
1991
1749
1992
1746
1993
1747
1994
1352
1430
1867
1898
1899
1896
1897
1998
2455
1767
2216
2495
1221
2395
1799
2220
1906
2004
1734
2359
1200
1438
1201
1439
1733
2354
2561
2565
2566
1429
1573
1301
2013
1198
2618
2126
2695
1595
1803
1594
1802
2246
2503
1664
1765
1209
1972
2615
1335
1420
1208
2288
2307
1296
1765
2330
1215
1913
1972
1396
1698
1962
1607
1606
2206
2508
1440
1650
1918
1669
2148
2434
2683
1442
1223
2088
2358
1980
2468
1225
1998
1712
2455
1303
2003
2585
2693
2606
2614
1544
1827
1241
2335
1242
2336
1309
1235
2065
1751
1686
1903
1250
2410
1251
2409
1240
1445
1713
1447
2190
1278
1743
1279
1742
1244
2537
1661
2317
1857
2466
1840
1369
1538
1527
2407
2408
1258
2368
1259
2369
1477
1596
1486
1668
1485
1667
1829
1830
1448
1262
1748
1902
2487
1624
2409
1625
2410
1267
1398
1421
2548
1287
1770
2096
1348
1393
1976
2321
2693
1278
1485
1802
1656
1697
1655
1696
1279
1486
1803
2065
2319
1290
2129
1515
1514
2400
2487
1520
1521
1616
1932
1287
2149
1772
1973
1326
1489
1631
1437
1546
1928
1435
1547
1934
1662
2293
1663
2295
2453
2401
1451
1489
2686
1603
2472
1604
2473
2067
2539
2592
2027
1554
1357
1497
2066
1628
2171
1629
2170
1315
1460
1672
2690
1399
2186
1400
2185
1314
2173
2062
2348
2371
1458
2289
1457
2290
1754
1794
1755
1793
1998
2172
2325
1322
1883
2003
1329
2370
1325
2387
1808
1995
2599
2600
1505
1688
1579
2566
1580
2565
1581
2561
1582
2562
1339
2445
2535
1410
2596
2597
1635
2218
2005
2612
1908
1907
1343
1811
2677
2553
1415
1499
1977
1353
2119
1354
2118
1356
2120
1355
2121
1397
1691
2683
2206
2233
1896
1897
1898
1899
1360
2229
1361
2057
1522
2679
1523
1363
1575
1366
2055
1367
1533
1517
2678
1518
2002
1370
2422
2173
2668
2665
2667
2666
1379
1896
1380
1897
1381
1898
1382
1899
2254
2253
2255
2256
1504
1911
1509
2350
1446
2492
2622
1943
1549
1755
2157
1548
1754
2156
1555
2050
2083
1394
2540
1395
2541
2196
2185
2186
2268
2142
2547
2541
2540
1402
1771
2411
2547
1850
2157
1849
2156
1635
1983
2535
1415
1414
1479
1987
1634
2549
2298
2399
1422
1423
2595
2674
1894
1932
1709
2405
1708
2406
1427
1475
2388
2626
1585
2153
1600
1616
2476
1606
1716
1997
1607
1717
1996
1832
2435
1665
1894
1854
2436
1850
1849
2113
1535
2008
2286
2122
2108
1528
2009
2297
1504
2263
2471
1450
2271
2632
1511
1589
2497
1740
2063
2382
2020
2450
1996
2352
1997
2351
1611
1471
1472
1610
1508
2485
1471
2290
1472
2289
1816
1558
2160
1812
2208
1813
2209
1637
1892
2317
2040
2325
1819
2200
1818
2201
1474
2108
2437
2442
1478
2283
2674
1706
2641
1674
2641
2107
2051
2052
1541
2299
1539
2300
1627
2082
2036
2186
2440
2037
2185
2441
2461
2460
2027
2280
1545
1814
2433
1507
1873
2368
1508
1876
2369
2233
2672
1822
1507
2474
1529
1669
1854
1832
1836
1938
2348
1517
2054
1518
1779
1644
2239
1891
1948
1752
2180
1522
2228
1523
2056
1889
1944
2063
2686
1648
2243
1721
2169
2071
1531
2128
2349
1779
2240
1833
2376
1815
2445
2173
1542
1791
1823
2592
1543
1907
1908
2207
2442
2158
2159
2150
2335
2151
2336
2340
1637
1661
2010
1556
2426
1557
2425
2064
2500
1830
1829
2161
2574
2605
1565
2639
1566
2636
1567
2638
1568
2637
2644
2645
2643
2646
1753
2022
2279
2424
2423
2419
1648
2277
1642
2076
1826
1888
2083
1865
1866
1864
1863
1665
2484
1718
1692
1948
1940
1695
1944
2504
2530
2529
2528
2527
1598
2601
1852
1602
1922
2048
2519
2482
2483
2068
2123
2385
2386
2133
2226
2134
2227
1742
1905
1743
1904
2490
1614
2499
2076
2567
2489
1621
1622
1624
2223
1625
2224
1701
1705
2070
2633
2448
2449
1751
1769
1988
1857
1888
2012
2014
1821
2244
2491
2687
1634
2533
2591
2545
1637
1910
1696
1837
1697
1838
1641
2361
2354
1958
2323
1675
2069
1647
2146
1676
2147
1836
2514
2285
2284
2281
2282
1915
2159
2251
1916
2158
2252
2238
2340
2509
1862
1861
2524
1960
1670
1671
2187
1956
2344
1957
2345
1674
1890
2642
1683
1991
1992
1993
1994
1909
2331
2398
2590
1711
2298
2210
2320
1820
1880
2586
1743
2124
2338
1742
2125
2339
2207
2580
1778
2434
2602
1793
1794
1823
1702
2193
1701
2194
2211
2212
1706
2205
1705
2204
2214
2215
1714
1715
2621
2399
2620
2497
2586
2135
2136
2052
2051
1788
2206
1771
1973
1826
2048
2465
1731
1797
2109
1732
1798
2110
1735
1796
2112
1736
1795
2111
2190
2424
1810
1885
2292
2347
1964
2375
1963
2374
1879
1878
1968
2377
1967
2378
2142
1817
2349
2494
1931
2127
1870
2331
1922
2153
2278
1870
2004
1776
2184
1775
2183
1773
2182
1774
2181
1811
2492
2640
2303
2304
1881
1891
1758
2177
1886
1889
2130
2324
2525
2673
1815
2675
2394
2235
1772
2319
2025
2043
2026
2044
2029
2047
2028
2046
1780
1860
2682
2357
1784
1831
2197
1855
2282
1856
2281
2250
2438
1859
2284
1860
2285
2359
2508
1793
2304
1794
2303
1792
2577
1821
1962
2117
2116
2114
2115
1825
1801
2092
2093
2091
2090
1919
2161
1930
2214
1929
2215
1872
2696
1817
1917
2626
2445
1935
2211
1936
2212
1903
1911
1911
2539
2245
2451
1857
1828
2505
2470
1939
2367
2651
1835
2613
2308
2598
2274
1903
2137
1851
2128
1844
1861
2295
1984
2176
1985
2175
2195
2223
2301
2224
2302
1848
1862
2293
2191
1976
2145
2544
1990
2179
1961
2189
1869
1868
2132
2220
2188
2685
2684
2680
2681
1884
2278
2088
2324
1874
1909
2615
2627
1890
2436
2396
2084
2122
2435
2087
2113
2360
2355
2455
2647
2489
1883
1925
2334
2095
2507
2490
1888
2096
2346
2363
2647
2364
2427
2526
1895
1902
2676
2105
2609
2610
1909
2174
2016
2180
1958
2620
1914
2619
2272
2557
2665
2558
2666
2394
2649
2504
2546
2297
2172
2465
1946
1947
1986
2580
1950
1949
2341
2023
2024
2347
2286
2337
2035
2034
1938
2430
2672
2337
2485
2020
2019
2197
1943
2506
1974
2296
1978
2294
2342
2343
2234
1995
2341
2474
1965
2655
1966
2656
1970
2662
1971
2661
2123
2469
2002
2292
2019
2219
2373
2192
2416
2005
2006
1987
2344
1989
2345
2082
2190
2271
2100
2312
2257
2632
2511
2065
2411
2138
2577
2098
2269
2579
2012
2171
2014
2170
2232
2064
2045
2494
2311
2675
2016
2679
2426
2106
2425
2678
2673
2049
2502
2320
2330
2372
2415
2414
2032
2033
2463
2031
2030
2374
2375
2377
2378
2412
2413
2059
2522
2060
2523
2200
2201
2105
2605
2208
2209
2377
2661
2378
2662
2329
2375
2656
2374
2655
2258
2307
2401
2237
2488
2055
2057
2063
2232
2251
2252
2062
2332
2174
2673
2675
2193
2606
2070
2616
2078
2077
2081
2080
2137
2652
2499
2107
2500
2089
2270
2310
2131
2531
2544
2652
2098
2419
2100
2423
2109
2110
2111
2112
2326
2138
2318
2517
2518
2520
2521
2245
2118
2517
2119
2518
2120
2521
2121
2520
2249
2562
2609
2667
2610
2668
2356
2427
2139
2142
2682
2132
2341
2192
2592
2379
2163
2631
2164
2628
2167
2630
2168
2629
2376
2617
2634
2538
2155
2154
2162
2339
2431
2338
2432
2161
2466
2259
2261
2262
2260
2482
2483
2365
2423
2424
2180
2366
2419
2600
2599
2596
2597
2616
2198
2199
2294
2543
2200
2201
2296
2493
2477
2475
2203
2234
2602
2434
2208
2209
2219
2337
2413
2412
2283
2414
2415
2218
2545
2270
2223
2446
2224
2447
2428
2429
2229
2231
2279
2507
2579
2236
2287
2531
2328
2502
2242
2389
2669
2577
2500
2250
2251
2522
2252
2523
2395
2499
2685
2684
2681
2680
2334
2645
2643
2644
2646
2457
2636
2459
2637
2458
2639
2456
2638
2273
2329
2276
2275
2574
2607
2451
2663
2519
2333
2390
2391
2462
2393
2392
2452
2288
2306
2437
2294
2296
2486
2302
2301
2567
2442
2309
2366
2608
2311
2627
2372
2315
2379
2314
2437
2556
2462
2317
2356
2536
2411
2397
2384
2323
2332
2602
2358
2326
2380
2670
2627
2333
2338
2339
2460
2461
2623
2430
2598
2353
2584
2385
2446
2386
2447
2355
2417
2669
2358
2467
2360
2420
2362
2654
2496
2604
2490
2573
2489
2571
2400
2634
2370
2371
2493
2400
2487
2382
2387
2694
2454
2389
2593
2536
2397
2501
2454
2406
2540
2405
2541
2511
2531
2418
2421
2671
2431
2432
2668
2667
2543
2439
2444
2443
2448
2449
2451
2575
2454
2614
2478
2481
2480
2479
2505
2510
2466
2468
2606
2471
2689
2482
2483
2476
2568
2484
2569
2530
2659
2527
2657
2528
2660
2529
2658
2511
2495
2598
2498
2514
2607
2503
2671
2514
2542
2595
2621
2554
2517
2518
2520
2521
2544
2525
2670
2534
2654
2537
2594
2546
2635
2674
2601
2548
2553
2692
2552
2556
2561
2684
2562
2685
2565
2681
2566
2680
2611
2570
2572
2576
2678
2578
2679
2575
2620
2624
2582
2584
2689
2635
2607
2589
2590
2616
2594
2655
2656
2661
2662
2650
2604
2653
2676
2613
2617
2664
2619
2618
2663
2672
2689
2633
2626
2648
2644
2660
2643
2659
2646
2657
2645
2658
2633
2699
2694
2658
2657
2659
2660
2642
2696
2649
2688
2654
2695
2671
2692
2683
2687
2691
2698
2694
2698
)


// ************************************************************************* //
