/*--------------------------------*- C++ -*----------------------------------*\
  =========                 |
  \\      /  F ield         | OpenFOAM: The Open Source CFD Toolbox
   \\    /   O peration     | Website:  https://openfoam.org
    \\  /    A nd           | Version:  7
     \\/     M anipulation  |
\*---------------------------------------------------------------------------*/
FoamFile
{
    version     2.0;
    format      ascii;
    class       vectorField;
    location    "constant/polyMesh";
    object      points;
}
// * * * * * * * * * * * * * * * * * * * * * * * * * * * * * * * * * * * * * //


2838
(
(0 0 0)
(0.05 0 0)
(0.05 0.025 0)
(0 0.025 0)
(0 0.025 0.001)
(0.05 0.025 0.001)
(0.05 0 0.001)
(0 0 0.001)
(0.00111111 0.025 0)
(0.00222222 0.025 0)
(0.00333333 0.025 0)
(0.00444444 0.025 0)
(0.00555556 0.025 0)
(0.00666667 0.025 0)
(0.00777778 0.025 0)
(0.00888889 0.025 0)
(0.01 0.025 0)
(0.0111111 0.025 0)
(0.0122222 0.025 0)
(0.0133333 0.025 0)
(0.0144444 0.025 0)
(0.0155556 0.025 0)
(0.0166667 0.025 0)
(0.0177778 0.025 0)
(0.0188889 0.025 0)
(0.02 0.025 0)
(0.0211111 0.025 0)
(0.0222222 0.025 0)
(0.0233333 0.025 0)
(0.0244444 0.025 0)
(0.0255556 0.025 0)
(0.0266667 0.025 0)
(0.0277778 0.025 0)
(0.0288889 0.025 0)
(0.03 0.025 0)
(0.0311111 0.025 0)
(0.0322222 0.025 0)
(0.0333333 0.025 0)
(0.0344444 0.025 0)
(0.0355556 0.025 0)
(0.0366667 0.025 0)
(0.0377778 0.025 0)
(0.0388889 0.025 0)
(0.04 0.025 0)
(0.0411111 0.025 0)
(0.0422222 0.025 0)
(0.0433333 0.025 0)
(0.0444444 0.025 0)
(0.0455556 0.025 0)
(0.0466667 0.025 0)
(0.0477778 0.025 0)
(0.0488889 0.025 0)
(0.05 0.023913 0)
(0.05 0.0228261 0)
(0.05 0.0217391 0)
(0.05 0.0206522 0)
(0.05 0.0195652 0)
(0.05 0.0184783 0)
(0.05 0.0173913 0)
(0.05 0.0163043 0)
(0.05 0.0152174 0)
(0.05 0.0141304 0)
(0.05 0.0130435 0)
(0.05 0.0119565 0)
(0.05 0.0108696 0)
(0.05 0.00978261 0)
(0.05 0.00869565 0)
(0.05 0.0076087 0)
(0.05 0.00652174 0)
(0.05 0.00543478 0)
(0.05 0.00434783 0)
(0.05 0.00326087 0)
(0.05 0.00217391 0)
(0.05 0.00108696 0)
(0.0488889 0 0)
(0.0477778 0 0)
(0.0466667 0 0)
(0.0455556 0 0)
(0.0444444 0 0)
(0.0433333 0 0)
(0.0422222 0 0)
(0.0411111 0 0)
(0.04 0 0)
(0.0388889 0 0)
(0.0377778 0 0)
(0.0366667 0 0)
(0.0355556 0 0)
(0.0344444 0 0)
(0.0333333 0 0)
(0.0322222 0 0)
(0.0311111 0 0)
(0.03 0 0)
(0.0288889 0 0)
(0.0277778 0 0)
(0.0266667 0 0)
(0.0255556 0 0)
(0.0244444 0 0)
(0.0233333 0 0)
(0.0222222 0 0)
(0.0211111 0 0)
(0.02 0 0)
(0.0188889 0 0)
(0.0177778 0 0)
(0.0166667 0 0)
(0.0155556 0 0)
(0.0144444 0 0)
(0.0133333 0 0)
(0.0122222 0 0)
(0.0111111 0 0)
(0.01 0 0)
(0.00888889 0 0)
(0.00777778 0 0)
(0.00666667 0 0)
(0.00555556 0 0)
(0.00444444 0 0)
(0.00333333 0 0)
(0.00222222 0 0)
(0.00111111 0 0)
(0 0.00108696 0)
(0 0.00217391 0)
(0 0.00326087 0)
(0 0.00434783 0)
(0 0.00543478 0)
(0 0.00652174 0)
(0 0.0076087 0)
(0 0.00869565 0)
(0 0.00978261 0)
(0 0.0108696 0)
(0 0.0119565 0)
(0 0.0130435 0)
(0 0.0141304 0)
(0 0.0152174 0)
(0 0.0163043 0)
(0 0.0173913 0)
(0 0.0184783 0)
(0 0.0195652 0)
(0 0.0206522 0)
(0 0.0217391 0)
(0 0.0228261 0)
(0 0.023913 0)
(0.00111111 0.025 0.001)
(0.00222222 0.025 0.001)
(0.00333333 0.025 0.001)
(0.00444444 0.025 0.001)
(0.00555556 0.025 0.001)
(0.00666667 0.025 0.001)
(0.00777778 0.025 0.001)
(0.00888889 0.025 0.001)
(0.01 0.025 0.001)
(0.0111111 0.025 0.001)
(0.0122222 0.025 0.001)
(0.0133333 0.025 0.001)
(0.0144444 0.025 0.001)
(0.0155556 0.025 0.001)
(0.0166667 0.025 0.001)
(0.0177778 0.025 0.001)
(0.0188889 0.025 0.001)
(0.02 0.025 0.001)
(0.0211111 0.025 0.001)
(0.0222222 0.025 0.001)
(0.0233333 0.025 0.001)
(0.0244444 0.025 0.001)
(0.0255556 0.025 0.001)
(0.0266667 0.025 0.001)
(0.0277778 0.025 0.001)
(0.0288889 0.025 0.001)
(0.03 0.025 0.001)
(0.0311111 0.025 0.001)
(0.0322222 0.025 0.001)
(0.0333333 0.025 0.001)
(0.0344444 0.025 0.001)
(0.0355556 0.025 0.001)
(0.0366667 0.025 0.001)
(0.0377778 0.025 0.001)
(0.0388889 0.025 0.001)
(0.04 0.025 0.001)
(0.0411111 0.025 0.001)
(0.0422222 0.025 0.001)
(0.0433333 0.025 0.001)
(0.0444444 0.025 0.001)
(0.0455556 0.025 0.001)
(0.0466667 0.025 0.001)
(0.0477778 0.025 0.001)
(0.0488889 0.025 0.001)
(0.05 0.023913 0.001)
(0.05 0.0228261 0.001)
(0.05 0.0217391 0.001)
(0.05 0.0206522 0.001)
(0.05 0.0195652 0.001)
(0.05 0.0184783 0.001)
(0.05 0.0173913 0.001)
(0.05 0.0163043 0.001)
(0.05 0.0152174 0.001)
(0.05 0.0141304 0.001)
(0.05 0.0130435 0.001)
(0.05 0.0119565 0.001)
(0.05 0.0108696 0.001)
(0.05 0.00978261 0.001)
(0.05 0.00869565 0.001)
(0.05 0.0076087 0.001)
(0.05 0.00652174 0.001)
(0.05 0.00543478 0.001)
(0.05 0.00434783 0.001)
(0.05 0.00326087 0.001)
(0.05 0.00217391 0.001)
(0.05 0.00108696 0.001)
(0.0488889 0 0.001)
(0.0477778 0 0.001)
(0.0466667 0 0.001)
(0.0455556 0 0.001)
(0.0444444 0 0.001)
(0.0433333 0 0.001)
(0.0422222 0 0.001)
(0.0411111 0 0.001)
(0.04 0 0.001)
(0.0388889 0 0.001)
(0.0377778 0 0.001)
(0.0366667 0 0.001)
(0.0355556 0 0.001)
(0.0344444 0 0.001)
(0.0333333 0 0.001)
(0.0322222 0 0.001)
(0.0311111 0 0.001)
(0.03 0 0.001)
(0.0288889 0 0.001)
(0.0277778 0 0.001)
(0.0266667 0 0.001)
(0.0255556 0 0.001)
(0.0244444 0 0.001)
(0.0233333 0 0.001)
(0.0222222 0 0.001)
(0.0211111 0 0.001)
(0.02 0 0.001)
(0.0188889 0 0.001)
(0.0177778 0 0.001)
(0.0166667 0 0.001)
(0.0155556 0 0.001)
(0.0144444 0 0.001)
(0.0133333 0 0.001)
(0.0122222 0 0.001)
(0.0111111 0 0.001)
(0.01 0 0.001)
(0.00888889 0 0.001)
(0.00777778 0 0.001)
(0.00666667 0 0.001)
(0.00555556 0 0.001)
(0.00444444 0 0.001)
(0.00333333 0 0.001)
(0.00222222 0 0.001)
(0.00111111 0 0.001)
(0 0.00108696 0.001)
(0 0.00217391 0.001)
(0 0.00326087 0.001)
(0 0.00434783 0.001)
(0 0.00543478 0.001)
(0 0.00652174 0.001)
(0 0.0076087 0.001)
(0 0.00869565 0.001)
(0 0.00978261 0.001)
(0 0.0108696 0.001)
(0 0.0119565 0.001)
(0 0.0130435 0.001)
(0 0.0141304 0.001)
(0 0.0152174 0.001)
(0 0.0163043 0.001)
(0 0.0173913 0.001)
(0 0.0184783 0.001)
(0 0.0195652 0.001)
(0 0.0206522 0.001)
(0 0.0217391 0.001)
(0 0.0228261 0.001)
(0 0.023913 0.001)
(0.0375214 0.0124372 0)
(0.0124911 0.0125 0)
(0.025 0.0124966 0)
(0.0187468 0.0171854 0)
(0.0312654 0.0169941 0)
(0.0313495 0.00775256 0)
(0.0187443 0.00781326 0)
(0.0428795 0.00711171 0)
(0.00711692 0.0178894 0)
(0.0429117 0.0178497 0)
(0.00708492 0.00714662 0)
(0.025 0.0187606 0)
(0.024993 0.00628623 0)
(0.0368953 0.0190592 0)
(0.0132085 0.0190532 0)
(0.0129939 0.0059619 0)
(0.0368448 0.005942 0)
(0.0444094 0.0128407 0)
(0.00559059 0.0121593 0)
(0.0173921 0.0127092 0)
(0.0300424 0.0126144 0)
(0.00428584 0.00428339 0)
(0.0457142 0.0207166 0)
(0.00428584 0.0207166 0)
(0.0457142 0.00428339 0)
(0.0288626 0.020694 0)
(0.0212419 0.0206406 0)
(0.0288182 0.00428652 0)
(0.0211818 0.00428652 0)
(0.0168483 0.0207681 0)
(0.0331648 0.0208607 0)
(0.0332851 0.0042113 0)
(0.0168463 0.0042312 0)
(0.0212121 0.0139022 0)
(0.0336606 0.0138636 0)
(0.00927551 0.021001 0)
(0.0407216 0.020998 0)
(0.0224347 0.00936083 0)
(0.0406367 0.0039975 0)
(0.00927689 0.00400162 0)
(0.0349729 0.00949582 0)
(0.0275284 0.00924398 0)
(0.0275594 0.0156675 0)
(0.014913 0.00935326 0)
(0.0148869 0.0154879 0)
(0.0461816 0.00904203 0)
(0.00383306 0.00896085 0)
(0.0461669 0.0160392 0)
(0.0038184 0.015958 0)
(0.0411137 0.0108867 0)
(0.00888218 0.0141026 0)
(0.0108156 0.0090093 0)
(0.0392656 0.0160462 0)
(0.0381256 0.00905143 0)
(0.0220031 0.0171904 0)
(0.0117638 0.0160187 0)
(0.0078615 0.0104191 0)
(0.0421385 0.0145809 0)
(0.0344376 0.0170283 0)
(0.0241674 0.0218273 0)
(0.0257195 0.00313993 0)
(0.0139944 0.02198 0)
(0.0360027 0.021963 0)
(0.0360071 0.00301926 0)
(0.0139929 0.00301926 0)
(0.0198906 0.0108704 0)
(0.0244316 0.015517 0)
(0.0322027 0.0106348 0)
(0.0431213 0.0221192 0)
(0.00687865 0.0221192 0)
(0.0431222 0.0028804 0)
(0.00687777 0.0028804 0)
(0.0472002 0.0133814 0)
(0.00279982 0.0116186 0)
(0.0366321 0.0151965 0)
(0.0398034 0.00698921 0)
(0.0161627 0.0181389 0)
(0.0160586 0.00684282 0)
(0.0342158 0.00672907 0)
(0.0473259 0.00651603 0)
(0.00272526 0.00651759 0)
(0.00267412 0.018484 0)
(0.0472747 0.0184824 0)
(0.00998964 0.0182764 0)
(0.00613336 0.0151976 0)
(0.0438674 0.00980248 0)
(0.0212219 0.00694896 0)
(0.0190403 0.0224306 0)
(0.0306108 0.0224597 0)
(0.0309614 0.00256951 0)
(0.0193874 0.00254052 0)
(0.0232915 0.00287012 0)
(0.0267298 0.022092 0)
(0.0276114 0.0183629 0)
(0.0287686 0.00692655 0)
(0.00971206 0.00680033 0)
(0.040167 0.0184024 0)
(0.0253446 0.0100787 0)
(0.0399142 0.0131162 0)
(0.0102051 0.0119655 0)
(0.0474908 0.0224556 0)
(0.00250914 0.00254441 0)
(0.0474909 0.00254441 0)
(0.00250919 0.0224556 0)
(0.0187624 0.014625 0)
(0.0313353 0.0145935 0)
(0.027448 0.0130044 0)
(0.0149324 0.0119268 0)
(0.01159 0.0225421 0)
(0.0384518 0.0225255 0)
(0.0384112 0.00245774 0)
(0.0115888 0.00245774 0)
(0.0225963 0.0119391 0)
(0.0173534 0.00990421 0)
(0.047519 0.0109788 0)
(0.00248101 0.0140212 0)
(0.0353373 0.0117965 0)
(0.0190296 0.0195823 0)
(0.0310518 0.0195362 0)
(0.0311358 0.00543079 0)
(0.0189326 0.00537779 0)
(0.0299176 0.00983206 0)
(0.0450161 0.0185714 0)
(0.0448716 0.00648522 0)
(0.00498382 0.00642867 0)
(0.0051284 0.0185148 0)
(0.0129795 0.00818964 0)
(0.0425062 0.00513995 0)
(0.00745796 0.00485923 0)
(0.00749131 0.0198662 0)
(0.042541 0.0201405 0)
(0.00563736 0.0102267 0)
(0.0443627 0.0147733 0)
(0.0220769 0.0228027 0)
(0.0278868 0.00224307 0)
(0.0345199 0.0191067 0)
(0.0226115 0.0192165 0)
(0.0453532 0.0228234 0)
(0.00464684 0.0228234 0)
(0.00464635 0.00217657 0)
(0.0453537 0.00217657 0)
(0.0233076 0.0048368 0)
(0.00902567 0.0163469 0)
(0.0159279 0.0228554 0)
(0.034096 0.0229403 0)
(0.0409801 0.00865579 0)
(0.0340179 0.0021348 0)
(0.015926 0.00214441 0)
(0.0269858 0.00552403 0)
(0.0129926 0.0101268 0)
(0.0424606 0.0125255 0)
(0.00753898 0.0124747 0)
(0.0287194 0.0227749 0)
(0.0212825 0.00221993 0)
(0.0266518 0.0202158 0)
(0.0168367 0.0158108 0)
(0.0368427 0.0105679 0)
(0.0266837 0.0112062 0)
(0.0130993 0.0145255 0)
(0.00188609 0.00459804 0)
(0.0480021 0.0044372 0)
(0.00199792 0.0205628 0)
(0.0481139 0.020402 0)
(0.037524 0.0168743 0)
(0.0386539 0.0108795 0)
(0.0111382 0.0141379 0)
(0.0365839 0.00790161 0)
(0.0233292 0.0137805 0)
(0.00863142 0.0231319 0)
(0.0413686 0.0231319 0)
(0.0413697 0.00186788 0)
(0.00863033 0.00186788 0)
(0.0233097 0.00745936 0)
(0.0204001 0.0159476 0)
(0.014898 0.0201088 0)
(0.0148963 0.00489014 0)
(0.0320131 0.0127056 0)
(0.0116365 0.0205963 0)
(0.0381774 0.0205897 0)
(0.0117222 0.00460698 0)
(0.0383631 0.00440783 0)
(0.0194053 0.0126771 0)
(0.0290672 0.0171622 0)
(0.0290699 0.0144153 0)
(0.0352277 0.00458472 0)
(0.0133672 0.0171009 0)
(0.0259831 0.00803613 0)
(0.0328008 0.0184859 0)
(0.0208555 0.0187963 0)
(0.047993 0.0152629 0)
(0.00200698 0.00973709 0)
(0.0259737 0.0168496 0)
(0.0480369 0.00835789 0)
(0.00196306 0.0166421 0)
(0.0157777 0.0135737 0)
(0.00882416 0.0086704 0)
(0.0412178 0.0162331 0)
(0.0330414 0.00835928 0)
(0.0205022 0.00888616 0)
(0.0329051 0.0157559 0)
(0.0456518 0.0108108 0)
(0.0043482 0.0141892 0)
(0.0443733 0.0166902 0)
(0.00562674 0.00830981 0)
(0.0382644 0.0142868 0)
(0.0285841 0.0111285 0)
(0.00577546 0.0168171 0)
(0.0442254 0.00818324 0)
(0.0239462 0.0172221 0)
(0.0258544 0.0141353 0)
(0.0294901 0.0188457 0)
(0.0116236 0.00702349 0)
(0.0483344 0.0169465 0)
(0.00166557 0.0080535 0)
(0.0356443 0.0137509 0)
(0.0222975 0.0153488 0)
(0.0381417 0.00726954 0)
(0.0116976 0.0180551 0)
(0.0325477 0.00629559 0)
(0.0247816 0.00174305 0)
(0.0252192 0.023257 0)
(0.0143964 0.00720388 0)
(0.0347797 0.0153073 0)
(0.00593615 0.020223 0)
(0.0440639 0.020223 0)
(0.0059356 0.0047768 0)
(0.0440644 0.0047768 0)
(0.0112984 0.0106712 0)
(0.0204533 0.023419 0)
(0.0295487 0.00158096 0)
(0.0323649 0.00158487 0)
(0.0176404 0.00170706 0)
(0.0176369 0.0234151 0)
(0.0323579 0.023293 0)
(0.0384611 0.0183818 0)
(0.00960012 0.0102435 0)
(0.0404256 0.0147725 0)
(0.0163544 0.00850556 0)
(0.0335211 0.0118872 0)
(0.0369533 0.023221 0)
(0.0129922 0.0234027 0)
(0.0129907 0.00159688 0)
(0.0370093 0.00159688 0)
(0.0173389 0.0192656 0)
(0.0172954 0.00574931 0)
(0.0214145 0.010668 0)
(0.02495 0.00457321 0)
(0.00407972 0.0106433 0)
(0.0459203 0.0143567 0)
(0.00706189 0.00904818 0)
(0.0429381 0.0159518 0)
(0.035926 0.0177296 0)
(0.0242794 0.0202881 0)
(0.0484328 0.0123403 0)
(0.00156717 0.0126597 0)
(0.0358794 0.0203483 0)
(0.0163349 0.0110042 0)
(0.0263976 0.00159979 0)
(0.0236153 0.0235341 0)
(0.0240561 0.011183 0)
(0.0227752 0.0209988 0)
(0.0141687 0.0133672 0)
(0.0272786 0.00396233 0)
(0.0290028 0.00845108 0)
(0.0145041 0.0182822 0)
(0.021035 0.0121928 0)
(0.0414476 0.00631968 0)
(0.0396977 0.00958229 0)
(0.013161 0.020638 0)
(0.0132713 0.00440765 0)
(0.036841 0.0043609 0)
(0.0101901 0.0234005 0)
(0.0398099 0.0234005 0)
(0.0101892 0.00159939 0)
(0.0398108 0.00159939 0)
(0.0301338 0.0157441 0)
(0.0182094 0.0112286 0)
(0.0102429 0.0153946 0)
(0.0271616 0.00718952 0)
(0.0307289 0.0111763 0)
(0.0437523 0.0234531 0)
(0.00624769 0.0234531 0)
(0.00624687 0.00154677 0)
(0.0437531 0.00154677 0)
(0.0188525 0.0095137 0)
(0.00851011 0.0186847 0)
(0.046053 0.0123565 0)
(0.00394702 0.0126435 0)
(0.0172224 0.0143472 0)
(0.0073694 0.0162396 0)
(0.0426333 0.00876097 0)
(0.0460876 0.0175238 0)
(0.00391239 0.00747616 0)
(0.045998 0.00750361 0)
(0.00400202 0.0174964 0)
(0.0353462 0.0234401 0)
(0.0146251 0.0234501 0)
(0.0146233 0.00154994 0)
(0.0354373 0.00153599 0)
(0.0345593 0.0212791 0)
(0.0204941 0.00573131 0)
(0.0315063 0.00925674 0)
(0.0484954 0.00979092 0)
(0.00150456 0.0152091 0)
(0.024455 0.00846823 0)
(0.0220005 0.0056187 0)
(0.0336807 0.0102312 0)
(0.0302623 0.00666842 0)
(0.0317061 0.0212358 0)
(0.0182518 0.0211756 0)
(0.0317051 0.00392072 0)
(0.0182477 0.00382474 0)
(0.0433632 0.0133802 0)
(0.00663678 0.0116198 0)
(0.0433322 0.0115937 0)
(0.00666739 0.0134063 0)
(0.0485996 0.0235441 0)
(0.0485997 0.00145591 0)
(0.00140039 0.0235441 0)
(0.00140034 0.00145591 0)
(0.0257018 0.0215144 0)
(0.00141007 0.00585679 0)
(0.00114617 0.0192688 0)
(0.0488538 0.00573116 0)
(0.0485899 0.0191432 0)
(0.0396866 0.00529352 0)
(0.00829408 0.021396 0)
(0.0417035 0.0213947 0)
(0.041695 0.0036035 0)
(0.00829516 0.00360507 0)
(0.0202391 0.0172469 0)
(0.0104552 0.016869 0)
(0.0344395 0.00352542 0)
(0.0153392 0.021513 0)
(0.0153372 0.00348639 0)
(0.00143332 0.0111192 0)
(0.0485667 0.0138808 0)
(0.00852333 0.00636862 0)
(0.0414006 0.0186263 0)
(0.0446677 0.0218178 0)
(0.00533226 0.0218178 0)
(0.00533177 0.0031819 0)
(0.0446682 0.0031819 0)
(0.0103197 0.0197519 0)
(0.00352657 0.0235439 0)
(0.0464734 0.0235439 0)
(0.00352608 0.00145593 0)
(0.0464739 0.00145593 0)
(0.0394788 0.00799727 0)
(0.0373997 0.0214762 0)
(0.0459497 0.00569448 0)
(0.00405029 0.0193056 0)
(0.00408736 0.00569215 0)
(0.0459126 0.0193079 0)
(0.0222195 0.00162269 0)
(0.0277817 0.0233734 0)
(0.035553 0.00656655 0)
(0.0198005 0.00141269 0)
(0.0301979 0.0235872 0)
(0.0349514 0.00798075 0)
(0.0153026 0.0168674 0)
(0.0396444 0.0198227 0)
(0.0103423 0.00522354 0)
(0.0173299 0.0174408 0)
(0.0302182 0.00391941 0)
(0.0197556 0.00390297 0)
(0.0302163 0.0210813 0)
(0.0197837 0.0210813 0)
(0.0261887 0.015426 0)
(0.017545 0.00690608 0)
(0.0197771 0.00690311 0)
(0.0293346 0.00563902 0)
(0.0329542 0.0170285 0)
(0.0378734 0.0156586 0)
(0.0334876 0.00551634 0)
(0.0369977 0.0137244 0)
(0.0358529 0.0163989 0)
(0.00144845 0.00323854 0)
(0.00145986 0.0217779 0)
(0.0485516 0.0217615 0)
(0.0485401 0.00322213 0)
(0.0413744 0.0132681 0)
(0.00860504 0.0117814 0)
(0.0436134 0.00638167 0)
(0.00657042 0.00633355 0)
(0.00638278 0.0186218 0)
(0.0434287 0.0186657 0)
(0.0451668 0.00968828 0)
(0.00483365 0.0153116 0)
(0.00787634 0.0144907 0)
(0.0421225 0.0105076 0)
(0.027438 0.0213516 0)
(0.027824 0.0196747 0)
(0.0120731 0.00936726 0)
(0.0143597 0.0107734 0)
(0.0423468 0.0236344 0)
(0.00765321 0.0236344 0)
(0.00765223 0.00136537 0)
(0.0423478 0.00136537 0)
(0.0245345 0.0034837 0)
(0.00370576 0.0219381 0)
(0.0462942 0.0219381 0)
(0.0462945 0.00306216 0)
(0.0037055 0.00306216 0)
(0.022452 0.00376074 0)
(0.0488717 0.00728096 0)
(0.0011283 0.017719 0)
(0.0401485 0.0119313 0)
(0.0101172 0.0132128 0)
(0.0392632 0.0175058 0)
(0.0210099 0.0220996 0)
(0.0290456 0.00291371 0)
(0.00991355 0.00806382 0)
(0.022369 0.00808565 0)
(0.0262991 0.0189434 0)
(0.0236483 0.0061478 0)
(0.0384695 0.00587725 0)
(0.0272508 0.0170021 0)
(0.0191756 0.0236806 0)
(0.0308267 0.00131969 0)
(0.0264818 0.00993503 0)
(0.0111603 0.0125588 0)
(0.0389387 0.0124891 0)
(0.0234835 0.0101095 0)
(0.0191002 0.018425 0)
(0.0306199 0.0184076 0)
(0.0135922 0.0117791 0)
(0.0369158 0.00919873 0)
(0.0184969 0.0158871 0)
(0.0103028 0.0221201 0)
(0.0396972 0.0221201 0)
(0.0103016 0.00287966 0)
(0.0396424 0.00284952 0)
(0.0324102 0.0197232 0)
(0.0283293 0.0122528 0)
(0.0265838 0.0124826 0)
(0.0308729 0.0133754 0)
(0.018436 0.0133921 0)
(0.0279013 0.014477 0)
(0.0173653 0.00854395 0)
(0.0246314 0.0137806 0)
(0.0129658 0.0158354 0)
(0.0316599 0.0158168 0)
(0.0126852 0.0218633 0)
(0.037316 0.00313569 0)
(0.012684 0.00313569 0)
(0.0236306 0.0125615 0)
(0.0201242 0.0145379 0)
(0.0161021 0.00565179 0)
(0.016174 0.0193436 0)
(0.0253703 0.0111529 0)
(0.0324053 0.0139239 0)
(0.0115712 0.0191149 0)
(0.00268498 0.0151376 0)
(0.047315 0.00986242 0)
(0.035368 0.0106241 0)
(0.0365169 0.0117265 0)
(0.0410338 0.0200302 0)
(0.00896467 0.00496923 0)
(0.0326446 0.0216394 0)
(0.0174824 0.021996 0)
(0.0325198 0.00300366 0)
(0.0174802 0.00300366 0)
(0.0233385 0.0159383 0)
(0.0222238 0.0131872 0)
(0.00893425 0.0199874 0)
(0.011817 0.00120167 0)
(0.038183 0.00120167 0)
(0.0118175 0.0237982 0)
(0.0383047 0.0240559 0)
(0.0410777 0.00503272 0)
(0.0160427 0.0151493 0)
(0.0161068 0.0125343 0)
(0.0160966 0.00994946 0)
(0.0136734 0.00918874 0)
(0.0202755 0.0200657 0)
(0.0287887 0.0157741 0)
(0.0322288 0.00501971 0)
(0.0301239 0.00863374 0)
(0.0152322 0.00822057 0)
(0.0118564 0.00575948 0)
(0.00104555 0.0139476 0)
(0.0489545 0.0110524 0)
(0.033967 0.0181977 0)
(0.0286708 0.00991923 0)
(0.0370068 0.0202265 0)
(0.0340601 0.0128312 0)
(0.0187374 0.0067297 0)
(0.0261991 0.00467217 0)
(0.0180434 0.0182934 0)
(0.0236484 0.00121141 0)
(0.0263518 0.0237889 0)
(0.0226617 0.010613 0)
(0.0379499 0.0102031 0)
(0.0450716 0.0138563 0)
(0.00492845 0.0111437 0)
(0.0230895 0.017962 0)
(0.041034 0.017479 0)
(0.0412939 0.0121147 0)
(0.00676403 0.00427746 0)
(0.0429951 0.00447363 0)
(0.0432349 0.0207222 0)
(0.0070059 0.0205269 0)
(0.00876412 0.0129681 0)
(0.0215744 0.0239094 0)
(0.00293961 0.00819892 0)
(0.0470604 0.0168011 0)
(0.00865639 0.0174046 0)
(0.0283468 0.00117558 0)
(0.0412751 0.00764975 0)
(0.00882851 0.00752773 0)
(0.0027341 0.0128359 0)
(0.0472659 0.0121641 0)
(0.0215728 0.0195894 0)
(0.0253102 0.0198846 0)
(0.01206 0.0149251 0)
(0.0149512 0.00613091 0)
(0.026304 0.00647566 0)
(0.0117718 0.0082662 0)
(0.0336365 0.0198798 0)
(0.0489085 0.0179911 0)
(0.00109152 0.00700885 0)
(0.00846282 0.0152427 0)
(0.0415362 0.00975433 0)
(0.0122451 0.0137834 0)
(0.0325873 0.00969214 0)
(0.0048942 0.00929971 0)
(0.0451058 0.0157003 0)
(0.0298887 0.0201 0)
(0.0142832 0.0145305 0)
(0.00313339 0.0209759 0)
(0.0468666 0.0209759 0)
(0.0468666 0.0040245 0)
(0.00313344 0.0040245 0)
(0.00112735 0.00900594 0)
(0.0488727 0.0159941 0)
(0.0444464 0.0107498 0)
(0.00555362 0.0142502 0)
(0.0185882 0.00113167 0)
(0.0314106 0.0238682 0)
(0.0276037 0.0104589 0)
(0.0279012 0.00813287 0)
(0.0123584 0.0112431 0)
(0.0128165 0.00702936 0)
(0.0029772 0.0104685 0)
(0.0470228 0.0145315 0)
(0.0244754 0.00729054 0)
(0.0376032 0.0113273 0)
(0.00677378 0.0100716 0)
(0.0432263 0.0149284 0)
(0.0283199 0.00600428 0)
(0.0222566 0.00671732 0)
(0.0394802 0.0142036 0)
(0.0333663 0.00119904 0)
(0.0166339 0.00120718 0)
(0.0166329 0.0238004 0)
(0.0333655 0.0237964 0)
(0.0202284 0.00302866 0)
(0.0297685 0.0219661 0)
(0.00504683 0.000892725 0)
(0.0449532 0.000892725 0)
(0.0449529 0.0241073 0)
(0.00504714 0.0241073 0)
(0.0218891 0.0184082 0)
(0.0274238 0.0120377 0)
(0.0439582 0.00727716 0)
(0.00604073 0.0177239 0)
(0.0357914 0.0187981 0)
(0.0332277 0.00722747 0)
(0.0233765 0.00874613 0)
(0.0471346 0.00538056 0)
(0.0471285 0.0195923 0)
(0.00287152 0.00540777 0)
(0.00286537 0.0196195 0)
(0.0378462 0.0193644 0)
(0.0237636 0.0189053 0)
(0.0231301 0.0220019 0)
(0.00595141 0.00709248 0)
(0.044048 0.0179069 0)
(0.0249746 0.0175903 0)
(0.0268251 0.00274917 0)
(0.0163473 0.0169441 0)
(0.0213653 0.00958919 0)
(0.0471145 0.00763491 0)
(0.00288551 0.0173651 0)
(0.0233131 0.0148825 0)
(0.0277239 0.0224213 0)
(0.000782298 0.00503214 0)
(0.000994531 0.0201368 0)
(0.0490055 0.00486317 0)
(0.0492177 0.0199679 0)
(0.0375528 0.00809372 0)
(0.0372111 0.0070286 0)
(0.029533 0.00747855 0)
(0.0212742 0.0150325 0)
(0.0215396 0.0161327 0)
(0.0222633 0.00258859 0)
(0.00925573 0.0239378 0)
(0.0407443 0.0239378 0)
(0.00925482 0.00106226 0)
(0.0407452 0.00106226 0)
(0.0330526 0.0128939 0)
(0.0123436 0.016996 0)
(0.0127875 0.0180202 0)
(0.0311019 0.0120764 0)
(0.0200544 0.0117888 0)
(0.00246986 0.0236804 0)
(0.0475301 0.0236804 0)
(0.0024698 0.0013196 0)
(0.0475302 0.0013196 0)
(0.0286816 0.0180277 0)
(0.0296757 0.010851 0)
(0.0194599 0.016527 0)
(0.0248979 0.016527 0)
(0.0141236 0.00828258 0)
(0.0222612 0.0143009 0)
(0.0182727 0.0122143 0)
(0.0313221 0.00646642 0)
(0.0362208 0.01279 0)
(0.0316855 0.0187127 0)
(0.0214956 0.00104942 0)
(0.0285045 0.0239495 0)
(0.0394001 0.0207074 0)
(0.0105705 0.0207165 0)
(0.0394082 0.00429064 0)
(0.010595 0.0043243 0)
(0.0107762 0.00617308 0)
(0.0339104 0.0162545 0)
(0.0350324 0.022244 0)
(0.0337491 0.0218044 0)
(0.0285114 0.0135581 0)
(0.040165 0.0166409 0)
(0.0268046 0.0146751 0)
(0.0278842 0.00484971 0)
(0.0350268 0.00254476 0)
(0.0142057 0.0191672 0)
(0.00103091 0.0101563 0)
(0.0489691 0.0148437 0)
(0.0320514 0.00851736 0)
(0.0356642 0.00867121 0)
(0.0404029 0.0078294 0)
(0.0374217 0.018075 0)
(0.0397456 0.0106655 0)
(0.0227749 0.0239152 0)
(0.0271201 0.000885956 0)
(0.00450469 0.00828605 0)
(0.0454953 0.016714 0)
(0.0342666 0.0111093 0)
(0.0165572 0.0216595 0)
(0.0165552 0.00333998 0)
(0.0343795 0.00100581 0)
(0.0156534 0.000980491 0)
(0.0343448 0.0240289 0)
(0.0156545 0.0240205 0)
(0.030153 0.016833 0)
(0.0384437 0.0167145 0)
(0.0138424 0.00526848 0)
(0.0141735 0.020935 0)
(0.0141204 0.00410693 0)
(0.0338117 0.0150062 0)
(0.0296528 0.0136086 0)
(0.010123 0.0144814 0)
(0.0490109 0.00810359 0)
(0.000989076 0.0168964 0)
(0.0358417 0.00573626 0)
(0.0194419 0.0136728 0)
(0.0218403 0.0214655 0)
(0.023529 0.00383475 0)
(0.0265692 0.0178337 0)
(0.0323635 0.0117749 0)
(0.013999 0.0162324 0)
(0.0465006 0.0113844 0)
(0.00349939 0.0136156 0)
(0.042498 0.00611167 0)
(0.0359661 0.0039989 0)
(0.0338745 0.00924758 0)
(0.0149422 0.0224674 0)
(0.0064992 0.0160617 0)
(0.0212947 0.00325638 0)
(0.00877355 0.00980246 0)
(0.0412724 0.0151654 0)
(0.0149404 0.00253219 0)
(0.0167486 0.0134926 0)
(0.00499376 0.0196479 0)
(0.0449713 0.0197664 0)
(0.0435019 0.00893844 0)
(0.00974574 0.009239 0)
(0.00502857 0.0052335 0)
(0.0450064 0.00535221 0)
(0.0152335 0.0106577 0)
(0.0368081 0.0161629 0)
(0.0204039 0.0131189 0)
(0.0204768 0.00773166 0)
(0.0282604 0.00325583 0)
(0.0341772 0.00469789 0)
(0.0286322 0.0216286 0)
(0.0421052 0.0223415 0)
(0.0078773 0.0223489 0)
(0.042106 0.00265846 0)
(0.00789402 0.00265846 0)
(0.00610912 0.00921366 0)
(0.0438909 0.0157863 0)
(0.00901213 0.0220605 0)
(0.0409879 0.0221252 0)
(0.0409683 0.00293636 0)
(0.00901087 0.00287457 0)
(0.00766887 0.0114003 0)
(0.0423299 0.0136027 0)
(0.0434745 0.0124743 0)
(0.00652551 0.0125257 0)
(0.0264817 0.00884418 0)
(0.0440418 0.0225557 0)
(0.00595815 0.0225557 0)
(0.00595741 0.00244401 0)
(0.0440426 0.00244401 0)
(0.0333002 0.00315827 0)
(0.00376455 0.0150096 0)
(0.0462355 0.00999039 0)
(0.00748809 0.0188977 0)
(0.0124479 0.019873 0)
(0.0375536 0.00512605 0)
(0.0461673 0.013383 0)
(0.0038327 0.011617 0)
(0.0348386 0.00588805 0)
(0.0078553 0.00817895 0)
(0.0422105 0.0168182 0)
(0.0302099 0.0146926 0)
(0.0115204 0.0214587 0)
(0.0115378 0.00358184 0)
(0.0384676 0.00353801 0)
(0.000914762 0.0226618 0)
(0.000913399 0.00234019 0)
(0.0490852 0.00233823 0)
(0.0490866 0.0226598 0)
(0.013173 0.0133963 0)
(0.015971 0.0205595 0)
(0.0159268 0.00443947 0)
(0.0381666 0.0132545 0)
(0.0211547 0.0177156 0)
(0.032105 0.0176963 0)
(0.0198007 0.00968225 0)
(0.0194954 0.00856504 0)
(0.0346879 0.0203095 0)
(0.00289679 0.00934982 0)
(0.0471032 0.0156502 0)
(0.025533 0.00103333 0)
(0.0244652 0.0239117 0)
(0.0349933 0.0179918 0)
(0.0298474 0.00479321 0)
(0.0283285 0.0165685 0)
(0.0405549 0.00587666 0)
(0.0356204 0.01471 0)
(0.0322245 0.014984 0)
(0.0151238 0.0129427 0)
(0.0178222 0.0202162 0)
(0.017805 0.00477796 0)
(0.0346928 0.0143509 0)
(0.0254546 0.00894235 0)
(0.0243743 0.00542262 0)
(0.00666132 0.00811721 0)
(0.0433414 0.0168825 0)
(0.00463476 0.0165952 0)
(0.0453656 0.00840475 0)
(0.00971145 0.0172784 0)
(0.0297578 0.017806 0)
(0.0322566 0.00743645 0)
(0.03616 0.0240084 0)
(0.0138282 0.0240357 0)
(0.0138272 0.000964117 0)
(0.0361815 0.000962124 0)
(0.0182213 0.0241072 0)
(0.03178 0.000892717 0)
(0.00283589 0.0162798 0)
(0.0471641 0.0087202 0)
(0.0384053 0.0215302 0)
(0.0255141 0.00719452 0)
(0.0288011 0.0197468 0)
(0.0250194 0.0221946 0)
(0.0452423 0.0118042 0)
(0.00475773 0.0131958 0)
(0.0106344 0.00719625 0)
(0.0103761 0.0109454 0)
(0.00943273 0.0191723 0)
(0.0424577 0.0189015 0)
(0.00752744 0.00609393 0)
(0.0256842 0.00552482 0)
(0.0151803 0.0188882 0)
(0.0313783 0.0102569 0)
(0.0170538 0.0183757 0)
(0.0389241 0.0150755 0)
(0.0181157 0.0102707 0)
(0.0111969 0.0115683 0)
(0.0173273 0.0108762 0)
(0.0200421 0.022341 0)
(0.0299647 0.00266025 0)
(0.0364403 0.0212101 0)
(0.0321779 0.0166583 0)
(0.0201069 0.00484147 0)
(0.0422007 0.011422 0)
(0.00780489 0.0135864 0)
(0.0376307 0.0223422 0)
(0.00239551 0.00346982 0)
(0.0475003 0.00345905 0)
(0.0476045 0.0215303 0)
(0.00245571 0.0215404 0)
(0.0248609 0.0210453 0)
(0.0256534 0.00219583 0)
(0.0393084 0.0188586 0)
(0.0374353 0.0147935 0)
(0.0339811 0.00791693 0)
(0.026495 0.0211682 0)
(0.0233734 0.0200282 0)
(0.0105439 0.00998261 0)
(0.0359837 0.00993167 0)
(0.00499515 0.0175488 0)
(0.0450049 0.00745146 0)
(0.04905 0.0130628 0)
(0.000949983 0.0119372 0)
(0.0156948 0.0161017 0)
(0.0177009 0.0152093 0)
(0.0221498 0.00482009 0)
(0.0138285 0.00645388 0)
(0.0492231 0.0169255 0)
(0.000776889 0.00807453 0)
(0.0231172 0.0168589 0)
(0.0106947 0.0177317 0)
(0.019436 0.015419 0)
(0.015293 0.0145317 0)
(0.0255643 0.0130891 0)
(0.0126278 0.00507187 0)
(0.0250867 0.0147838 0)
(0.0405454 0.00977496 0)
(0.0490124 0.00916413 0)
(0.00098759 0.0158359 0)
(0.0388296 0.00667874 0)
(0.0112828 0.0169588 0)
(0.0267432 0.0162363 0)
(0.00943616 0.0152891 0)
(0.016861 0.007561 0)
(0.0415592 0.000859103 0)
(0.00844081 0.000859103 0)
(0.0415586 0.0241408 0)
(0.00844141 0.0241408 0)
(0.00215545 0.00698237 0)
(0.0478446 0.0180176 0)
(0.0404757 0.0157079 0)
(0.0463902 0.00658383 0)
(0.0463438 0.0184209 0)
(0.00360977 0.0184162 0)
(0.00365621 0.00657905 0)
(0.0491572 0.0102382 0)
(0.00084278 0.0147618 0)
(0.029292 0.0118299 0)
(0.0206097 0.0101952 0)
(0.0385645 0.00813908 0)
(0.0388788 0.0098884 0)
(0.0265561 0.0135081 0)
(0.00489476 0.00740799 0)
(0.0451051 0.0175919 0)
(0.0237148 0.0210045 0)
(0.0284816 0.0189316 0)
(0.0240777 0.0228073 0)
(0.0216969 0.0115624 0)
(0.019659 0.00602474 0)
(0.0372728 0.0240886 0)
(0.0127778 0.02425 0)
(0.0127778 0.000749503 0)
(0.0372222 0.000749503 0)
(0.00867167 0.0108045 0)
(0.0412278 0.0142647 0)
(0.0191185 0.0115842 0)
(0.0169891 0.0227205 0)
(0.0330492 0.022699 0)
(0.0329547 0.00225843 0)
(0.016946 0.00228233 0)
(0.00666293 0.0195409 0)
(0.0433421 0.0196271 0)
(0.0066548 0.00537186 0)
(0.043334 0.00546232 0)
(0.0447535 0.0209358 0)
(0.00524065 0.0209161 0)
(0.0447597 0.00408381 0)
(0.00524609 0.00406403 0)
(0.036049 0.0228217 0)
(0.0136419 0.0228437 0)
(0.0136404 0.00215586 0)
(0.0363649 0.00215538 0)
(0.0294172 0.000715105 0)
(0.0205785 0.024313 0)
(0.0204333 0.000824317 0)
(0.0295662 0.0241759 0)
(0.00356397 0.0201566 0)
(0.0464201 0.0201513 0)
(0.0222359 0.0203232 0)
(0.0464361 0.00484353 0)
(0.00357991 0.00484889 0)
(0.0240533 0.00229399 0)
(0.00458834 0.0215817 0)
(0.0454117 0.0215817 0)
(0.0454121 0.0034184 0)
(0.00458794 0.0034184 0)
(0.0377021 0.00638621 0)
(0.042654 0.00962517 0)
(0.0073471 0.0153749 0)
(0.0144051 0.0172971 0)
(0.0137964 0.0153004 0)
(0.0351278 0.0128177 0)
(0.0123425 0.0188233 0)
(0.0268408 0.00798552 0)
(0.0257633 0.0179955 0)
(0.0152741 0.00726092 0)
(0.0432324 0.00805065 0)
(0.0478727 0.0161309 0)
(0.00212726 0.00886905 0)
(0.0344795 0.0101835 0)
(0.00676794 0.0169499 0)
(0.00945643 0.00569492 0)
(0.0404844 0.0193094 0)
(0.0364941 0.0171701 0)
(0.0120674 0.0102477 0)
(0.0330673 0.0109411 0)
(0.0350129 0.0162628 0)
(0.0142194 0.0125014 0)
(0.0461711 0.015172 0)
(0.00382893 0.00982798 0)
(0.0213792 0.00862783 0)
(0.0400341 0.00879805 0)
(0.035468 0.0212162 0)
(0.0224329 0.0162602 0)
(0.00696987 0.0229833 0)
(0.0430301 0.0229833 0)
(0.00696876 0.00201636 0)
(0.0430312 0.00201636 0)
(0.0318382 0.00254161 0)
(0.01831 0.0024822 0)
(0.0480597 0.0131488 0)
(0.0019403 0.0118512 0)
(0.0181443 0.0224224 0)
(0.0316982 0.0224784 0)
(0.00947843 0.0229302 0)
(0.0405216 0.0229431 0)
(0.00947735 0.00205675 0)
(0.0403328 0.00223473 0)
(0.0259821 0.0226684 0)
(0.0333691 0.00641246 0)
(0.017612 0.0164454 0)
(0.0228183 0.00563697 0)
(0.0046113 0.0121519 0)
(0.0453887 0.0128481 0)
(0.0392203 0.000867829 0)
(0.0107797 0.000867829 0)
(0.0107931 0.0241367 0)
(0.0391745 0.0241478 0)
(0.0110116 0.0151733 0)
(0.0167772 0.0199653 0)
(0.0167757 0.00503392 0)
(0.0244878 0.000895747 0)
(0.0255124 0.0241044 0)
(0.00571441 0.0132738 0)
(0.0442856 0.0117262 0)
(0.0174483 0.000832543 0)
(0.0325502 0.0241672 0)
(0.0401573 0.017507 0)
(0.0106659 0.0188798 0)
(0.0309123 0.020566 0)
(0.0190734 0.0205426 0)
(0.0309152 0.00447726 0)
(0.0381617 0.0175407 0)
(0.00686027 0.0241309 0)
(0.0431397 0.0241309 0)
(0.0431407 0.000869083 0)
(0.00685931 0.000869083 0)
(0.0491856 0.0209383 0)
(0.0492079 0.00397713 0)
(0.000814435 0.00406167 0)
(0.000792104 0.0210229 0)
(0.013589 0.00748454 0)
(0.0207835 0.0112129 0)
(0.021197 0.00522982 0)
(0.040879 0.006928 0)
(0.0468154 0.017669 0)
(0.00318462 0.00733095 0)
(0.0182189 0.019168 0)
(0.0354142 0.017095 0)
(0.0210673 0.0168466 0)
(0.0124569 0.0227542 0)
(0.0198865 0.0190066 0)
(0.0210917 0.0229067 0)
(0.037545 0.00224518 0)
(0.0124553 0.00224521 0)
(0.02876 0.00211256 0)
(0.0491979 0.0241971 0)
(0.0491979 0.000802907 0)
(0.000802146 0.0241971 0)
(0.000802138 0.000802907 0)
(0.0389528 0.01347 0)
(0.0212581 0.00609075 0)
(0.0458594 0.000825949 0)
(0.0041406 0.000825949 0)
(0.0458593 0.0241741 0)
(0.00414071 0.0241741 0)
(0.0189809 0.00437297 0)
(0.0168526 0.00651243 0)
(0.0270072 0.0194713 0)
(0.0404936 0.0137759 0)
(0.00474995 0.0101946 0)
(0.0452501 0.0148054 0)
(0.00993554 0.01621 0)
(0.0305556 0.0243219 0)
(0.0194444 0.000677513 0)
(0.00789082 0.0169926 0)
(0.0315764 0.0112246 0)
(0.0256227 0.00401481 0)
(0.0391214 0.0089206 0)
(0.0421004 0.00801433 0)
(0.0302767 0.0191965 0)
(0.00784653 0.00942786 0)
(0.0302614 0.00582453 0)
(0.0421718 0.0155565 0)
(0.0478738 0.00919996 0)
(0.00212622 0.0158 0)
(0.0388028 0.0196947 0)
(0.0137464 0.0181535 0)
(0.0181337 0.00584898 0)
(0.00935239 0.012238 0)
(0.0109121 0.00798365 0)
(0.0158111 0.00910835 0)
(0.0167719 0.00927858 0)
(0.0244123 0.00945762 0)
(0.0241012 0.00444495 0)
(0.0153041 0.0177754 0)
(0.0407161 0.0127711 0)
(0.00163547 0.018517 0)
(0.0483645 0.00648301 0)
(0.0124063 0.0209457 0)
(0.0376143 0.00406346 0)
(0.0124798 0.00406924 0)
(0.0384055 0.0116563 0)
(0.0136824 0.0199626 0)
(0.0326133 0.000735326 0)
(0.0173892 0.0242525 0)
(0.0227043 0.00086969 0)
(0.027296 0.02413 0)
(0.00332591 0.0022875 0)
(0.0466741 0.0022875 0)
(0.0466742 0.0227125 0)
(0.00332585 0.0227125 0)
(0.02134 0.0129741 0)
(0.026336 0.00731552 0)
(0.000841425 0.0185215 0)
(0.0491586 0.0064785 0)
(0.0491593 0.011915 0)
(0.000840734 0.013085 0)
(0.0021109 0.010617 0)
(0.0478891 0.014383 0)
(0.0417387 0.0205469 0)
(0.0363792 0.00495814 0)
(0.00825989 0.00445275 0)
(0.00576556 0.00588132 0)
(0.044178 0.00569165 0)
(0.0058208 0.0193097 0)
(0.044234 0.0191184 0)
(0.0170559 0.0117569 0)
(0.00948342 0.011287 0)
(0.00912657 0.018147 0)
(0.0232064 0.0112712 0)
(0.0397198 0.0151984 0)
(0.0285268 0.0149853 0)
(0.0117898 0.0120044 0)
(0.0243504 0.0119836 0)
(0.0308556 0.0154174 0)
(0.0365272 0.0181961 0)
(0.0179902 0.0141915 0)
(0.0256384 0.0119839 0)
(0.0251764 0.00798635 0)
(0.00812867 0.0205084 0)
(0.0463928 0.0082505 0)
(0.00360728 0.0167495 0)
(0.0309421 0.0033952 0)
(0.0191517 0.00335868 0)
(0.0308594 0.0215901 0)
(0.0190511 0.0216146 0)
(0.0483801 0.0243068 0)
(0.0483802 0.000693167 0)
(0.00161987 0.0243068 0)
(0.00161985 0.000693167 0)
(0.024364 0.0195153 0)
(0.0418133 0.00450882 0)
(0.0107523 0.0160878 0)
(0.0111309 0.00524696 0)
(0.0362169 0.019586 0)
(0.0274009 0.00640881 0)
(0.0419638 0.0179246 0)
(0.0493682 0.00162049 0)
(0.0493683 0.0233794 0)
(0.000631705 0.00162059 0)
(0.000631779 0.0233795 0)
(0.0286381 0.00767548 0)
(0.0346385 0.00867286 0)
(0.0389566 0.00177554 0)
(0.0110257 0.00178051 0)
(0.0356899 0.00747347 0)
(0.0389216 0.0232308 0)
(0.0110275 0.0232194 0)
(0.021969 0.0100578 0)
(0.0467067 0.0105891 0)
(0.00329332 0.0144109 0)
(0.0349456 0.00714218 0)
(0.0245334 0.0103963 0)
(0.0158154 0.011675 0)
(0.0294542 0.00644298 0)
(0.00599228 0.0242127 0)
(0.0440077 0.0242127 0)
(0.0264242 0.00376956 0)
(0.0440082 0.000787352 0)
(0.00599179 0.000787352 0)
(0.0241869 0.0180618 0)
(0.0262546 0.000703815 0)
(0.0236754 0.0242356 0)
(0.0292465 0.00926602 0)
(0.0284442 0.00903109 0)
(0.0354123 0.0196411 0)
(0.0329882 0.0146695 0)
(0.0291656 0.0127728 0)
(0.0316696 0.0136015 0)
(0.0293852 0.0036682 0)
(0.0206454 0.0212914 0)
(0.0149575 0.0137763 0)
(0.0281153 0.017427 0)
(0.0195272 0.00765614 0)
(0.0304961 0.00746898 0)
(0.0253157 0.0158207 0)
(0.0259701 0.0105932 0)
(0.0080372 0.00707116 0)
(0.00189437 0.0134074 0)
(0.0481056 0.0115926 0)
(0.0493945 0.0190217 0)
(0.000605529 0.00597826 0)
(0.0357789 0.0154976 0)
(0.00559693 0.0159654 0)
(0.0178294 0.00935359 0)
(0.0185176 0.00861043 0)
(0.0280349 0.0205519 0)
(0.0444042 0.00903444 0)
(0.0230756 0.0229871 0)
(0.0431038 0.0106168 0)
(0.00689712 0.0143843 0)
(0.0113597 0.00985563 0)
(0.0439637 0.0139716 0)
(0.00603634 0.0110284 0)
(0.0272054 0.00177507 0)
(0.0294119 0.0152737 0)
(0.0201569 0.018154 0)
(0.0287574 0.00510624 0)
(0.030095 0.0117028 0)
(0.0334805 0.0190234 0)
(0.0133125 0.0213173 0)
(0.0367489 0.00371564 0)
(0.0133097 0.00374775 0)
(0.0430043 0.0140928 0)
(0.00699545 0.0109078 0)
(0.0308271 0.0161989 0)
(0.03521 0.0242543 0)
(0.01479 0.0242543 0)
(0.0147884 0.000746058 0)
(0.0352116 0.000746058 0)
(0.0230139 0.0130517 0)
(0.0480591 0.00747279 0)
(0.00194094 0.0175272 0)
(0.040327 0.00483338 0)
(0.0417251 0.00554327 0)
(0.0318086 0.00580313 0)
(0.00174221 0.0144141 0)
(0.0482578 0.0105859 0)
(0.0269975 0.00470522 0)
(0.0258039 0.0207657 0)
(0.00966673 0.0201742 0)
(0.0277496 0.0113021 0)
(0.0217784 0.0123711 0)
(0.0240759 0.0164216 0)
(0.0128846 0.00905303 0)
(0.0142184 0.00994624 0)
(0.0205126 0.00650526 0)
(0.0191527 0.00185473 0)
(0.0308454 0.0231452 0)
(0.0205135 0.0038632 0)
(0.0123226 0.00644356 0)
(0.0114933 0.0133374 0)
(0.0323148 0.0207338 0)
(0.0189979 0.010525 0)
(0.0135311 0.0108271 0)
(0.0179618 0.00769407 0)
(0.02303 0.00190942 0)
(0.0346389 0.0134876 0)
(0.0294937 0.0162591 0)
(0.0269776 0.023079 0)
(0.0249339 0.00261798 0)
(0.0402841 0.0201802 0)
(0.0082826 0.0194823 0)
(0.00972705 0.00484272 0)
(0.0312955 0.0179313 0)
(0.0477903 0.0191275 0)
(0.00220968 0.00587251 0)
(0.0480767 0.00550286 0)
(0.00192332 0.0194972 0)
(0.0163908 0.0142994 0)
(0.0388318 0.00517855 0)
(0.0294237 0.0212502 0)
(0.0280317 0.00705625 0)
(0.0305945 0.0175846 0)
(0.0159561 0.00767817 0)
(0.0378801 0.0232446 0)
(0.0137072 0.0139902 0)
(0.0437914 0.0214007 0)
(0.00626083 0.0214098 0)
(0.00620782 0.00359901 0)
(0.0437399 0.00358995 0)
(0.0426199 0.0212932 0)
(0.0073892 0.0213981 0)
(0.00737903 0.00370654 0)
(0.0425786 0.00361913 0)
(0.0307414 0.00949988 0)
(0.0310563 0.00856993 0)
(0.0363361 0.0143561 0)
(0.0344182 0.0120568 0)
(0.0168562 0.0150079 0)
(0.0122978 0.00762717 0)
(0.0419828 0.0069165 0)
(0.0353335 0.00353461 0)
(0.0482492 0.00217606 0)
(0.0482517 0.0228203 0)
(0.00174823 0.00217973 0)
(0.00175081 0.0228239 0)
(0.0274443 0.0138446 0)
(0.0394717 0.00605161 0)
(0.0184437 0.0232112 0)
(0.0315542 0.00178168 0)
(0.0301997 0.00073482 0)
(0.0195406 0.0175077 0)
(0.00809527 0.0160421 0)
(0.0419061 0.00896006 0)
(0.0198005 0.0242694 0)
(0.0391784 0.0115243 0)
(0.0304698 0.0103861 0)
(0.0174995 0.021186 0)
(0.0325263 0.00383217 0)
(0.0174961 0.00381316 0)
(0.0445494 0.023326 0)
(0.00545059 0.023326 0)
(0.00544989 0.00167431 0)
(0.0445501 0.00167431 0)
(0.0361051 0.0110055 0)
(0.0100597 0.0241187 0)
(0.0399322 0.0241215 0)
(0.0399441 0.00088237 0)
(0.0100559 0.00088237 0)
(0.0466716 0.0128212 0)
(0.00332841 0.0121788 0)
(0.0316702 0.0203165 0)
(0.036746 0.0221724 0)
(0.0241584 0.0145489 0)
(0.0389636 0.00741477 0)
(0.0244177 0.0129486 0)
(0.0215407 0.00762228 0)
(0.0175578 0.0136265 0)
(0.00801386 0.0180684 0)
(0.0111022 0.0198467 0)
(0.0417687 0.0194727 0)
(0.00827924 0.00548303 0)
(0.0339585 0.0208486 0)
(0.0147799 0.016363 0)
(0.00438952 0.0181452 0)
(0.0456105 0.00685478 0)
(0.00430691 0.0067168 0)
(0.0456931 0.0182832 0)
(0.00370736 0.0081845 0)
(0.0462926 0.0168155 0)
(0.0134577 0.0126466 0)
(0.0280604 0.0040886 0)
(0.0203033 0.00195319 0)
(0.0296952 0.0230461 0)
(0.0337265 0.0174275 0)
(0.0363629 0.00667864 0)
(0.0375214 0.0124372 0.001)
(0.0124911 0.0125 0.001)
(0.025 0.0124966 0.001)
(0.0187468 0.0171854 0.001)
(0.0312654 0.0169941 0.001)
(0.0313495 0.00775256 0.001)
(0.0187443 0.00781326 0.001)
(0.0428795 0.00711171 0.001)
(0.00711692 0.0178894 0.001)
(0.0429117 0.0178497 0.001)
(0.00708492 0.00714662 0.001)
(0.025 0.0187606 0.001)
(0.024993 0.00628623 0.001)
(0.0368953 0.0190592 0.001)
(0.0132085 0.0190532 0.001)
(0.0129939 0.0059619 0.001)
(0.0368448 0.005942 0.001)
(0.0444094 0.0128407 0.001)
(0.00559059 0.0121593 0.001)
(0.0173921 0.0127092 0.001)
(0.0300424 0.0126144 0.001)
(0.00428584 0.00428339 0.001)
(0.0457142 0.0207166 0.001)
(0.00428584 0.0207166 0.001)
(0.0457142 0.00428339 0.001)
(0.0288626 0.020694 0.001)
(0.0212419 0.0206406 0.001)
(0.0288182 0.00428652 0.001)
(0.0211818 0.00428652 0.001)
(0.0168483 0.0207681 0.001)
(0.0331648 0.0208607 0.001)
(0.0332851 0.0042113 0.001)
(0.0168463 0.0042312 0.001)
(0.0212121 0.0139022 0.001)
(0.0336606 0.0138636 0.001)
(0.00927551 0.021001 0.001)
(0.0407216 0.020998 0.001)
(0.0224347 0.00936083 0.001)
(0.0406367 0.0039975 0.001)
(0.00927689 0.00400162 0.001)
(0.0349729 0.00949582 0.001)
(0.0275284 0.00924398 0.001)
(0.0275594 0.0156675 0.001)
(0.014913 0.00935326 0.001)
(0.0148869 0.0154879 0.001)
(0.0461816 0.00904203 0.001)
(0.00383306 0.00896085 0.001)
(0.0461669 0.0160392 0.001)
(0.0038184 0.015958 0.001)
(0.0411137 0.0108867 0.001)
(0.00888218 0.0141026 0.001)
(0.0108156 0.0090093 0.001)
(0.0392656 0.0160462 0.001)
(0.0381256 0.00905143 0.001)
(0.0220031 0.0171904 0.001)
(0.0117638 0.0160187 0.001)
(0.0078615 0.0104191 0.001)
(0.0421385 0.0145809 0.001)
(0.0344376 0.0170283 0.001)
(0.0241674 0.0218273 0.001)
(0.0257195 0.00313993 0.001)
(0.0139944 0.02198 0.001)
(0.0360027 0.021963 0.001)
(0.0360071 0.00301926 0.001)
(0.0139929 0.00301926 0.001)
(0.0198906 0.0108704 0.001)
(0.0244316 0.015517 0.001)
(0.0322027 0.0106348 0.001)
(0.0431213 0.0221192 0.001)
(0.00687865 0.0221192 0.001)
(0.0431222 0.0028804 0.001)
(0.00687777 0.0028804 0.001)
(0.0472002 0.0133814 0.001)
(0.00279982 0.0116186 0.001)
(0.0366321 0.0151965 0.001)
(0.0398034 0.00698921 0.001)
(0.0161627 0.0181389 0.001)
(0.0160586 0.00684282 0.001)
(0.0342158 0.00672907 0.001)
(0.0473259 0.00651603 0.001)
(0.00272526 0.00651759 0.001)
(0.00267412 0.018484 0.001)
(0.0472747 0.0184824 0.001)
(0.00998964 0.0182764 0.001)
(0.00613336 0.0151976 0.001)
(0.0438674 0.00980248 0.001)
(0.0212219 0.00694896 0.001)
(0.0190403 0.0224306 0.001)
(0.0306108 0.0224597 0.001)
(0.0309614 0.00256951 0.001)
(0.0193874 0.00254052 0.001)
(0.0232915 0.00287012 0.001)
(0.0267298 0.022092 0.001)
(0.0276114 0.0183629 0.001)
(0.0287686 0.00692655 0.001)
(0.00971206 0.00680033 0.001)
(0.040167 0.0184024 0.001)
(0.0253446 0.0100787 0.001)
(0.0399142 0.0131162 0.001)
(0.0102051 0.0119655 0.001)
(0.0474908 0.0224556 0.001)
(0.00250914 0.00254441 0.001)
(0.0474909 0.00254441 0.001)
(0.00250919 0.0224556 0.001)
(0.0187624 0.014625 0.001)
(0.0313353 0.0145935 0.001)
(0.027448 0.0130044 0.001)
(0.0149324 0.0119268 0.001)
(0.01159 0.0225421 0.001)
(0.0384518 0.0225255 0.001)
(0.0384112 0.00245774 0.001)
(0.0115888 0.00245774 0.001)
(0.0225963 0.0119391 0.001)
(0.0173534 0.00990421 0.001)
(0.047519 0.0109788 0.001)
(0.00248101 0.0140212 0.001)
(0.0353373 0.0117965 0.001)
(0.0190296 0.0195823 0.001)
(0.0310518 0.0195362 0.001)
(0.0311358 0.00543079 0.001)
(0.0189326 0.00537779 0.001)
(0.0299176 0.00983206 0.001)
(0.0450161 0.0185714 0.001)
(0.0448716 0.00648522 0.001)
(0.00498382 0.00642867 0.001)
(0.0051284 0.0185148 0.001)
(0.0129795 0.00818964 0.001)
(0.0425062 0.00513995 0.001)
(0.00745796 0.00485923 0.001)
(0.00749131 0.0198662 0.001)
(0.042541 0.0201405 0.001)
(0.00563736 0.0102267 0.001)
(0.0443627 0.0147733 0.001)
(0.0220769 0.0228027 0.001)
(0.0278868 0.00224307 0.001)
(0.0345199 0.0191067 0.001)
(0.0226115 0.0192165 0.001)
(0.0453532 0.0228234 0.001)
(0.00464684 0.0228234 0.001)
(0.00464635 0.00217657 0.001)
(0.0453537 0.00217657 0.001)
(0.0233076 0.0048368 0.001)
(0.00902567 0.0163469 0.001)
(0.0159279 0.0228554 0.001)
(0.034096 0.0229403 0.001)
(0.0409801 0.00865579 0.001)
(0.0340179 0.0021348 0.001)
(0.015926 0.00214441 0.001)
(0.0269858 0.00552403 0.001)
(0.0129926 0.0101268 0.001)
(0.0424606 0.0125255 0.001)
(0.00753898 0.0124747 0.001)
(0.0287194 0.0227749 0.001)
(0.0212825 0.00221993 0.001)
(0.0266518 0.0202158 0.001)
(0.0168367 0.0158108 0.001)
(0.0368427 0.0105679 0.001)
(0.0266837 0.0112062 0.001)
(0.0130993 0.0145255 0.001)
(0.00188609 0.00459804 0.001)
(0.0480021 0.0044372 0.001)
(0.00199792 0.0205628 0.001)
(0.0481139 0.020402 0.001)
(0.037524 0.0168743 0.001)
(0.0386539 0.0108795 0.001)
(0.0111382 0.0141379 0.001)
(0.0365839 0.00790161 0.001)
(0.0233292 0.0137805 0.001)
(0.00863142 0.0231319 0.001)
(0.0413686 0.0231319 0.001)
(0.0413697 0.00186788 0.001)
(0.00863033 0.00186788 0.001)
(0.0233097 0.00745936 0.001)
(0.0204001 0.0159476 0.001)
(0.014898 0.0201088 0.001)
(0.0148963 0.00489014 0.001)
(0.0320131 0.0127056 0.001)
(0.0116365 0.0205963 0.001)
(0.0381774 0.0205897 0.001)
(0.0117222 0.00460698 0.001)
(0.0383631 0.00440783 0.001)
(0.0194053 0.0126771 0.001)
(0.0290672 0.0171622 0.001)
(0.0290699 0.0144153 0.001)
(0.0352277 0.00458472 0.001)
(0.0133672 0.0171009 0.001)
(0.0259831 0.00803613 0.001)
(0.0328008 0.0184859 0.001)
(0.0208555 0.0187963 0.001)
(0.047993 0.0152629 0.001)
(0.00200698 0.00973709 0.001)
(0.0259737 0.0168496 0.001)
(0.0480369 0.00835789 0.001)
(0.00196306 0.0166421 0.001)
(0.0157777 0.0135737 0.001)
(0.00882416 0.0086704 0.001)
(0.0412178 0.0162331 0.001)
(0.0330414 0.00835928 0.001)
(0.0205022 0.00888616 0.001)
(0.0329051 0.0157559 0.001)
(0.0456518 0.0108108 0.001)
(0.0043482 0.0141892 0.001)
(0.0443733 0.0166902 0.001)
(0.00562674 0.00830981 0.001)
(0.0382644 0.0142868 0.001)
(0.0285841 0.0111285 0.001)
(0.00577546 0.0168171 0.001)
(0.0442254 0.00818324 0.001)
(0.0239462 0.0172221 0.001)
(0.0258544 0.0141353 0.001)
(0.0294901 0.0188457 0.001)
(0.0116236 0.00702349 0.001)
(0.0483344 0.0169465 0.001)
(0.00166557 0.0080535 0.001)
(0.0356443 0.0137509 0.001)
(0.0222975 0.0153488 0.001)
(0.0381417 0.00726954 0.001)
(0.0116976 0.0180551 0.001)
(0.0325477 0.00629559 0.001)
(0.0247816 0.00174305 0.001)
(0.0252192 0.023257 0.001)
(0.0143964 0.00720388 0.001)
(0.0347797 0.0153073 0.001)
(0.00593615 0.020223 0.001)
(0.0440639 0.020223 0.001)
(0.0059356 0.0047768 0.001)
(0.0440644 0.0047768 0.001)
(0.0112984 0.0106712 0.001)
(0.0204533 0.023419 0.001)
(0.0295487 0.00158096 0.001)
(0.0323649 0.00158487 0.001)
(0.0176404 0.00170706 0.001)
(0.0176369 0.0234151 0.001)
(0.0323579 0.023293 0.001)
(0.0384611 0.0183818 0.001)
(0.00960012 0.0102435 0.001)
(0.0404256 0.0147725 0.001)
(0.0163544 0.00850556 0.001)
(0.0335211 0.0118872 0.001)
(0.0369533 0.023221 0.001)
(0.0129922 0.0234027 0.001)
(0.0129907 0.00159688 0.001)
(0.0370093 0.00159688 0.001)
(0.0173389 0.0192656 0.001)
(0.0172954 0.00574931 0.001)
(0.0214145 0.010668 0.001)
(0.02495 0.00457321 0.001)
(0.00407972 0.0106433 0.001)
(0.0459203 0.0143567 0.001)
(0.00706189 0.00904818 0.001)
(0.0429381 0.0159518 0.001)
(0.035926 0.0177296 0.001)
(0.0242794 0.0202881 0.001)
(0.0484328 0.0123403 0.001)
(0.00156717 0.0126597 0.001)
(0.0358794 0.0203483 0.001)
(0.0163349 0.0110042 0.001)
(0.0263976 0.00159979 0.001)
(0.0236153 0.0235341 0.001)
(0.0240561 0.011183 0.001)
(0.0227752 0.0209988 0.001)
(0.0141687 0.0133672 0.001)
(0.0272786 0.00396233 0.001)
(0.0290028 0.00845108 0.001)
(0.0145041 0.0182822 0.001)
(0.021035 0.0121928 0.001)
(0.0414476 0.00631968 0.001)
(0.0396977 0.00958229 0.001)
(0.013161 0.020638 0.001)
(0.0132713 0.00440765 0.001)
(0.036841 0.0043609 0.001)
(0.0101901 0.0234005 0.001)
(0.0398099 0.0234005 0.001)
(0.0101892 0.00159939 0.001)
(0.0398108 0.00159939 0.001)
(0.0301338 0.0157441 0.001)
(0.0182094 0.0112286 0.001)
(0.0102429 0.0153946 0.001)
(0.0271616 0.00718952 0.001)
(0.0307289 0.0111763 0.001)
(0.0437523 0.0234531 0.001)
(0.00624769 0.0234531 0.001)
(0.00624687 0.00154677 0.001)
(0.0437531 0.00154677 0.001)
(0.0188525 0.0095137 0.001)
(0.00851011 0.0186847 0.001)
(0.046053 0.0123565 0.001)
(0.00394702 0.0126435 0.001)
(0.0172224 0.0143472 0.001)
(0.0073694 0.0162396 0.001)
(0.0426333 0.00876097 0.001)
(0.0460876 0.0175238 0.001)
(0.00391239 0.00747616 0.001)
(0.045998 0.00750361 0.001)
(0.00400202 0.0174964 0.001)
(0.0353462 0.0234401 0.001)
(0.0146251 0.0234501 0.001)
(0.0146233 0.00154994 0.001)
(0.0354373 0.00153599 0.001)
(0.0345593 0.0212791 0.001)
(0.0204941 0.00573131 0.001)
(0.0315063 0.00925674 0.001)
(0.0484954 0.00979092 0.001)
(0.00150456 0.0152091 0.001)
(0.024455 0.00846823 0.001)
(0.0220005 0.0056187 0.001)
(0.0336807 0.0102312 0.001)
(0.0302623 0.00666842 0.001)
(0.0317061 0.0212358 0.001)
(0.0182518 0.0211756 0.001)
(0.0317051 0.00392072 0.001)
(0.0182477 0.00382474 0.001)
(0.0433632 0.0133802 0.001)
(0.00663678 0.0116198 0.001)
(0.0433322 0.0115937 0.001)
(0.00666739 0.0134063 0.001)
(0.0485996 0.0235441 0.001)
(0.0485997 0.00145591 0.001)
(0.00140039 0.0235441 0.001)
(0.00140034 0.00145591 0.001)
(0.0257018 0.0215144 0.001)
(0.00141007 0.00585679 0.001)
(0.00114617 0.0192688 0.001)
(0.0488538 0.00573116 0.001)
(0.0485899 0.0191432 0.001)
(0.0396866 0.00529352 0.001)
(0.00829408 0.021396 0.001)
(0.0417035 0.0213947 0.001)
(0.041695 0.0036035 0.001)
(0.00829516 0.00360507 0.001)
(0.0202391 0.0172469 0.001)
(0.0104552 0.016869 0.001)
(0.0344395 0.00352542 0.001)
(0.0153392 0.021513 0.001)
(0.0153372 0.00348639 0.001)
(0.00143332 0.0111192 0.001)
(0.0485667 0.0138808 0.001)
(0.00852333 0.00636862 0.001)
(0.0414006 0.0186263 0.001)
(0.0446677 0.0218178 0.001)
(0.00533226 0.0218178 0.001)
(0.00533177 0.0031819 0.001)
(0.0446682 0.0031819 0.001)
(0.0103197 0.0197519 0.001)
(0.00352657 0.0235439 0.001)
(0.0464734 0.0235439 0.001)
(0.00352608 0.00145593 0.001)
(0.0464739 0.00145593 0.001)
(0.0394788 0.00799727 0.001)
(0.0373997 0.0214762 0.001)
(0.0459497 0.00569448 0.001)
(0.00405029 0.0193056 0.001)
(0.00408736 0.00569215 0.001)
(0.0459126 0.0193079 0.001)
(0.0222195 0.00162269 0.001)
(0.0277817 0.0233734 0.001)
(0.035553 0.00656655 0.001)
(0.0198005 0.00141269 0.001)
(0.0301979 0.0235872 0.001)
(0.0349514 0.00798075 0.001)
(0.0153026 0.0168674 0.001)
(0.0396444 0.0198227 0.001)
(0.0103423 0.00522354 0.001)
(0.0173299 0.0174408 0.001)
(0.0302182 0.00391941 0.001)
(0.0197556 0.00390297 0.001)
(0.0302163 0.0210813 0.001)
(0.0197837 0.0210813 0.001)
(0.0261887 0.015426 0.001)
(0.017545 0.00690608 0.001)
(0.0197771 0.00690311 0.001)
(0.0293346 0.00563902 0.001)
(0.0329542 0.0170285 0.001)
(0.0378734 0.0156586 0.001)
(0.0334876 0.00551634 0.001)
(0.0369977 0.0137244 0.001)
(0.0358529 0.0163989 0.001)
(0.00144845 0.00323854 0.001)
(0.00145986 0.0217779 0.001)
(0.0485516 0.0217615 0.001)
(0.0485401 0.00322213 0.001)
(0.0413744 0.0132681 0.001)
(0.00860504 0.0117814 0.001)
(0.0436134 0.00638167 0.001)
(0.00657042 0.00633355 0.001)
(0.00638278 0.0186218 0.001)
(0.0434287 0.0186657 0.001)
(0.0451668 0.00968828 0.001)
(0.00483365 0.0153116 0.001)
(0.00787634 0.0144907 0.001)
(0.0421225 0.0105076 0.001)
(0.027438 0.0213516 0.001)
(0.027824 0.0196747 0.001)
(0.0120731 0.00936726 0.001)
(0.0143597 0.0107734 0.001)
(0.0423468 0.0236344 0.001)
(0.00765321 0.0236344 0.001)
(0.00765223 0.00136537 0.001)
(0.0423478 0.00136537 0.001)
(0.0245345 0.0034837 0.001)
(0.00370576 0.0219381 0.001)
(0.0462942 0.0219381 0.001)
(0.0462945 0.00306216 0.001)
(0.0037055 0.00306216 0.001)
(0.022452 0.00376074 0.001)
(0.0488717 0.00728096 0.001)
(0.0011283 0.017719 0.001)
(0.0401485 0.0119313 0.001)
(0.0101172 0.0132128 0.001)
(0.0392632 0.0175058 0.001)
(0.0210099 0.0220996 0.001)
(0.0290456 0.00291371 0.001)
(0.00991355 0.00806382 0.001)
(0.022369 0.00808565 0.001)
(0.0262991 0.0189434 0.001)
(0.0236483 0.0061478 0.001)
(0.0384695 0.00587725 0.001)
(0.0272508 0.0170021 0.001)
(0.0191756 0.0236806 0.001)
(0.0308267 0.00131969 0.001)
(0.0264818 0.00993503 0.001)
(0.0111603 0.0125588 0.001)
(0.0389387 0.0124891 0.001)
(0.0234835 0.0101095 0.001)
(0.0191002 0.018425 0.001)
(0.0306199 0.0184076 0.001)
(0.0135922 0.0117791 0.001)
(0.0369158 0.00919873 0.001)
(0.0184969 0.0158871 0.001)
(0.0103028 0.0221201 0.001)
(0.0396972 0.0221201 0.001)
(0.0103016 0.00287966 0.001)
(0.0396424 0.00284952 0.001)
(0.0324102 0.0197232 0.001)
(0.0283293 0.0122528 0.001)
(0.0265838 0.0124826 0.001)
(0.0308729 0.0133754 0.001)
(0.018436 0.0133921 0.001)
(0.0279013 0.014477 0.001)
(0.0173653 0.00854395 0.001)
(0.0246314 0.0137806 0.001)
(0.0129658 0.0158354 0.001)
(0.0316599 0.0158168 0.001)
(0.0126852 0.0218633 0.001)
(0.037316 0.00313569 0.001)
(0.012684 0.00313569 0.001)
(0.0236306 0.0125615 0.001)
(0.0201242 0.0145379 0.001)
(0.0161021 0.00565179 0.001)
(0.016174 0.0193436 0.001)
(0.0253703 0.0111529 0.001)
(0.0324053 0.0139239 0.001)
(0.0115712 0.0191149 0.001)
(0.00268498 0.0151376 0.001)
(0.047315 0.00986242 0.001)
(0.035368 0.0106241 0.001)
(0.0365169 0.0117265 0.001)
(0.0410338 0.0200302 0.001)
(0.00896467 0.00496923 0.001)
(0.0326446 0.0216394 0.001)
(0.0174824 0.021996 0.001)
(0.0325198 0.00300366 0.001)
(0.0174802 0.00300366 0.001)
(0.0233385 0.0159383 0.001)
(0.0222238 0.0131872 0.001)
(0.00893425 0.0199874 0.001)
(0.011817 0.00120167 0.001)
(0.038183 0.00120167 0.001)
(0.0118175 0.0237982 0.001)
(0.0383047 0.0240559 0.001)
(0.0410777 0.00503272 0.001)
(0.0160427 0.0151493 0.001)
(0.0161068 0.0125343 0.001)
(0.0160966 0.00994946 0.001)
(0.0136734 0.00918874 0.001)
(0.0202755 0.0200657 0.001)
(0.0287887 0.0157741 0.001)
(0.0322288 0.00501971 0.001)
(0.0301239 0.00863374 0.001)
(0.0152322 0.00822057 0.001)
(0.0118564 0.00575948 0.001)
(0.00104555 0.0139476 0.001)
(0.0489545 0.0110524 0.001)
(0.033967 0.0181977 0.001)
(0.0286708 0.00991923 0.001)
(0.0370068 0.0202265 0.001)
(0.0340601 0.0128312 0.001)
(0.0187374 0.0067297 0.001)
(0.0261991 0.00467217 0.001)
(0.0180434 0.0182934 0.001)
(0.0236484 0.00121141 0.001)
(0.0263518 0.0237889 0.001)
(0.0226617 0.010613 0.001)
(0.0379499 0.0102031 0.001)
(0.0450716 0.0138563 0.001)
(0.00492845 0.0111437 0.001)
(0.0230895 0.017962 0.001)
(0.041034 0.017479 0.001)
(0.0412939 0.0121147 0.001)
(0.00676403 0.00427746 0.001)
(0.0429951 0.00447363 0.001)
(0.0432349 0.0207222 0.001)
(0.0070059 0.0205269 0.001)
(0.00876412 0.0129681 0.001)
(0.0215744 0.0239094 0.001)
(0.00293961 0.00819892 0.001)
(0.0470604 0.0168011 0.001)
(0.00865639 0.0174046 0.001)
(0.0283468 0.00117558 0.001)
(0.0412751 0.00764975 0.001)
(0.00882851 0.00752773 0.001)
(0.0027341 0.0128359 0.001)
(0.0472659 0.0121641 0.001)
(0.0215728 0.0195894 0.001)
(0.0253102 0.0198846 0.001)
(0.01206 0.0149251 0.001)
(0.0149512 0.00613091 0.001)
(0.026304 0.00647566 0.001)
(0.0117718 0.0082662 0.001)
(0.0336365 0.0198798 0.001)
(0.0489085 0.0179911 0.001)
(0.00109152 0.00700885 0.001)
(0.00846282 0.0152427 0.001)
(0.0415362 0.00975433 0.001)
(0.0122451 0.0137834 0.001)
(0.0325873 0.00969214 0.001)
(0.0048942 0.00929971 0.001)
(0.0451058 0.0157003 0.001)
(0.0298887 0.0201 0.001)
(0.0142832 0.0145305 0.001)
(0.00313339 0.0209759 0.001)
(0.0468666 0.0209759 0.001)
(0.0468666 0.0040245 0.001)
(0.00313344 0.0040245 0.001)
(0.00112735 0.00900594 0.001)
(0.0488727 0.0159941 0.001)
(0.0444464 0.0107498 0.001)
(0.00555362 0.0142502 0.001)
(0.0185882 0.00113167 0.001)
(0.0314106 0.0238682 0.001)
(0.0276037 0.0104589 0.001)
(0.0279012 0.00813287 0.001)
(0.0123584 0.0112431 0.001)
(0.0128165 0.00702936 0.001)
(0.0029772 0.0104685 0.001)
(0.0470228 0.0145315 0.001)
(0.0244754 0.00729054 0.001)
(0.0376032 0.0113273 0.001)
(0.00677378 0.0100716 0.001)
(0.0432263 0.0149284 0.001)
(0.0283199 0.00600428 0.001)
(0.0222566 0.00671732 0.001)
(0.0394802 0.0142036 0.001)
(0.0333663 0.00119904 0.001)
(0.0166339 0.00120718 0.001)
(0.0166329 0.0238004 0.001)
(0.0333655 0.0237964 0.001)
(0.0202284 0.00302866 0.001)
(0.0297685 0.0219661 0.001)
(0.00504683 0.000892725 0.001)
(0.0449532 0.000892725 0.001)
(0.0449529 0.0241073 0.001)
(0.00504714 0.0241073 0.001)
(0.0218891 0.0184082 0.001)
(0.0274238 0.0120377 0.001)
(0.0439582 0.00727716 0.001)
(0.00604073 0.0177239 0.001)
(0.0357914 0.0187981 0.001)
(0.0332277 0.00722747 0.001)
(0.0233765 0.00874613 0.001)
(0.0471346 0.00538056 0.001)
(0.0471285 0.0195923 0.001)
(0.00287152 0.00540777 0.001)
(0.00286537 0.0196195 0.001)
(0.0378462 0.0193644 0.001)
(0.0237636 0.0189053 0.001)
(0.0231301 0.0220019 0.001)
(0.00595141 0.00709248 0.001)
(0.044048 0.0179069 0.001)
(0.0249746 0.0175903 0.001)
(0.0268251 0.00274917 0.001)
(0.0163473 0.0169441 0.001)
(0.0213653 0.00958919 0.001)
(0.0471145 0.00763491 0.001)
(0.00288551 0.0173651 0.001)
(0.0233131 0.0148825 0.001)
(0.0277239 0.0224213 0.001)
(0.000782298 0.00503214 0.001)
(0.000994531 0.0201368 0.001)
(0.0490055 0.00486317 0.001)
(0.0492177 0.0199679 0.001)
(0.0375528 0.00809372 0.001)
(0.0372111 0.0070286 0.001)
(0.029533 0.00747855 0.001)
(0.0212742 0.0150325 0.001)
(0.0215396 0.0161327 0.001)
(0.0222633 0.00258859 0.001)
(0.00925573 0.0239378 0.001)
(0.0407443 0.0239378 0.001)
(0.00925482 0.00106226 0.001)
(0.0407452 0.00106226 0.001)
(0.0330526 0.0128939 0.001)
(0.0123436 0.016996 0.001)
(0.0127875 0.0180202 0.001)
(0.0311019 0.0120764 0.001)
(0.0200544 0.0117888 0.001)
(0.00246986 0.0236804 0.001)
(0.0475301 0.0236804 0.001)
(0.0024698 0.0013196 0.001)
(0.0475302 0.0013196 0.001)
(0.0286816 0.0180277 0.001)
(0.0296757 0.010851 0.001)
(0.0194599 0.016527 0.001)
(0.0248979 0.016527 0.001)
(0.0141236 0.00828258 0.001)
(0.0222612 0.0143009 0.001)
(0.0182727 0.0122143 0.001)
(0.0313221 0.00646642 0.001)
(0.0362208 0.01279 0.001)
(0.0316855 0.0187127 0.001)
(0.0214956 0.00104942 0.001)
(0.0285045 0.0239495 0.001)
(0.0394001 0.0207074 0.001)
(0.0105705 0.0207165 0.001)
(0.0394082 0.00429064 0.001)
(0.010595 0.0043243 0.001)
(0.0107762 0.00617308 0.001)
(0.0339104 0.0162545 0.001)
(0.0350324 0.022244 0.001)
(0.0337491 0.0218044 0.001)
(0.0285114 0.0135581 0.001)
(0.040165 0.0166409 0.001)
(0.0268046 0.0146751 0.001)
(0.0278842 0.00484971 0.001)
(0.0350268 0.00254476 0.001)
(0.0142057 0.0191672 0.001)
(0.00103091 0.0101563 0.001)
(0.0489691 0.0148437 0.001)
(0.0320514 0.00851736 0.001)
(0.0356642 0.00867121 0.001)
(0.0404029 0.0078294 0.001)
(0.0374217 0.018075 0.001)
(0.0397456 0.0106655 0.001)
(0.0227749 0.0239152 0.001)
(0.0271201 0.000885956 0.001)
(0.00450469 0.00828605 0.001)
(0.0454953 0.016714 0.001)
(0.0342666 0.0111093 0.001)
(0.0165572 0.0216595 0.001)
(0.0165552 0.00333998 0.001)
(0.0343795 0.00100581 0.001)
(0.0156534 0.000980491 0.001)
(0.0343448 0.0240289 0.001)
(0.0156545 0.0240205 0.001)
(0.030153 0.016833 0.001)
(0.0384437 0.0167145 0.001)
(0.0138424 0.00526848 0.001)
(0.0141735 0.020935 0.001)
(0.0141204 0.00410693 0.001)
(0.0338117 0.0150062 0.001)
(0.0296528 0.0136086 0.001)
(0.010123 0.0144814 0.001)
(0.0490109 0.00810359 0.001)
(0.000989076 0.0168964 0.001)
(0.0358417 0.00573626 0.001)
(0.0194419 0.0136728 0.001)
(0.0218403 0.0214655 0.001)
(0.023529 0.00383475 0.001)
(0.0265692 0.0178337 0.001)
(0.0323635 0.0117749 0.001)
(0.013999 0.0162324 0.001)
(0.0465006 0.0113844 0.001)
(0.00349939 0.0136156 0.001)
(0.042498 0.00611167 0.001)
(0.0359661 0.0039989 0.001)
(0.0338745 0.00924758 0.001)
(0.0149422 0.0224674 0.001)
(0.0064992 0.0160617 0.001)
(0.0212947 0.00325638 0.001)
(0.00877355 0.00980246 0.001)
(0.0412724 0.0151654 0.001)
(0.0149404 0.00253219 0.001)
(0.0167486 0.0134926 0.001)
(0.00499376 0.0196479 0.001)
(0.0449713 0.0197664 0.001)
(0.0435019 0.00893844 0.001)
(0.00974574 0.009239 0.001)
(0.00502857 0.0052335 0.001)
(0.0450064 0.00535221 0.001)
(0.0152335 0.0106577 0.001)
(0.0368081 0.0161629 0.001)
(0.0204039 0.0131189 0.001)
(0.0204768 0.00773166 0.001)
(0.0282604 0.00325583 0.001)
(0.0341772 0.00469789 0.001)
(0.0286322 0.0216286 0.001)
(0.0421052 0.0223415 0.001)
(0.0078773 0.0223489 0.001)
(0.042106 0.00265846 0.001)
(0.00789402 0.00265846 0.001)
(0.00610912 0.00921366 0.001)
(0.0438909 0.0157863 0.001)
(0.00901213 0.0220605 0.001)
(0.0409879 0.0221252 0.001)
(0.0409683 0.00293636 0.001)
(0.00901087 0.00287457 0.001)
(0.00766887 0.0114003 0.001)
(0.0423299 0.0136027 0.001)
(0.0434745 0.0124743 0.001)
(0.00652551 0.0125257 0.001)
(0.0264817 0.00884418 0.001)
(0.0440418 0.0225557 0.001)
(0.00595815 0.0225557 0.001)
(0.00595741 0.00244401 0.001)
(0.0440426 0.00244401 0.001)
(0.0333002 0.00315827 0.001)
(0.00376455 0.0150096 0.001)
(0.0462355 0.00999039 0.001)
(0.00748809 0.0188977 0.001)
(0.0124479 0.019873 0.001)
(0.0375536 0.00512605 0.001)
(0.0461673 0.013383 0.001)
(0.0038327 0.011617 0.001)
(0.0348386 0.00588805 0.001)
(0.0078553 0.00817895 0.001)
(0.0422105 0.0168182 0.001)
(0.0302099 0.0146926 0.001)
(0.0115204 0.0214587 0.001)
(0.0115378 0.00358184 0.001)
(0.0384676 0.00353801 0.001)
(0.000914762 0.0226618 0.001)
(0.000913399 0.00234019 0.001)
(0.0490852 0.00233823 0.001)
(0.0490866 0.0226598 0.001)
(0.013173 0.0133963 0.001)
(0.015971 0.0205595 0.001)
(0.0159268 0.00443947 0.001)
(0.0381666 0.0132545 0.001)
(0.0211547 0.0177156 0.001)
(0.032105 0.0176963 0.001)
(0.0198007 0.00968225 0.001)
(0.0194954 0.00856504 0.001)
(0.0346879 0.0203095 0.001)
(0.00289679 0.00934982 0.001)
(0.0471032 0.0156502 0.001)
(0.025533 0.00103333 0.001)
(0.0244652 0.0239117 0.001)
(0.0349933 0.0179918 0.001)
(0.0298474 0.00479321 0.001)
(0.0283285 0.0165685 0.001)
(0.0405549 0.00587666 0.001)
(0.0356204 0.01471 0.001)
(0.0322245 0.014984 0.001)
(0.0151238 0.0129427 0.001)
(0.0178222 0.0202162 0.001)
(0.017805 0.00477796 0.001)
(0.0346928 0.0143509 0.001)
(0.0254546 0.00894235 0.001)
(0.0243743 0.00542262 0.001)
(0.00666132 0.00811721 0.001)
(0.0433414 0.0168825 0.001)
(0.00463476 0.0165952 0.001)
(0.0453656 0.00840475 0.001)
(0.00971145 0.0172784 0.001)
(0.0297578 0.017806 0.001)
(0.0322566 0.00743645 0.001)
(0.03616 0.0240084 0.001)
(0.0138282 0.0240357 0.001)
(0.0138272 0.000964117 0.001)
(0.0361815 0.000962124 0.001)
(0.0182213 0.0241072 0.001)
(0.03178 0.000892717 0.001)
(0.00283589 0.0162798 0.001)
(0.0471641 0.0087202 0.001)
(0.0384053 0.0215302 0.001)
(0.0255141 0.00719452 0.001)
(0.0288011 0.0197468 0.001)
(0.0250194 0.0221946 0.001)
(0.0452423 0.0118042 0.001)
(0.00475773 0.0131958 0.001)
(0.0106344 0.00719625 0.001)
(0.0103761 0.0109454 0.001)
(0.00943273 0.0191723 0.001)
(0.0424577 0.0189015 0.001)
(0.00752744 0.00609393 0.001)
(0.0256842 0.00552482 0.001)
(0.0151803 0.0188882 0.001)
(0.0313783 0.0102569 0.001)
(0.0170538 0.0183757 0.001)
(0.0389241 0.0150755 0.001)
(0.0181157 0.0102707 0.001)
(0.0111969 0.0115683 0.001)
(0.0173273 0.0108762 0.001)
(0.0200421 0.022341 0.001)
(0.0299647 0.00266025 0.001)
(0.0364403 0.0212101 0.001)
(0.0321779 0.0166583 0.001)
(0.0201069 0.00484147 0.001)
(0.0422007 0.011422 0.001)
(0.00780489 0.0135864 0.001)
(0.0376307 0.0223422 0.001)
(0.00239551 0.00346982 0.001)
(0.0475003 0.00345905 0.001)
(0.0476045 0.0215303 0.001)
(0.00245571 0.0215404 0.001)
(0.0248609 0.0210453 0.001)
(0.0256534 0.00219583 0.001)
(0.0393084 0.0188586 0.001)
(0.0374353 0.0147935 0.001)
(0.0339811 0.00791693 0.001)
(0.026495 0.0211682 0.001)
(0.0233734 0.0200282 0.001)
(0.0105439 0.00998261 0.001)
(0.0359837 0.00993167 0.001)
(0.00499515 0.0175488 0.001)
(0.0450049 0.00745146 0.001)
(0.04905 0.0130628 0.001)
(0.000949983 0.0119372 0.001)
(0.0156948 0.0161017 0.001)
(0.0177009 0.0152093 0.001)
(0.0221498 0.00482009 0.001)
(0.0138285 0.00645388 0.001)
(0.0492231 0.0169255 0.001)
(0.000776889 0.00807453 0.001)
(0.0231172 0.0168589 0.001)
(0.0106947 0.0177317 0.001)
(0.019436 0.015419 0.001)
(0.015293 0.0145317 0.001)
(0.0255643 0.0130891 0.001)
(0.0126278 0.00507187 0.001)
(0.0250867 0.0147838 0.001)
(0.0405454 0.00977496 0.001)
(0.0490124 0.00916413 0.001)
(0.00098759 0.0158359 0.001)
(0.0388296 0.00667874 0.001)
(0.0112828 0.0169588 0.001)
(0.0267432 0.0162363 0.001)
(0.00943616 0.0152891 0.001)
(0.016861 0.007561 0.001)
(0.0415592 0.000859103 0.001)
(0.00844081 0.000859103 0.001)
(0.0415586 0.0241408 0.001)
(0.00844141 0.0241408 0.001)
(0.00215545 0.00698237 0.001)
(0.0478446 0.0180176 0.001)
(0.0404757 0.0157079 0.001)
(0.0463902 0.00658383 0.001)
(0.0463438 0.0184209 0.001)
(0.00360977 0.0184162 0.001)
(0.00365621 0.00657905 0.001)
(0.0491572 0.0102382 0.001)
(0.00084278 0.0147618 0.001)
(0.029292 0.0118299 0.001)
(0.0206097 0.0101952 0.001)
(0.0385645 0.00813908 0.001)
(0.0388788 0.0098884 0.001)
(0.0265561 0.0135081 0.001)
(0.00489476 0.00740799 0.001)
(0.0451051 0.0175919 0.001)
(0.0237148 0.0210045 0.001)
(0.0284816 0.0189316 0.001)
(0.0240777 0.0228073 0.001)
(0.0216969 0.0115624 0.001)
(0.019659 0.00602474 0.001)
(0.0372728 0.0240886 0.001)
(0.0127778 0.02425 0.001)
(0.0127778 0.000749503 0.001)
(0.0372222 0.000749503 0.001)
(0.00867167 0.0108045 0.001)
(0.0412278 0.0142647 0.001)
(0.0191185 0.0115842 0.001)
(0.0169891 0.0227205 0.001)
(0.0330492 0.022699 0.001)
(0.0329547 0.00225843 0.001)
(0.016946 0.00228233 0.001)
(0.00666293 0.0195409 0.001)
(0.0433421 0.0196271 0.001)
(0.0066548 0.00537186 0.001)
(0.043334 0.00546232 0.001)
(0.0447535 0.0209358 0.001)
(0.00524065 0.0209161 0.001)
(0.0447597 0.00408381 0.001)
(0.00524609 0.00406403 0.001)
(0.036049 0.0228217 0.001)
(0.0136419 0.0228437 0.001)
(0.0136404 0.00215586 0.001)
(0.0363649 0.00215538 0.001)
(0.0294172 0.000715105 0.001)
(0.0205785 0.024313 0.001)
(0.0204333 0.000824317 0.001)
(0.0295662 0.0241759 0.001)
(0.00356397 0.0201566 0.001)
(0.0464201 0.0201513 0.001)
(0.0222359 0.0203232 0.001)
(0.0464361 0.00484353 0.001)
(0.00357991 0.00484889 0.001)
(0.0240533 0.00229399 0.001)
(0.00458834 0.0215817 0.001)
(0.0454117 0.0215817 0.001)
(0.0454121 0.0034184 0.001)
(0.00458794 0.0034184 0.001)
(0.0377021 0.00638621 0.001)
(0.042654 0.00962517 0.001)
(0.0073471 0.0153749 0.001)
(0.0144051 0.0172971 0.001)
(0.0137964 0.0153004 0.001)
(0.0351278 0.0128177 0.001)
(0.0123425 0.0188233 0.001)
(0.0268408 0.00798552 0.001)
(0.0257633 0.0179955 0.001)
(0.0152741 0.00726092 0.001)
(0.0432324 0.00805065 0.001)
(0.0478727 0.0161309 0.001)
(0.00212726 0.00886905 0.001)
(0.0344795 0.0101835 0.001)
(0.00676794 0.0169499 0.001)
(0.00945643 0.00569492 0.001)
(0.0404844 0.0193094 0.001)
(0.0364941 0.0171701 0.001)
(0.0120674 0.0102477 0.001)
(0.0330673 0.0109411 0.001)
(0.0350129 0.0162628 0.001)
(0.0142194 0.0125014 0.001)
(0.0461711 0.015172 0.001)
(0.00382893 0.00982798 0.001)
(0.0213792 0.00862783 0.001)
(0.0400341 0.00879805 0.001)
(0.035468 0.0212162 0.001)
(0.0224329 0.0162602 0.001)
(0.00696987 0.0229833 0.001)
(0.0430301 0.0229833 0.001)
(0.00696876 0.00201636 0.001)
(0.0430312 0.00201636 0.001)
(0.0318382 0.00254161 0.001)
(0.01831 0.0024822 0.001)
(0.0480597 0.0131488 0.001)
(0.0019403 0.0118512 0.001)
(0.0181443 0.0224224 0.001)
(0.0316982 0.0224784 0.001)
(0.00947843 0.0229302 0.001)
(0.0405216 0.0229431 0.001)
(0.00947735 0.00205675 0.001)
(0.0403328 0.00223473 0.001)
(0.0259821 0.0226684 0.001)
(0.0333691 0.00641246 0.001)
(0.017612 0.0164454 0.001)
(0.0228183 0.00563697 0.001)
(0.0046113 0.0121519 0.001)
(0.0453887 0.0128481 0.001)
(0.0392203 0.000867829 0.001)
(0.0107797 0.000867829 0.001)
(0.0107931 0.0241367 0.001)
(0.0391745 0.0241478 0.001)
(0.0110116 0.0151733 0.001)
(0.0167772 0.0199653 0.001)
(0.0167757 0.00503392 0.001)
(0.0244878 0.000895747 0.001)
(0.0255124 0.0241044 0.001)
(0.00571441 0.0132738 0.001)
(0.0442856 0.0117262 0.001)
(0.0174483 0.000832543 0.001)
(0.0325502 0.0241672 0.001)
(0.0401573 0.017507 0.001)
(0.0106659 0.0188798 0.001)
(0.0309123 0.020566 0.001)
(0.0190734 0.0205426 0.001)
(0.0309152 0.00447726 0.001)
(0.0381617 0.0175407 0.001)
(0.00686027 0.0241309 0.001)
(0.0431397 0.0241309 0.001)
(0.0431407 0.000869083 0.001)
(0.00685931 0.000869083 0.001)
(0.0491856 0.0209383 0.001)
(0.0492079 0.00397713 0.001)
(0.000814435 0.00406167 0.001)
(0.000792104 0.0210229 0.001)
(0.013589 0.00748454 0.001)
(0.0207835 0.0112129 0.001)
(0.021197 0.00522982 0.001)
(0.040879 0.006928 0.001)
(0.0468154 0.017669 0.001)
(0.00318462 0.00733095 0.001)
(0.0182189 0.019168 0.001)
(0.0354142 0.017095 0.001)
(0.0210673 0.0168466 0.001)
(0.0124569 0.0227542 0.001)
(0.0198865 0.0190066 0.001)
(0.0210917 0.0229067 0.001)
(0.037545 0.00224518 0.001)
(0.0124553 0.00224521 0.001)
(0.02876 0.00211256 0.001)
(0.0491979 0.0241971 0.001)
(0.0491979 0.000802907 0.001)
(0.000802146 0.0241971 0.001)
(0.000802138 0.000802907 0.001)
(0.0389528 0.01347 0.001)
(0.0212581 0.00609075 0.001)
(0.0458594 0.000825949 0.001)
(0.0041406 0.000825949 0.001)
(0.0458593 0.0241741 0.001)
(0.00414071 0.0241741 0.001)
(0.0189809 0.00437297 0.001)
(0.0168526 0.00651243 0.001)
(0.0270072 0.0194713 0.001)
(0.0404936 0.0137759 0.001)
(0.00474995 0.0101946 0.001)
(0.0452501 0.0148054 0.001)
(0.00993554 0.01621 0.001)
(0.0305556 0.0243219 0.001)
(0.0194444 0.000677513 0.001)
(0.00789082 0.0169926 0.001)
(0.0315764 0.0112246 0.001)
(0.0256227 0.00401481 0.001)
(0.0391214 0.0089206 0.001)
(0.0421004 0.00801433 0.001)
(0.0302767 0.0191965 0.001)
(0.00784653 0.00942786 0.001)
(0.0302614 0.00582453 0.001)
(0.0421718 0.0155565 0.001)
(0.0478738 0.00919996 0.001)
(0.00212622 0.0158 0.001)
(0.0388028 0.0196947 0.001)
(0.0137464 0.0181535 0.001)
(0.0181337 0.00584898 0.001)
(0.00935239 0.012238 0.001)
(0.0109121 0.00798365 0.001)
(0.0158111 0.00910835 0.001)
(0.0167719 0.00927858 0.001)
(0.0244123 0.00945762 0.001)
(0.0241012 0.00444495 0.001)
(0.0153041 0.0177754 0.001)
(0.0407161 0.0127711 0.001)
(0.00163547 0.018517 0.001)
(0.0483645 0.00648301 0.001)
(0.0124063 0.0209457 0.001)
(0.0376143 0.00406346 0.001)
(0.0124798 0.00406924 0.001)
(0.0384055 0.0116563 0.001)
(0.0136824 0.0199626 0.001)
(0.0326133 0.000735326 0.001)
(0.0173892 0.0242525 0.001)
(0.0227043 0.00086969 0.001)
(0.027296 0.02413 0.001)
(0.00332591 0.0022875 0.001)
(0.0466741 0.0022875 0.001)
(0.0466742 0.0227125 0.001)
(0.00332585 0.0227125 0.001)
(0.02134 0.0129741 0.001)
(0.026336 0.00731552 0.001)
(0.000841425 0.0185215 0.001)
(0.0491586 0.0064785 0.001)
(0.0491593 0.011915 0.001)
(0.000840734 0.013085 0.001)
(0.0021109 0.010617 0.001)
(0.0478891 0.014383 0.001)
(0.0417387 0.0205469 0.001)
(0.0363792 0.00495814 0.001)
(0.00825989 0.00445275 0.001)
(0.00576556 0.00588132 0.001)
(0.044178 0.00569165 0.001)
(0.0058208 0.0193097 0.001)
(0.044234 0.0191184 0.001)
(0.0170559 0.0117569 0.001)
(0.00948342 0.011287 0.001)
(0.00912657 0.018147 0.001)
(0.0232064 0.0112712 0.001)
(0.0397198 0.0151984 0.001)
(0.0285268 0.0149853 0.001)
(0.0117898 0.0120044 0.001)
(0.0243504 0.0119836 0.001)
(0.0308556 0.0154174 0.001)
(0.0365272 0.0181961 0.001)
(0.0179902 0.0141915 0.001)
(0.0256384 0.0119839 0.001)
(0.0251764 0.00798635 0.001)
(0.00812867 0.0205084 0.001)
(0.0463928 0.0082505 0.001)
(0.00360728 0.0167495 0.001)
(0.0309421 0.0033952 0.001)
(0.0191517 0.00335868 0.001)
(0.0308594 0.0215901 0.001)
(0.0190511 0.0216146 0.001)
(0.0483801 0.0243068 0.001)
(0.0483802 0.000693167 0.001)
(0.00161987 0.0243068 0.001)
(0.00161985 0.000693167 0.001)
(0.024364 0.0195153 0.001)
(0.0418133 0.00450882 0.001)
(0.0107523 0.0160878 0.001)
(0.0111309 0.00524696 0.001)
(0.0362169 0.019586 0.001)
(0.0274009 0.00640881 0.001)
(0.0419638 0.0179246 0.001)
(0.0493682 0.00162049 0.001)
(0.0493683 0.0233794 0.001)
(0.000631705 0.00162059 0.001)
(0.000631779 0.0233795 0.001)
(0.0286381 0.00767548 0.001)
(0.0346385 0.00867286 0.001)
(0.0389566 0.00177554 0.001)
(0.0110257 0.00178051 0.001)
(0.0356899 0.00747347 0.001)
(0.0389216 0.0232308 0.001)
(0.0110275 0.0232194 0.001)
(0.021969 0.0100578 0.001)
(0.0467067 0.0105891 0.001)
(0.00329332 0.0144109 0.001)
(0.0349456 0.00714218 0.001)
(0.0245334 0.0103963 0.001)
(0.0158154 0.011675 0.001)
(0.0294542 0.00644298 0.001)
(0.00599228 0.0242127 0.001)
(0.0440077 0.0242127 0.001)
(0.0264242 0.00376956 0.001)
(0.0440082 0.000787352 0.001)
(0.00599179 0.000787352 0.001)
(0.0241869 0.0180618 0.001)
(0.0262546 0.000703815 0.001)
(0.0236754 0.0242356 0.001)
(0.0292465 0.00926602 0.001)
(0.0284442 0.00903109 0.001)
(0.0354123 0.0196411 0.001)
(0.0329882 0.0146695 0.001)
(0.0291656 0.0127728 0.001)
(0.0316696 0.0136015 0.001)
(0.0293852 0.0036682 0.001)
(0.0206454 0.0212914 0.001)
(0.0149575 0.0137763 0.001)
(0.0281153 0.017427 0.001)
(0.0195272 0.00765614 0.001)
(0.0304961 0.00746898 0.001)
(0.0253157 0.0158207 0.001)
(0.0259701 0.0105932 0.001)
(0.0080372 0.00707116 0.001)
(0.00189437 0.0134074 0.001)
(0.0481056 0.0115926 0.001)
(0.0493945 0.0190217 0.001)
(0.000605529 0.00597826 0.001)
(0.0357789 0.0154976 0.001)
(0.00559693 0.0159654 0.001)
(0.0178294 0.00935359 0.001)
(0.0185176 0.00861043 0.001)
(0.0280349 0.0205519 0.001)
(0.0444042 0.00903444 0.001)
(0.0230756 0.0229871 0.001)
(0.0431038 0.0106168 0.001)
(0.00689712 0.0143843 0.001)
(0.0113597 0.00985563 0.001)
(0.0439637 0.0139716 0.001)
(0.00603634 0.0110284 0.001)
(0.0272054 0.00177507 0.001)
(0.0294119 0.0152737 0.001)
(0.0201569 0.018154 0.001)
(0.0287574 0.00510624 0.001)
(0.030095 0.0117028 0.001)
(0.0334805 0.0190234 0.001)
(0.0133125 0.0213173 0.001)
(0.0367489 0.00371564 0.001)
(0.0133097 0.00374775 0.001)
(0.0430043 0.0140928 0.001)
(0.00699545 0.0109078 0.001)
(0.0308271 0.0161989 0.001)
(0.03521 0.0242543 0.001)
(0.01479 0.0242543 0.001)
(0.0147884 0.000746058 0.001)
(0.0352116 0.000746058 0.001)
(0.0230139 0.0130517 0.001)
(0.0480591 0.00747279 0.001)
(0.00194094 0.0175272 0.001)
(0.040327 0.00483338 0.001)
(0.0417251 0.00554327 0.001)
(0.0318086 0.00580313 0.001)
(0.00174221 0.0144141 0.001)
(0.0482578 0.0105859 0.001)
(0.0269975 0.00470522 0.001)
(0.0258039 0.0207657 0.001)
(0.00966673 0.0201742 0.001)
(0.0277496 0.0113021 0.001)
(0.0217784 0.0123711 0.001)
(0.0240759 0.0164216 0.001)
(0.0128846 0.00905303 0.001)
(0.0142184 0.00994624 0.001)
(0.0205126 0.00650526 0.001)
(0.0191527 0.00185473 0.001)
(0.0308454 0.0231452 0.001)
(0.0205135 0.0038632 0.001)
(0.0123226 0.00644356 0.001)
(0.0114933 0.0133374 0.001)
(0.0323148 0.0207338 0.001)
(0.0189979 0.010525 0.001)
(0.0135311 0.0108271 0.001)
(0.0179618 0.00769407 0.001)
(0.02303 0.00190942 0.001)
(0.0346389 0.0134876 0.001)
(0.0294937 0.0162591 0.001)
(0.0269776 0.023079 0.001)
(0.0249339 0.00261798 0.001)
(0.0402841 0.0201802 0.001)
(0.0082826 0.0194823 0.001)
(0.00972705 0.00484272 0.001)
(0.0312955 0.0179313 0.001)
(0.0477903 0.0191275 0.001)
(0.00220968 0.00587251 0.001)
(0.0480767 0.00550286 0.001)
(0.00192332 0.0194972 0.001)
(0.0163908 0.0142994 0.001)
(0.0388318 0.00517855 0.001)
(0.0294237 0.0212502 0.001)
(0.0280317 0.00705625 0.001)
(0.0305945 0.0175846 0.001)
(0.0159561 0.00767817 0.001)
(0.0378801 0.0232446 0.001)
(0.0137072 0.0139902 0.001)
(0.0437914 0.0214007 0.001)
(0.00626083 0.0214098 0.001)
(0.00620782 0.00359901 0.001)
(0.0437399 0.00358995 0.001)
(0.0426199 0.0212932 0.001)
(0.0073892 0.0213981 0.001)
(0.00737903 0.00370654 0.001)
(0.0425786 0.00361913 0.001)
(0.0307414 0.00949988 0.001)
(0.0310563 0.00856993 0.001)
(0.0363361 0.0143561 0.001)
(0.0344182 0.0120568 0.001)
(0.0168562 0.0150079 0.001)
(0.0122978 0.00762717 0.001)
(0.0419828 0.0069165 0.001)
(0.0353335 0.00353461 0.001)
(0.0482492 0.00217606 0.001)
(0.0482517 0.0228203 0.001)
(0.00174823 0.00217973 0.001)
(0.00175081 0.0228239 0.001)
(0.0274443 0.0138446 0.001)
(0.0394717 0.00605161 0.001)
(0.0184437 0.0232112 0.001)
(0.0315542 0.00178168 0.001)
(0.0301997 0.00073482 0.001)
(0.0195406 0.0175077 0.001)
(0.00809527 0.0160421 0.001)
(0.0419061 0.00896006 0.001)
(0.0198005 0.0242694 0.001)
(0.0391784 0.0115243 0.001)
(0.0304698 0.0103861 0.001)
(0.0174995 0.021186 0.001)
(0.0325263 0.00383217 0.001)
(0.0174961 0.00381316 0.001)
(0.0445494 0.023326 0.001)
(0.00545059 0.023326 0.001)
(0.00544989 0.00167431 0.001)
(0.0445501 0.00167431 0.001)
(0.0361051 0.0110055 0.001)
(0.0100597 0.0241187 0.001)
(0.0399322 0.0241215 0.001)
(0.0399441 0.00088237 0.001)
(0.0100559 0.00088237 0.001)
(0.0466716 0.0128212 0.001)
(0.00332841 0.0121788 0.001)
(0.0316702 0.0203165 0.001)
(0.036746 0.0221724 0.001)
(0.0241584 0.0145489 0.001)
(0.0389636 0.00741477 0.001)
(0.0244177 0.0129486 0.001)
(0.0215407 0.00762228 0.001)
(0.0175578 0.0136265 0.001)
(0.00801386 0.0180684 0.001)
(0.0111022 0.0198467 0.001)
(0.0417687 0.0194727 0.001)
(0.00827924 0.00548303 0.001)
(0.0339585 0.0208486 0.001)
(0.0147799 0.016363 0.001)
(0.00438952 0.0181452 0.001)
(0.0456105 0.00685478 0.001)
(0.00430691 0.0067168 0.001)
(0.0456931 0.0182832 0.001)
(0.00370736 0.0081845 0.001)
(0.0462926 0.0168155 0.001)
(0.0134577 0.0126466 0.001)
(0.0280604 0.0040886 0.001)
(0.0203033 0.00195319 0.001)
(0.0296952 0.0230461 0.001)
(0.0337265 0.0174275 0.001)
(0.0363629 0.00667864 0.001)
)


// ************************************************************************* //
