/*--------------------------------*- C++ -*----------------------------------*\
  =========                 |
  \\      /  F ield         | OpenFOAM: The Open Source CFD Toolbox
   \\    /   O peration     | Website:  https://openfoam.org
    \\  /    A nd           | Version:  7
     \\/     M anipulation  |
\*---------------------------------------------------------------------------*/
FoamFile
{
    version     2.0;
    format      ascii;
    class       surfaceScalarField;
    location    "0.1";
    object      phi;
}
// * * * * * * * * * * * * * * * * * * * * * * * * * * * * * * * * * * * * * //

dimensions      [0 3 -1 0 0 0 0];

internalField   nonuniform List<scalar> 
3982
(
1.52484e-06
-6.91958e-07
-8.3288e-07
-9.25117e-07
4.77732e-07
4.47385e-07
6.77108e-07
-4.46836e-07
-2.30273e-07
-1.50103e-06
6.11177e-07
8.8985e-07
-2.23483e-06
1.85546e-06
3.79373e-07
6.20509e-07
-5.11777e-07
-1.08732e-07
1.87798e-06
-9.77136e-07
-9.00848e-07
-1.47223e-06
1.35467e-06
1.17568e-07
-2.58598e-07
-1.90509e-06
2.16368e-06
-1.88112e-06
-3.53709e-07
7.57468e-07
-1.36959e-07
-1.04223e-06
-4.30006e-07
8.98225e-07
9.79759e-07
1.16105e-07
-6.00698e-08
-5.60356e-08
-4.81423e-07
2.63672e-07
2.17751e-07
-8.21261e-08
-1.49256e-07
2.31382e-07
-1.90281e-07
-8.70145e-07
1.06043e-06
-8.59361e-07
9.28195e-07
-6.88343e-08
-1.19908e-06
8.80238e-07
3.18843e-07
1.28479e-06
-1.22755e-06
-5.72449e-08
-1.63707e-06
9.44973e-07
6.92096e-07
-4.5116e-07
-8.03537e-09
4.59196e-07
1.66535e-06
-1.55207e-06
-1.13278e-07
1.2542e-06
4.11149e-07
-5.12354e-07
-4.12763e-07
4.76176e-07
1.04866e-06
1.27814e-06
1.02335e-07
-1.38048e-06
-1.05139e-06
1.82155e-07
8.69234e-07
7.3508e-07
-8.54508e-07
1.19428e-07
1.54327e-07
-1.7203e-07
1.77024e-08
1.30948e-06
-1.4656e-06
1.56114e-07
6.68399e-07
8.70973e-09
-5.37985e-07
-9.63043e-07
3.095e-07
-1.65648e-06
1.34698e-06
-3.94444e-07
1.40154e-06
-1.00709e-06
1.27814e-06
-1.05139e-06
1.05014e-06
2.72763e-08
-1.07742e-06
-1.586e-06
-2.33508e-07
1.81951e-06
-1.58751e-06
8.60188e-07
7.27318e-07
2.84907e-07
4.29917e-07
-7.14824e-07
-2.09985e-07
-1.10548e-06
1.31546e-06
-1.37798e-06
-2.09521e-07
-2.59492e-07
9.61381e-07
-7.01889e-07
2.71118e-07
-2.42791e-07
-2.83266e-08
-1.586e-06
1.05014e-06
1.88993e-06
-1.22189e-06
-6.68043e-07
-7.82669e-07
1.08616e-06
-3.03488e-07
1.15492e-06
-9.96081e-07
-1.58834e-07
-9.88871e-07
1.4487e-06
-4.59832e-07
3.38513e-07
-1.32739e-06
5.10878e-07
-1.4066e-06
8.95719e-07
-1.13333e-06
1.79284e-06
-6.59512e-07
9.95047e-07
-1.65885e-06
6.63808e-07
2.7691e-07
-2.39011e-08
-2.53009e-07
9.71814e-07
-1.60904e-06
6.37221e-07
-9.00548e-07
1.57377e-06
-6.73225e-07
-2.82675e-08
-1.10506e-06
1.00638e-07
8.9441e-07
4.41206e-07
-1.04945e-07
-3.36262e-07
1.04674e-06
-6.05539e-07
1.11476e-07
8.60338e-07
1.78049e-07
-1.0786e-06
4.22976e-08
-1.66744e-07
1.24447e-07
-2.27543e-07
5.33759e-07
-3.06216e-07
-3.00426e-07
7.28843e-08
-4.96133e-07
5.37978e-07
-4.18448e-08
-8.68168e-07
-4.14527e-07
1.2827e-06
-1.34135e-06
1.94905e-06
-6.07699e-07
-1.88368e-07
-1.17009e-06
9.60104e-07
-5.20248e-07
1.22842e-06
-7.08168e-07
2.79186e-07
-1.32094e-06
1.04176e-06
-4.23296e-07
1.15546e-06
-7.32161e-07
2.577e-07
-1.25553e-06
9.9783e-07
-5.87212e-07
7.03318e-07
-8.80557e-07
4.64206e-07
4.16352e-07
1.24355e-07
-6.0578e-07
-3.83159e-07
3.01034e-07
-1.00605e-06
-1.19757e-07
1.12581e-06
-7.8662e-07
-2.19432e-07
-6.71643e-07
2.20483e-07
-1.47783e-07
1.541e-07
-6.31681e-09
-4.17982e-07
-4.77994e-07
8.95975e-07
-2.76573e-07
1.79755e-08
5.11331e-08
-3.06621e-07
2.55488e-07
-6.89331e-07
1.24012e-06
-5.50793e-07
4.81256e-07
5.61958e-07
-1.04321e-06
-2.49427e-07
2.91724e-07
-5.00588e-07
1.26848e-06
-7.67896e-07
1.81135e-08
8.40118e-07
-8.58232e-07
6.65102e-07
-1.04205e-06
3.76947e-07
1.94148e-07
-6.94735e-07
-1.82187e-07
3.48573e-07
-1.66385e-07
2.09795e-07
4.55308e-07
4.90552e-07
-4.7244e-07
1.00794e-06
1.79156e-07
-1.18709e-06
4.57366e-07
-8.73503e-07
4.16137e-07
1.58405e-06
-1.23866e-06
-3.45383e-07
4.25411e-07
-6.74107e-07
2.48696e-07
-5.64794e-07
-7.7656e-07
-1.60365e-07
-2.65998e-07
4.26363e-07
-4.40905e-07
2.80541e-07
3.67133e-09
7.31409e-07
1.63517e-06
-9.2092e-08
-1.54308e-06
-5.24748e-07
-5.8061e-07
1.10536e-06
8.17658e-07
1.62202e-06
-1.91137e-07
-1.43089e-06
3.18564e-07
1.30346e-06
1.76345e-06
-3.35663e-07
-1.42779e-06
-6.18835e-07
-5.26085e-07
1.14492e-06
-5.61617e-07
-5.91443e-07
1.15306e-06
5.73423e-07
-1.13505e-06
5.23308e-08
-7.84586e-07
7.32255e-07
-1.03968e-06
1.59118e-07
-4.26158e-07
1.11819e-06
-6.92033e-07
6.49092e-07
-1.06707e-06
-4.17045e-07
6.384e-07
-2.21355e-07
3.71533e-07
1.39345e-07
-4.61296e-07
3.87534e-08
4.22542e-07
9.25642e-07
-1.34269e-06
-3.339e-07
3.32035e-07
1.86485e-09
6.62935e-07
-9.96835e-07
1.1695e-06
1.15292e-07
-9.77239e-07
-2.21841e-07
2.3769e-06
-4.8697e-07
-7.83688e-07
1.0202e-09
1.6976e-06
-5.42688e-07
1.50189e-06
-2.9973e-06
1.49541e-06
-1.11804e-06
1.62371e-06
-5.05674e-07
-1.1736e-06
1.63569e-06
-4.62098e-07
1.62531e-06
-3.12561e-06
1.50031e-06
-5.00113e-07
1.61292e-06
-1.1128e-06
8.02103e-08
-1.10895e-06
1.02874e-06
-1.26663e-06
1.36866e-07
1.12976e-06
-1.36099e-06
2.02452e-06
-6.63525e-07
-5.56511e-07
6.78281e-07
-1.21769e-07
-6.07052e-07
1.18092e-08
5.95242e-07
8.88556e-07
5.78233e-08
-9.4638e-07
2.36294e-07
-8.1595e-07
5.79657e-07
1.11936e-06
-2.40137e-07
-8.79225e-07
8.73396e-07
-1.46294e-06
5.89545e-07
3.95405e-07
-4.46847e-07
-1.63425e-07
6.10272e-07
1.67326e-06
-6.91028e-07
-9.82229e-07
-2.01545e-06
6.0456e-07
1.41089e-06
1.66443e-06
5.56489e-07
-2.22092e-06
-6.1299e-07
-1.40246e-06
5.95657e-07
1.0776e-06
-3.15473e-07
-9.47835e-07
1.26331e-06
6.62475e-07
1.19496e-06
-1.85743e-06
1.23913e-06
-1.61869e-06
3.79565e-07
1.08803e-06
1.51099e-07
-1.40821e-06
1.37994e-06
1.04271e-06
-9.42071e-07
-8.81271e-07
1.91944e-07
1.03176e-06
-9.20278e-07
-1.15975e-06
1.3378e-06
-1.22094e-06
-1.28611e-07
1.34955e-06
8.97561e-07
-2.66601e-07
-6.3096e-07
-8.31408e-07
1.4739e-07
6.84018e-07
-8.16261e-07
-6.93347e-07
1.50961e-06
1.33411e-07
-9.49673e-07
2.0822e-07
-9.17666e-07
7.09446e-07
1.9761e-07
6.16502e-07
-8.14112e-07
4.60171e-07
-1.02874e-06
5.68567e-07
2.97404e-07
-1.66334e-07
-1.3107e-07
5.69178e-07
5.83788e-08
-6.27556e-07
-1.1573e-06
2.16304e-06
-1.00575e-06
-1.28533e-06
1.49355e-06
9.73787e-07
-7.76175e-07
-5.03566e-07
-4.25883e-07
9.29448e-07
6.91138e-07
-1.1947e-06
6.46795e-07
2.2015e-07
-8.66945e-07
-6.23205e-07
-1.20096e-07
7.43301e-07
1.23605e-07
5.23191e-07
-9.32063e-07
3.08857e-07
4.7235e-07
-2.01229e-07
6.06071e-07
-8.65564e-07
-2.0679e-06
1.6066e-06
2.82574e-08
6.54459e-07
-6.82716e-07
-1.49092e-06
1.56617e-06
-7.52477e-08
1.38844e-06
-9.27227e-08
-1.29572e-06
-1.3449e-06
5.84383e-07
7.60517e-07
1.28886e-06
-1.20947e-06
-7.93939e-08
-3.90305e-07
-7.66991e-07
2.31496e-06
-4.20797e-07
-1.89416e-06
-4.99165e-07
-1.99836e-07
6.99001e-07
-4.70647e-08
4.70646e-08
-1.37982e-06
1.67363e-06
-2.93808e-07
-5.66379e-07
8.63782e-07
3.28025e-07
-3.28025e-07
7.43342e-07
-1.18931e-06
4.45965e-07
3.24379e-07
-1.20565e-06
-7.06595e-07
1.44777e-06
-7.41172e-07
-2.31785e-06
1.30922e-06
1.00863e-06
-6.23259e-08
-5.04053e-07
1.25727e-06
4.0716e-07
-2.04291e-06
-2.74939e-07
-1.2561e-07
-1.21929e-06
5.35047e-07
8.53394e-07
-8.09314e-07
4.14867e-07
8.42583e-07
-5.33087e-07
-6.86562e-07
4.87933e-07
1.98629e-07
5.07338e-07
-1.1939e-06
5.77946e-07
-1.25752e-06
6.79571e-07
2.04351e-07
-1.53217e-07
-1.26652e-07
2.80977e-07
1.36744e-07
1.48164e-07
-9.35966e-07
9.79328e-07
-1.0085e-06
7.25338e-08
1.08489e-06
-1.0556e-07
-1.51028e-06
1.30459e-07
9.68721e-07
-2.25378e-07
-6.18158e-07
5.71095e-07
2.75513e-07
-8.82567e-07
1.59996e-07
7.28558e-07
3.16073e-07
8.03289e-07
6.09573e-07
-3.73277e-07
1.55618e-06
5.71958e-07
-2.12813e-06
-7.26794e-08
1.62886e-06
6.98489e-07
-3.70464e-07
-8.02285e-07
-6.88635e-07
1.32159e-06
-1.32192e-06
3.24122e-10
-1.07077e-06
-5.55149e-07
1.62592e-06
-1.93548e-06
8.64705e-07
1.61625e-07
-7.19724e-07
5.58098e-07
2.83385e-07
1.00848e-07
-3.84233e-07
6.11635e-07
-7.93537e-08
-5.32281e-07
9.65109e-08
2.95165e-07
-3.91676e-07
-6.65681e-07
-2.02491e-07
-2.43327e-08
1.34592e-06
-4.12476e-07
2.20532e-06
7.77085e-08
-1.73656e-06
9.85922e-08
-1.70763e-06
-4.15209e-07
1.98898e-06
7.75126e-07
8.60047e-07
-8.60021e-07
3.35273e-07
1.36196e-06
-7.90001e-07
4.76244e-07
1.28721e-06
-9.52379e-07
3.33546e-07
1.86597e-06
-1.79957e-07
3.41584e-07
-2.3263e-07
1.59459e-06
-2.96952e-07
-6.27794e-07
9.24746e-07
-1.4663e-07
-6.28748e-07
7.75378e-07
1.99387e-07
8.28282e-07
-1.02767e-06
1.42821e-07
8.56905e-07
-9.99726e-07
-1.08125e-06
-2.79741e-07
-1.39597e-06
-5.09116e-07
-9.35289e-07
-1.45967e-07
-1.28169e-06
6.07473e-08
2.29072e-07
5.27802e-07
-3.55487e-08
-4.92253e-07
-9.4363e-08
-7.44707e-07
8.3907e-07
-8.78927e-07
-1.01988e-07
9.80916e-07
5.28823e-07
-1.57291e-07
1.05081e-06
-5.69558e-07
5.02692e-07
-9.98826e-07
-1.99945e-07
2.7913e-08
-5.83007e-08
-7.96207e-07
-4.04349e-07
1.23478e-06
-8.3043e-07
5.7618e-07
-3.82017e-08
-1.35902e-06
1.43198e-06
-7.29642e-08
1.97152e-06
-1.86156e-06
-1.09961e-07
6.03724e-07
9.19231e-07
-1.52296e-06
-8.08174e-08
5.10734e-07
1.71215e-06
-1.66326e-06
-4.88863e-08
-1.34696e-06
1.40272e-06
-5.57525e-08
-7.81754e-07
3.14828e-07
4.66927e-07
5.18022e-07
-1.14349e-07
6.32371e-07
1.51152e-06
7.25224e-08
8.3879e-08
4.85296e-07
-1.20025e-07
-1.53646e-06
1.69637e-07
1.2319e-06
3.92193e-07
-9.80305e-07
5.88111e-07
4.22544e-07
-1.00712e-06
5.84578e-07
6.29704e-07
-1.45473e-06
8.25025e-07
4.313e-07
-8.42703e-07
4.11404e-07
-1.76139e-06
4.35344e-07
1.32605e-06
1.34957e-06
6.74946e-07
-1.12744e-06
3.4569e-07
-9.40727e-07
9.37757e-07
2.96981e-09
5.32436e-07
-3.99837e-07
-1.32598e-07
-1.79012e-06
1.99992e-06
-1.34058e-06
1.94431e-06
-8.2116e-07
-1.19568e-07
3.87892e-07
1.44541e-07
1.42647e-07
-1.07794e-06
-9.48963e-07
5.22804e-07
3.50132e-07
-2.69921e-07
1.22462e-06
-4.11305e-07
-8.13311e-07
1.67562e-07
-1.15232e-07
-1.16589e-06
6.6578e-07
9.40373e-07
-7.46224e-07
-1.153e-06
8.37529e-07
1.57668e-06
-9.14209e-07
-1.30368e-06
1.13169e-06
1.71992e-07
9.09744e-07
-4.19191e-07
4.36747e-08
2.11937e-06
-6.203e-07
-6.8338e-07
5.17186e-07
-5.27166e-07
9.98057e-09
1.08969e-06
8.81824e-07
-5.95037e-07
-7.63985e-07
-5.87254e-07
-7.5971e-07
9.18155e-07
7.93993e-07
4.11343e-07
7.83713e-07
-2.02838e-06
1.25883e-06
7.69543e-07
2.65942e-07
6.74431e-07
1.27857e-06
-8.53155e-07
8.28547e-08
1.44729e-07
-2.27584e-07
-5.59722e-08
-3.25927e-07
3.81899e-07
8.51189e-07
-2.52738e-07
-5.98452e-07
5.45066e-07
3.64675e-07
-4.94904e-07
8.3912e-07
-3.44215e-07
1.93815e-08
7.53904e-07
-7.73286e-07
1.79416e-07
2.43742e-07
-1.60763e-06
2.11388e-06
-5.06243e-07
-1.64748e-06
7.47957e-07
-1.09557e-07
1.92881e-06
-2.65071e-06
7.21898e-07
3.35137e-07
-1.78734e-07
-1.56403e-07
-1.11732e-07
-9.84182e-07
1.09591e-06
3.73665e-07
-4.85398e-07
3.606e-07
-2.85677e-08
-8.66755e-07
7.52404e-07
1.59625e-06
-2.463e-06
6.94508e-07
7.70417e-07
-1.46492e-06
-1.22544e-07
1.51034e-07
-2.84904e-08
-8.73883e-07
-3.53666e-07
2.4397e-07
6.36269e-07
-5.82164e-07
-2.91719e-07
-2.82923e-07
5.26893e-07
-2.22732e-06
4.40654e-07
1.78667e-06
-1.19238e-06
-1.03495e-06
6.57169e-07
6.61336e-07
-1.3185e-06
-7.28313e-07
-5.74017e-07
1.30233e-06
-3.11779e-07
1.60064e-06
3.81123e-07
-8.82566e-07
5.01443e-07
1.20013e-06
-4.21042e-07
-7.79091e-07
-1.40086e-06
-2.31324e-07
1.63218e-06
2.15876e-07
-4.15822e-07
-1.86401e-06
4.68545e-07
1.39547e-06
7.03092e-08
3.0482e-07
-3.75129e-07
-3.19989e-07
-1.4414e-06
-9.84272e-07
-8.79741e-07
-1.22077e-06
7.73918e-07
2.14779e-06
1.34064e-08
-2.1612e-06
-7.12761e-07
6.31944e-07
-2.54911e-06
2.1879e-06
3.6121e-07
2.5132e-07
3.24858e-07
-1.3935e-06
1.34975e-06
4.37516e-08
-1.28042e-06
1.09333e-06
1.8709e-07
1.34906e-06
-1.61598e-06
2.66914e-07
1.64958e-06
-1.19287e-06
-4.56709e-07
-7.00173e-07
9.74171e-07
-2.73998e-07
7.02139e-07
2.51037e-08
-7.27243e-07
-1.02113e-06
6.98624e-07
3.22501e-07
-1.22937e-06
3.1077e-07
9.18596e-07
-1.01459e-07
7.88058e-08
2.26534e-08
2.50022e-07
6.94952e-07
9.64275e-07
1.35068e-06
-1.03581e-06
-2.44611e-07
-1.05478e-06
-3.38717e-07
1.0485e-06
3.00565e-07
1.28032e-06
3.69259e-07
5.23529e-07
-1.79016e-06
2.18787e-07
3.09014e-07
-3.88561e-07
-4.70801e-07
-6.24678e-07
3.41755e-07
1.70479e-07
-7.52643e-07
1.33488e-06
-1.46731e-06
1.32432e-07
-8.68704e-07
1.27864e-06
-4.09933e-07
-1.17086e-06
1.54671e-06
-3.75849e-07
1.32514e-06
-1.56094e-06
2.35797e-07
5.68908e-07
-6.57137e-07
-3.1905e-07
-6.18311e-07
4.82235e-07
1.78834e-08
-6.03423e-07
5.8554e-07
-1.84605e-06
9.08798e-07
9.37252e-07
-7.6774e-07
1.43062e-07
1.02926e-06
-8.58781e-07
1.51401e-06
4.28816e-08
-1.55689e-06
1.15651e-06
-1.8631e-06
3.13939e-07
-1.0858e-06
7.71857e-07
-5.01938e-07
1.04254e-06
-5.406e-07
-9.36101e-07
1.39627e-06
3.166e-07
-7.31127e-07
-1.57537e-06
1.56702e-06
8.34602e-09
-1.72659e-06
1.57549e-06
-2.23332e-06
6.57828e-07
-1.29458e-06
1.41759e-06
-1.2302e-07
1.86104e-06
-1.73764e-06
-1.23407e-07
-1.10397e-06
1.57599e-06
-4.72025e-07
-1.51158e-06
7.26993e-07
1.5873e-06
-1.23675e-06
1.0451e-06
-1.34411e-06
3.13838e-08
-1.79167e-07
-1.31046e-06
4.41757e-07
1.74782e-06
-4.12941e-07
-1.68943e-06
5.18575e-07
1.80016e-06
-4.75016e-07
1.82783e-06
-7.09639e-07
-1.92152e-06
7.54663e-08
3.13938e-07
-5.01936e-07
6.34438e-07
5.0791e-07
-4.64642e-07
4.25619e-07
-4.33651e-07
1.12274e-06
-1.09448e-06
2.20018e-06
-1.12186e-06
-1.07832e-06
-7.2217e-07
1.15751e-06
1.23947e-06
-4.64345e-07
-1.33131e-06
4.71291e-07
-1.30699e-06
3.54614e-07
9.11652e-07
-4.35406e-07
1.30916e-06
-2.08889e-06
7.79732e-07
2.68283e-07
-1.87592e-06
-1.98707e-06
1.99675e-06
-9.68827e-09
-1.25518e-07
6.90541e-07
-3.89048e-07
4.23317e-07
-3.42689e-08
2.11236e-06
-1.48122e-06
-6.31137e-07
-1.31049e-06
1.88689e-06
-5.76399e-07
2.41888e-06
-8.05964e-07
-1.80742e-06
6.98472e-07
4.06454e-07
1.21726e-06
-8.9867e-08
-2.90743e-06
4.32444e-07
1.20325e-06
-1.75946e-07
-2.94967e-06
-8.53246e-07
8.90392e-07
-1.5645e-06
1.10054e-06
2.05882e-07
-9.01687e-07
6.95806e-07
-2.9598e-07
8.43107e-07
-5.47128e-07
-1.57353e-06
5.28658e-07
1.04487e-06
1.56557e-06
-7.49499e-07
-8.16067e-07
-9.52856e-07
-1.15029e-06
4.28118e-07
-1.09888e-06
-5.14051e-08
-3.57003e-07
1.96322e-06
-1.60622e-06
-6.05194e-07
1.58358e-07
9.2638e-07
-3.15203e-07
-7.55757e-07
6.37976e-08
7.62318e-07
-2.84586e-07
-2.81519e-07
-1.29385e-06
-3.11947e-07
-2.16295e-06
1.98299e-06
-9.13519e-07
6.20852e-07
-7.84279e-07
-1.85107e-06
-2.16828e-07
6.71143e-07
-1.57499e-06
9.03846e-07
7.03118e-07
1.89319e-07
-8.92437e-07
-6.06233e-07
7.43099e-07
6.48257e-07
-2.22201e-07
8.93347e-07
-1.08076e-07
1.02731e-06
2.62169e-07
3.58683e-07
8.4383e-07
5.37274e-08
-8.65889e-07
3.44802e-08
-4.15331e-07
1.18575e-06
-1.51019e-08
-1.52329e-07
-6.59896e-07
-4.27004e-07
1.36671e-06
5.62099e-07
1.18411e-06
-1.27847e-06
-9.55627e-07
7.79216e-09
1.09738e-06
9.75786e-08
-2.40988e-07
2.11842e-08
-5.20351e-07
-4.05927e-07
1.06726e-06
3.67326e-07
-9.41346e-07
-1.29617e-06
1.09633e-06
-1.12969e-06
-3.35908e-07
-2.0065e-07
-1.27295e-06
8.68598e-07
-1.88773e-06
1.62303e-06
2.64704e-07
-4.6542e-07
-1.42231e-06
-1.13394e-07
7.31984e-07
-2.0785e-06
1.34651e-06
-8.75519e-07
1.6075e-06
-7.89789e-07
4.9381e-07
6.24623e-07
-4.18741e-07
1.08315e-06
-1.20866e-06
-1.70143e-06
2.39197e-06
-4.1291e-07
-7.88839e-09
-1.06403e-06
9.62036e-07
1.88832e-07
5.13307e-07
-6.31286e-07
-3.8984e-07
1.74466e-06
-1.79092e-07
-1.18855e-06
-3.84978e-07
-1.74167e-07
7.27094e-08
-6.70686e-07
-5.58678e-07
1.62164e-06
-5.24263e-07
-1.31191e-06
3.56279e-07
7.22094e-07
-4.17272e-07
-1.41006e-06
1.37711e-06
3.29465e-08
1.87599e-06
-2.49284e-06
6.16848e-07
-1.0139e-06
1.3972e-06
-3.83296e-07
-9.05669e-07
1.0271e-06
-1.21431e-07
3.12615e-07
1.69163e-07
1.1094e-06
-5.53946e-07
-3.77624e-07
1.13172e-07
8.98727e-08
2.79354e-07
-1.27706e-06
9.97707e-07
7.44144e-07
-4.6479e-07
9.33325e-08
9.88412e-07
5.77756e-07
-1.90272e-06
-7.47987e-07
2.05039e-07
4.62817e-08
8.57851e-08
2.3843e-06
-1.84116e-07
-3.85402e-09
-4.35645e-07
1.61061e-06
-1.60694e-06
-4.32297e-07
-7.78974e-07
1.51699e-06
-7.38014e-07
2.02353e-07
2.68372e-09
-7.32848e-08
-9.83205e-07
1.05649e-06
-6.21121e-07
1.26215e-07
1.68465e-06
-7.03733e-07
1.38963e-07
-2.96254e-07
-6.69563e-07
-4.29321e-07
1.17368e-07
4.16393e-07
-2.44518e-07
-4.75204e-07
7.91648e-07
-6.24086e-07
-1.74094e-06
5.75044e-07
-1.57704e-06
6.28083e-07
1.0393e-06
-6.89166e-07
4.57827e-07
-7.02345e-07
9.66466e-07
-1.63603e-06
-1.42436e-07
1.27333e-07
4.80928e-07
-1.14082e-06
7.27055e-07
7.86951e-07
-2.99996e-07
4.17364e-07
2.251e-06
-1.03206e-07
-5.1556e-07
-1.10313e-06
-3.04853e-06
1.21577e-06
1.83276e-06
-7.71159e-07
1.55487e-06
1.54323e-06
-1.76781e-06
2.2458e-07
6.3716e-07
-1.15272e-06
-1.61988e-06
1.30083e-06
8.99194e-07
-1.37107e-06
-1.67746e-06
8.05344e-07
-1.5765e-06
6.68047e-07
-6.68047e-07
-6.6749e-07
6.6749e-07
7.61032e-07
-7.61032e-07
-5.60928e-07
5.60928e-07
3.12569e-07
8.64987e-07
-1.17756e-06
-9.46148e-07
8.32871e-07
7.27743e-07
-3.96456e-07
-3.31287e-07
1.258e-06
-2.59859e-06
-1.50278e-06
2.46037e-06
7.72914e-07
-1.83117e-08
-7.54602e-07
3.18964e-07
-8.07117e-07
4.88154e-07
-3.01734e-07
1.55973e-06
7.17125e-07
1.22718e-06
5.60999e-08
-4.17623e-07
-1.09136e-07
5.2676e-07
-9.62067e-07
9.81449e-07
5.54584e-07
3.25307e-07
-8.79892e-07
8.38347e-07
-4.46968e-07
-3.91379e-07
-8.0245e-07
6.73839e-07
-1.22689e-06
1.81444e-06
-5.87546e-07
-1.21698e-07
-2.95925e-07
-8.88093e-07
1.09118e-07
-1.57434e-07
7.12016e-07
-5.90987e-07
3.90929e-07
-4.63609e-07
-1.1825e-06
-4.93578e-07
1.67608e-06
-3.35525e-07
3.53409e-07
4.89913e-07
-4.81615e-07
4.82437e-07
-3.25462e-07
9.27237e-07
-4.07465e-07
8.3001e-07
5.04098e-07
-7.69373e-07
1.20067e-06
1.90495e-06
-3.61721e-07
-6.86934e-07
5.56986e-07
1.29948e-07
1.39606e-06
4.54571e-08
-1.44152e-06
-1.8544e-06
-8.65999e-08
1.941e-06
4.1702e-07
-1.5225e-06
8.63482e-07
-4.46463e-07
-3.9845e-07
1.56795e-06
-5.51137e-07
9.02699e-07
8.66949e-07
-2.34578e-07
-8.74806e-08
-5.99453e-07
1.52574e-06
-2.42967e-07
-1.28277e-06
-9.99886e-07
3.24991e-08
9.67387e-07
-5.8744e-07
4.99959e-07
-9.16199e-07
-1.30472e-06
-5.33148e-07
-6.93742e-07
4.3047e-07
1.4355e-06
1.29107e-06
-6.14505e-07
-6.76562e-07
7.21094e-07
-5.82131e-07
-1.94538e-06
1.50156e-06
4.43823e-07
1.62541e-07
-1.13978e-06
3.13141e-07
-1.73823e-06
1.42509e-06
4.83478e-08
6.54259e-07
-2.42916e-07
7.14341e-07
-6.00816e-08
1.40117e-06
-4.74937e-07
-4.3681e-07
1.97646e-06
-7.81048e-07
-1.19541e-06
-2.7898e-06
8.44426e-07
-3.22527e-07
-6.57775e-07
4.24476e-08
-8.8515e-07
-3.62799e-07
-6.4432e-07
-1.44863e-07
-1.30987e-06
7.41209e-07
-4.08648e-07
-3.32561e-07
-3.39602e-07
-1.76871e-07
5.16473e-07
2.70116e-07
1.32684e-08
4.77264e-07
1.34372e-07
4.94616e-07
2.25692e-08
1.66138e-07
-5.55185e-07
-3.65382e-07
-1.46396e-07
1.67236e-06
1.831e-07
-1.40531e-06
4.2817e-07
7.77753e-07
5.76909e-07
9.52074e-07
-5.0007e-07
-4.52005e-07
1.14451e-07
7.27396e-07
7.875e-07
6.78396e-07
-1.14288e-06
-7.90069e-08
1.36958e-06
-2.83422e-07
-1.26994e-06
-1.07995e-06
-6.29332e-08
1.3698e-06
-2.2353e-10
1.42402e-06
-6.70118e-07
-9.83049e-07
-1.3031e-08
1.57433e-06
-1.50309e-07
-9.51426e-07
-3.16233e-08
3.90414e-07
1.00564e-06
-6.86758e-07
-1.16764e-06
1.57265e-06
-1.66251e-06
1.50064e-06
-1.67658e-06
-7.82829e-07
1.21527e-06
-7.82123e-07
1.18858e-06
1.70105e-06
-1.37211e-06
7.91814e-07
5.80298e-07
1.32677e-06
-6.54747e-07
-6.72018e-07
-8.29183e-07
1.22011e-06
-1.53393e-06
8.65063e-07
6.68864e-07
1.43122e-06
-7.46431e-07
-6.8479e-07
-3.30469e-07
-1.60501e-06
-7.08167e-07
1.04176e-06
-7.3216e-07
9.97835e-07
1.14223e-06
-2.89132e-06
1.74909e-06
3.94475e-07
-1.57698e-06
-1.69863e-08
2.4605e-07
-2.29064e-07
1.16898e-06
-4.27773e-07
4.62625e-07
9.20882e-07
-2.38581e-06
-1.59974e-06
-1.40529e-07
1.74027e-06
2.43113e-06
-1.21483e-06
-1.2163e-06
-8.4227e-07
1.0023e-06
-2.3208e-06
-7.19189e-07
2.02152e-06
5.21755e-07
2.95937e-07
4.07179e-07
-2.12821e-06
9.98304e-08
-9.45521e-07
9.28533e-07
-8.31846e-07
4.10802e-07
8.20129e-07
-1.05145e-06
1.31763e-06
9.117e-07
-2.22933e-06
-9.60027e-07
-6.91781e-07
1.65181e-06
1.84579e-07
-1.02352e-06
8.38943e-07
2.22033e-06
-1.51116e-06
-2.30348e-06
9.50576e-07
-5.7691e-07
3.9543e-07
-5.08552e-07
6.55941e-07
-1.94706e-09
-2.64659e-07
7.29273e-07
-4.79252e-07
-7.90209e-07
-1.60144e-07
9.50353e-07
1.10521e-06
7.71096e-07
-1.8763e-06
-1.16839e-06
5.96316e-07
5.72075e-07
2.1202e-06
1.46128e-07
-2.26633e-06
-3.13938e-07
-6.80786e-07
9.94724e-07
-3.25925e-07
5.01937e-07
7.17946e-07
-1.21988e-06
1.44729e-07
1.17524e-06
-9.85919e-07
-1.17752e-06
3.87312e-07
1.72923e-06
-6.2402e-07
-2.37293e-06
2.63032e-06
-2.57388e-07
-1.03748e-06
-1.33546e-06
-2.22831e-06
3.89354e-07
1.83895e-06
1.09076e-06
-2.4507e-07
-8.45685e-07
-1.23092e-06
1.65062e-06
-4.19702e-07
-4.91014e-07
-4.04497e-07
8.95511e-07
-5.83138e-07
-3.02423e-07
2.04269e-06
-1.4848e-06
-5.93694e-07
2.63752e-07
1.37701e-06
1.3545e-06
-1.54225e-06
1.87746e-07
1.77565e-06
-1.96959e-06
1.93934e-07
-1.51912e-06
1.27121e-06
2.47907e-07
4.07038e-07
5.55864e-08
9.0866e-07
-5.20768e-07
-6.77239e-07
-1.43921e-07
3.32867e-07
9.34398e-08
-3.34043e-07
2.59565e-07
7.44782e-08
8.39323e-07
-5.97093e-07
-3.28787e-07
-9.52903e-07
1.12853e-06
1.62532e-07
-1.274e-06
3.91437e-07
-7.40273e-07
-5.16687e-07
7.01268e-07
-9.8958e-07
1.14455e-06
1.14469e-06
-8.35103e-07
1.46229e-06
9.68835e-07
-3.2709e-08
2.15291e-06
-3.94031e-07
-1.22585e-06
-8.6876e-07
-7.06228e-07
-9.11222e-07
1.36905e-06
6.13273e-07
3.38801e-07
2.19668e-07
7.54986e-08
-4.02549e-07
-6.84451e-07
5.62733e-07
4.28214e-07
-8.30778e-07
1.64844e-06
1.79254e-07
1.26628e-06
-1.44553e-06
8.61058e-08
1.16247e-07
7.47366e-07
1.60001e-06
-2.34738e-06
1.25086e-08
-3.78212e-07
-1.12807e-07
1.25006e-06
-2.60668e-07
1.03358e-06
2.81859e-07
3.71043e-08
4.52481e-07
5.82786e-07
-2.30054e-07
-2.58718e-07
-1.82984e-07
1.2338e-06
-6.64513e-07
9.20686e-07
-1.41426e-06
4.24922e-07
-1.20512e-07
-3.0441e-07
4.54849e-07
4.77445e-08
-5.02594e-07
-8.994e-08
2.14387e-07
-2.9531e-08
-1.34845e-06
5.56682e-07
-1.5555e-06
-2.91156e-07
-5.22157e-07
1.88997e-07
-2.04643e-06
-1.12534e-07
1.37584e-06
1.38665e-06
-8.58218e-08
5.38075e-08
-1.68774e-06
1.63394e-06
2.91198e-07
6.36996e-07
3.81222e-07
1.00542e-06
3.37707e-07
-1.68258e-07
5.81553e-07
-4.13295e-07
3.43962e-07
-1.78235e-06
5.24834e-07
8.77078e-07
-1.68904e-08
-5.21421e-07
-3.48722e-07
-5.08244e-07
1.64938e-07
-1.29463e-06
1.27865e-06
-5.26241e-07
-8.22578e-07
1.2038e-06
3.40569e-07
-1.38024e-06
-7.48303e-07
1.55365e-06
1.50529e-06
-1.15811e-06
-3.47188e-07
5.07475e-07
-9.72896e-07
6.61572e-07
-6.90977e-07
-5.73263e-08
1.12195e-06
-1.30493e-06
6.73621e-07
-7.46905e-07
-5.16074e-07
-5.12663e-07
2.98671e-07
1.7695e-06
-9.30376e-07
-1.20737e-06
-6.73758e-07
-1.38657e-06
1.94325e-06
9.57145e-07
1.23075e-06
-1.30458e-07
1.02868e-06
-5.43776e-07
-4.98453e-07
-7.47505e-07
4.5162e-08
-9.97213e-07
1.1799e-07
3.61206e-07
2.18451e-07
-9.35741e-07
1.49273e-06
1.41387e-06
-4.66206e-07
-9.47659e-07
5.28094e-07
1.26745e-06
-1.79555e-06
6.37938e-07
-4.26989e-08
-9.34366e-07
-1.20154e-08
-1.19558e-06
1.09241e-06
1.0317e-07
9.79577e-07
-3.25121e-07
7.57854e-07
-8.414e-07
-8.24555e-07
5.86192e-07
4.99055e-07
-1.32983e-06
5.71346e-07
-2.54749e-07
-1.00352e-06
1.19061e-06
1.03292e-06
-1.48963e-06
7.67266e-07
4.52845e-07
-1.60638e-06
3.19118e-07
-1.76297e-06
8.27699e-07
9.35268e-07
7.97956e-07
-2.02888e-06
1.94079e-06
-7.37793e-07
-1.203e-06
-1.77352e-06
1.22591e-06
5.47604e-07
2.68229e-07
-1.27175e-06
-9.56589e-07
1.98951e-06
1.05886e-06
-3.79292e-07
1.00056e-06
-9.54005e-07
-3.56456e-07
1.33756e-06
4.10255e-07
1.37648e-06
4.23677e-07
-1.23008e-06
-4.59353e-07
1.48265e-06
-1.99956e-07
-3.98501e-08
-2.0925e-06
2.06229e-07
1.88627e-06
1.1555e-06
1.91744e-07
-1.34725e-06
2.77163e-07
-1.2802e-07
-4.48033e-07
-9.82611e-08
-8.47259e-07
-2.44267e-07
1.59877e-06
7.7232e-08
1.2056e-07
-6.34385e-07
-5.87247e-07
1.22163e-06
-1.62773e-06
9.93345e-07
7.9579e-09
6.35955e-07
-3.57476e-07
3.75451e-07
1.41154e-07
1.36414e-06
1.04805e-06
-1.0879e-06
3.82374e-07
6.46654e-07
-1.52217e-06
6.3844e-07
7.75426e-07
-1.16176e-06
1.50233e-06
1.24838e-06
-8.41337e-07
5.02812e-07
-5.02812e-07
-1.01536e-06
9.56205e-07
-9.30356e-07
9.13825e-07
-1.12789e-06
-1.09992e-07
1.23788e-06
-9.84638e-07
-2.24828e-07
5.27623e-07
-5.27623e-07
-1.55801e-06
8.77625e-07
6.80383e-07
1.36184e-06
-1.13459e-07
5.66704e-08
-4.65319e-07
5.42278e-08
-5.5782e-07
5.03592e-07
-7.93491e-07
-4.8357e-07
-1.03641e-06
-9.89737e-07
6.88001e-07
-8.70343e-07
-1.19392e-07
-1.38693e-06
7.22417e-07
-1.03378e-06
3.72763e-07
-2.71916e-07
-1.04708e-06
5.14799e-07
-2.48121e-07
5.96694e-07
-8.30467e-07
-1.08049e-06
2.28e-07
8.52493e-07
1.66574e-06
-4.29252e-07
-1.23648e-06
1.15323e-06
2.08608e-07
3.20703e-07
-8.13127e-09
5.38149e-07
-1.66604e-06
4.58515e-08
-3.45847e-07
-3.01175e-07
-5.7233e-07
-1.48628e-06
-1.30352e-06
-1.28681e-06
1.28681e-06
1.32408e-06
-1.32408e-06
1.37989e-06
-1.37989e-06
-1.47471e-06
1.47471e-06
-1.40864e-06
3.16677e-07
1.09197e-06
1.06564e-06
-1.0013e-06
-1.26677e-06
9.16756e-07
-6.68499e-07
5.71326e-07
9.71732e-08
8.82591e-07
-1.32669e-06
7.3948e-07
-1.11983e-06
-9.7267e-07
3.33128e-07
8.22376e-07
-1.09107e-06
-1.95744e-07
1.26999e-06
5.40884e-08
-2.34593e-06
-1.5853e-07
1.16343e-06
-1.03907e-06
-8.53491e-07
4.70331e-07
-7.41774e-07
-1.43661e-06
1.97948e-07
1.15211e-06
-5.58624e-07
-1.36442e-06
-1.10287e-07
1.33552e-06
4.43586e-08
1.55946e-06
-1.33039e-06
1.59596e-06
2.70653e-08
1.00562e-06
9.05912e-07
7.5795e-07
-1.66386e-06
3.27667e-07
9.72541e-08
3.64661e-07
9.01886e-08
1.39403e-06
1.31966e-06
-2.71368e-06
2.32268e-07
1.0139e-06
3.63707e-07
-1.37761e-06
4.75992e-07
-1.77322e-07
-1.33186e-06
-7.54205e-07
-1.32527e-07
2.75813e-08
8.81208e-07
-4.33836e-07
1.11646e-08
-6.15696e-07
5.77493e-07
-5.93759e-08
-1.70902e-06
1.59946e-06
6.19688e-07
-2.85735e-06
3.06372e-07
6.65434e-07
-5.83719e-07
-2.65308e-07
8.49027e-07
1.35162e-06
-3.53101e-08
7.16547e-07
7.31219e-07
1.50412e-06
5.07472e-08
1.6378e-06
3.02986e-07
-3.07087e-07
-9.33215e-07
2.33438e-06
-1.39315e-06
-3.80368e-07
1.93572e-07
8.00933e-07
1.6183e-06
-5.11721e-07
-1.10657e-06
6.20321e-07
1.18584e-06
-5.65521e-07
-4.87081e-07
-1.48734e-06
1.00026e-06
5.34369e-07
-6.82724e-07
8.47661e-07
-1.71998e-06
1.03725e-06
1.38644e-06
2.1531e-06
-2.17743e-06
1.27192e-06
-1.24054e-06
4.98635e-07
-5.26422e-07
1.08491e-06
-1.68757e-06
6.02657e-07
1.56447e-06
-3.3737e-07
-1.2271e-06
1.24804e-06
-1.20516e-06
-5.10953e-09
6.42269e-07
7.77824e-07
7.83888e-07
1.19975e-06
-1.98364e-06
1.49565e-07
3.04972e-07
-6.259e-07
3.20928e-07
-8.82917e-07
7.47022e-07
1.35895e-07
4.20239e-07
1.1413e-07
7.11874e-07
-1.38037e-06
-8.8835e-07
-4.33568e-07
9.21152e-07
-3.7785e-06
-1.19213e-06
-2.38755e-07
9.3401e-07
7.16917e-07
4.36142e-07
-4.65151e-07
7.83718e-07
1.36613e-07
1.54803e-06
-2.52727e-06
4.55849e-07
1.17576e-07
1.20058e-06
-6.24646e-07
-4.38252e-07
7.96938e-07
-9.69805e-07
1.03915e-07
4.14217e-07
3.64364e-07
-7.78581e-07
5.54484e-07
-4.816e-07
1.02852e-06
-9.99867e-08
-1.03469e-06
4.77005e-07
5.57686e-07
-3.95719e-08
9.03051e-07
-1.15972e-06
1.06978e-06
-4.52186e-07
-2.95318e-07
-1.53697e-06
1.31133e-06
2.25634e-07
-1.48124e-06
2.26513e-06
-1.02223e-06
-1.69145e-06
-7.80137e-07
-6.65095e-07
1.44523e-06
-7.58601e-07
1.81903e-06
2.75112e-07
1.34318e-06
1.48149e-06
-1.18652e-07
-1.36284e-06
-1.80794e-06
2.44483e-06
-6.36881e-07
-1.87027e-06
-1.32905e-06
-5.92462e-07
8.05757e-07
-7.64842e-08
8.3199e-08
-1.27877e-06
2.84385e-07
-1.12805e-06
8.43665e-07
-8.41093e-07
-1.42113e-07
1.28984e-06
-6.20965e-07
-8.46346e-07
5.31078e-07
7.47557e-07
7.72657e-07
7.74051e-07
-6.00133e-07
-9.60806e-07
2.78764e-07
-3.47599e-07
-2.96581e-07
1.6058e-06
3.45704e-07
-4.696e-07
-9.13278e-08
2.6212e-07
-3.00165e-07
7.8208e-08
-6.99328e-07
-1.91881e-07
1.43992e-06
-8.64846e-07
7.06012e-07
5.01441e-07
-8.04926e-07
-1.23368e-06
5.65637e-07
8.81265e-08
7.17632e-07
-7.75081e-07
-9.44897e-07
-8.39555e-07
1.0313e-06
6.49755e-07
-4.43527e-07
3.15791e-07
3.20478e-07
4.09224e-07
-7.62891e-07
2.1251e-06
-1.0121e-07
-2.02389e-06
6.07757e-07
-3.93062e-08
8.8068e-07
-3.7571e-08
-1.51153e-06
6.09841e-07
-5.6451e-08
5.38168e-07
-5.85524e-07
4.73562e-08
8.26524e-07
-8.76146e-07
1.80748e-07
2.78584e-08
1.1895e-06
9.24378e-07
1.14034e-06
-2.11573e-07
-9.28764e-07
-9.07453e-07
9.91326e-07
-1.47495e-07
-7.02485e-07
-4.19139e-07
1.24684e-06
1.15138e-06
1.47653e-06
-1.32166e-06
-1.54863e-07
-2.10919e-06
5.83591e-07
-8.366e-07
1.88644e-06
-2.37999e-07
-4.24063e-07
2.13382e-06
-1.70976e-06
-1.33529e-06
1.14341e-06
-4.02417e-07
1.26937e-06
9.45672e-07
4.51523e-07
3.26197e-07
3.3037e-07
6.96729e-07
-1.678e-07
-2.61695e-07
-2.13406e-07
-9.21678e-07
5.19129e-07
3.77376e-07
1.85357e-07
-1.51907e-06
1.05428e-06
-5.94824e-07
5.49993e-07
-1.48417e-06
-1.43561e-07
-7.42942e-07
1.0873e-06
-9.72119e-07
-4.10485e-07
1.3826e-06
5.07991e-07
-1.48011e-06
8.4046e-07
-1.50556e-06
7.9559e-07
7.78742e-07
-1.77851e-07
-7.73574e-07
-2.73568e-07
-8.06379e-07
4.37259e-07
9.32544e-07
1.01244e-06
-6.25634e-07
-3.86811e-07
4.1678e-07
2.70473e-08
1.12889e-06
5.11662e-07
-1.12617e-06
1.57251e-07
-1.19194e-06
2.59569e-07
-1.32234e-07
-3.86516e-07
-7.54305e-07
-4.10676e-07
-1.19554e-06
1.98967e-07
1.36806e-06
1.39511e-06
-4.89194e-07
9.46656e-07
-1.66474e-06
7.1808e-07
-7.37033e-07
2.21852e-06
1.06905e-06
-7.53255e-07
-1.06903e-06
1.47825e-06
-1.32106e-06
-1.62861e-06
3.63924e-07
8.39324e-07
3.79584e-07
8.3768e-07
-1.3445e-06
-1.56292e-06
-1.83963e-06
5.45005e-07
-5.02343e-07
7.98279e-07
-9.09053e-07
4.0671e-07
-1.45837e-06
1.41763e-06
4.07405e-08
-4.44472e-07
1.27556e-08
-1.40776e-07
-4.74577e-07
2.65447e-08
-7.17122e-07
7.70929e-07
9.59682e-07
-3.98198e-07
-7.64577e-07
-4.59164e-07
-6.27836e-07
-4.70447e-07
-7.91275e-07
4.65672e-08
-1.12787e-06
-2.80767e-07
1.24206e-06
4.87172e-07
-7.58272e-07
-4.19248e-07
-1.31805e-06
8.05696e-07
1.25527e-06
-7.79099e-07
1.96265e-06
-3.12029e-07
1.53209e-06
-8.6369e-07
-1.27447e-06
7.36488e-07
7.55856e-07
-6.39333e-07
1.41043e-06
6.7419e-07
-8.34334e-07
1.05471e-07
4.66633e-07
-5.72104e-07
-1.30617e-06
-7.40772e-08
5.35634e-07
5.51663e-07
5.63966e-07
1.16556e-06
-1.72952e-06
-6.26912e-07
6.42284e-07
8.38741e-07
-6.78816e-07
1.20647e-06
-1.26292e-06
8.23196e-08
3.31898e-07
1.21651e-06
4.63958e-07
-3.58488e-07
1.67127e-06
-3.84746e-07
-1.28652e-06
-4.78413e-07
-8.05491e-07
1.2839e-06
6.04888e-07
1.27552e-06
-1.88041e-06
6.70285e-08
-6.70285e-08
-5.19719e-07
5.19719e-07
-5.79429e-07
5.79429e-07
1.56432e-07
-1.56432e-07
-8.9055e-07
5.43078e-08
8.36242e-07
3.01477e-07
-1.8683e-07
4.50229e-07
1.06425e-07
-2.02368e-07
-1.2818e-06
8.75692e-07
-7.24592e-07
-1.1236e-06
-5.14157e-07
-1.02281e-06
-1.1087e-06
-4.33548e-07
1.25572e-06
-2.09386e-08
-5.26178e-08
1.05318e-06
-1.03513e-06
3.57894e-07
9.78852e-07
-7.01916e-08
-2.62648e-07
1.51685e-06
-2.39884e-06
-2.39981e-06
1.73809e-06
-1.19135e-07
9.03058e-07
2.32437e-07
3.63879e-07
4.98255e-07
-6.75125e-07
-1.41033e-06
-4.29301e-07
-1.17528e-06
1.40144e-07
1.28766e-06
-3.08811e-07
2.04225e-06
-1.43736e-06
9.79795e-07
5.84672e-07
1.97848e-07
-1.87533e-06
1.67748e-06
2.48138e-07
-9.65258e-07
1.54071e-06
-7.53408e-07
-7.87302e-07
6.67883e-07
8.72826e-07
1.03831e-06
-1.87966e-06
1.63218e-06
2.47478e-07
-7.4169e-07
-2.38005e-07
9.79696e-07
6.55878e-07
-1.44645e-06
9.7296e-07
-1.03304e-06
5.16219e-07
1.12488e-06
1.54609e-08
-1.92085e-06
1.49678e-06
8.63502e-07
5.54128e-07
1.34656e-08
-6.43765e-07
-8.80603e-07
1.52437e-06
-1.72204e-06
1.07828e-06
-4.4388e-07
-7.28069e-08
-1.63322e-06
1.18934e-06
4.24117e-07
1.24952e-06
-1.60276e-06
-2.17574e-06
2.07299e-06
-4.0172e-07
-7.5259e-07
4.56011e-07
7.67184e-08
-1.00878e-06
-6.55375e-07
7.7898e-07
1.06054e-07
-3.02545e-07
1.02588e-07
-7.49008e-07
-7.41066e-07
4.67067e-07
-8.90983e-08
5.82909e-07
-1.87449e-07
-2.31293e-07
3.94423e-07
-5.43412e-07
1.48989e-07
5.07485e-07
-1.13063e-07
4.27719e-07
-3.51002e-07
-7.21828e-07
6.64531e-08
6.81374e-07
5.65464e-07
-9.86315e-07
1.66769e-06
1.495e-06
1.38938e-07
1.17477e-08
-5.9045e-07
6.72998e-09
2.17895e-07
4.37795e-07
-4.79167e-07
5.65285e-07
-4.22223e-07
-9.99879e-07
1.41098e-07
1.29241e-07
-1.91159e-06
7.3055e-07
-8.51063e-07
-5.40114e-07
5.87858e-07
5.93196e-07
-4.89147e-07
1.92995e-06
3.34868e-07
-1.20521e-06
-1.18155e-06
1.51642e-06
-1.25565e-06
-2.55881e-07
1.04434e-06
-1.63661e-07
1.70482e-06
-3.58893e-07
8.0509e-07
8.99728e-07
3.51051e-07
1.15307e-06
-5.06265e-07
-1.06585e-06
1.04875e-06
1.71036e-08
-1.18998e-06
1.02081e-07
-7.92384e-07
1.22687e-06
-4.34487e-07
1.9922e-07
1.78157e-07
-1.07781e-06
1.56137e-07
3.94162e-07
-1.12096e-06
7.26801e-07
-8.07757e-07
7.66291e-08
8.57467e-07
-5.18953e-07
-2.22151e-07
1.03498e-06
-1.09008e-06
-1.50851e-06
-9.39718e-07
1.02227e-06
1.12176e-07
2.31786e-07
5.58004e-07
9.95645e-07
-8.4031e-07
1.41166e-06
-2.27981e-06
9.53115e-07
1.32669e-06
-1.41965e-07
1.13062e-06
-9.88658e-07
4.12384e-07
-1.49049e-06
1.07811e-06
1.13451e-06
7.52376e-07
-1.32543e-06
-7.63456e-07
4.57639e-07
-5.21425e-07
1.60414e-06
-2.55971e-06
9.55579e-07
-6.70407e-07
-6.76843e-07
8.77502e-07
1.00877e-06
-6.21464e-07
-8.02585e-07
1.03502e-06
-9.90131e-07
1.62387e-06
5.90101e-07
-2.65722e-07
-5.06178e-08
9.2926e-07
-1.45003e-06
-9.23407e-07
7.79487e-07
-1.44691e-07
-1.32368e-06
1.46837e-06
-3.86199e-07
-1.10886e-06
-3.80771e-07
9.01763e-07
2.88845e-07
-7.39409e-08
7.66036e-07
-8.43062e-07
7.69121e-07
-3.23425e-07
-9.91429e-07
5.32267e-07
1.81088e-06
-8.51202e-07
-2.10227e-07
-5.39273e-07
-3.3631e-07
8.64969e-07
2.75175e-07
1.06628e-06
-1.34145e-06
1.06952e-06
-8.64141e-07
-2.05381e-07
-3.32436e-07
4.8347e-07
-1.78981e-06
6.30085e-07
-8.19021e-07
-1.46078e-06
7.91815e-07
-6.54743e-07
7.87435e-07
-1.11987e-06
7.18007e-07
-5.05181e-08
-8.36733e-07
1.68687e-07
-8.82259e-07
1.21225e-07
1.01666e-06
-4.55728e-07
1.27011e-06
6.47389e-07
-1.9175e-06
5.89722e-07
-7.46433e-07
8.65061e-07
1.73088e-06
2.52108e-07
1.78419e-06
-5.14085e-07
9.8202e-08
2.49922e-07
-8.01197e-07
-6.67842e-07
1.46904e-06
3.2734e-07
-1.36772e-06
1.24682e-06
1.20905e-07
5.22675e-07
1.29771e-10
-7.27245e-07
4.57323e-07
-5.00317e-07
3.85084e-07
8.41623e-07
-1.75843e-07
1.81016e-07
-7.58196e-07
5.7718e-07
-1.26573e-06
3.75181e-07
7.58473e-07
-1.10309e-06
9.74055e-07
-9.10251e-07
-2.28421e-07
1.20818e-06
3.88296e-07
-8.18301e-07
1.19286e-06
-1.42128e-06
-8.147e-07
6.32526e-08
3.47897e-07
3.64058e-07
-7.17766e-07
-2.71992e-07
1.35031e-07
-1.05044e-06
1.4145e-06
2.75611e-07
-6.66486e-07
-9.67646e-07
3.77194e-07
-2.72696e-07
3.62814e-07
-9.52994e-07
-6.89135e-07
5.40188e-07
2.58518e-06
-1.2087e-06
-2.22675e-06
9.96669e-07
2.6131e-06
-1.27553e-06
-2.05109e-06
1.09708e-06
1.81161e-06
-1.448e-06
1.80672e-06
-1.11854e-06
2.2636e-07
1.89873e-06
-1.11444e-06
-1.41283e-06
-1.84587e-06
4.43963e-07
1.4019e-06
-8.79883e-07
-8.29731e-07
9.28484e-07
-9.87538e-08
8.00176e-07
-2.32093e-07
-5.68083e-07
-1.73665e-06
1.28836e-06
4.48286e-07
-6.95001e-07
-1.36845e-07
8.56961e-07
-3.68315e-08
2.01484e-07
-9.55671e-07
1.13882e-06
1.54029e-07
3.0723e-07
1.76048e-06
-1.35183e-06
9.34263e-07
-1.26841e-06
6.82884e-07
-2.11919e-07
-1.45505e-06
-4.58478e-07
-4.24437e-07
4.5748e-08
2.59225e-07
-7.89984e-07
1.37971e-06
9.53222e-07
4.19044e-07
5.66426e-07
-1.24548e-07
-9.48681e-07
1.0202e-06
-5.55995e-07
4.91359e-07
-3.10611e-07
-2.32479e-07
1.72853e-07
1.93822e-06
-1.13313e-06
-2.34425e-07
-3.357e-07
4.54302e-07
-1.73708e-06
2.09537e-07
7.57849e-07
-9.77793e-07
-2.89793e-07
5.13156e-07
3.07226e-07
-8.29347e-07
8.83655e-07
-5.57664e-07
-6.74134e-07
-2.95673e-07
2.1914e-06
-3.49136e-07
-1.84227e-06
-1.22182e-06
7.29527e-07
4.92294e-07
1.95475e-06
-1.54237e-06
-4.41296e-07
3.8192e-07
-1.35246e-06
1.21049e-06
5.78046e-07
-1.9029e-07
5.16219e-07
4.77418e-07
-1.58069e-07
-3.1935e-07
1.34655e-08
-8.8863e-07
-6.16919e-07
2.10137e-07
4.06782e-07
4.03243e-07
-1.7205e-06
-1.25368e-07
3.73265e-07
1.34219e-07
1.51946e-06
-6.93139e-07
-3.07555e-07
1.00069e-06
5.10633e-07
1.0935e-06
-6.69196e-07
-3.5402e-07
-8.04085e-07
5.94697e-07
-8.39768e-07
-1.27272e-06
1.66207e-06
-1.74469e-07
5.91593e-07
-1.3803e-07
7.53195e-07
-1.897e-06
5.73322e-07
1.90124e-06
-1.47303e-06
-1.23909e-06
5.54636e-07
-8.29928e-07
-6.54291e-07
-1.80871e-06
4.14297e-07
-4.14297e-07
-4.3437e-07
4.3437e-07
-6.20306e-07
1.40899e-06
-7.8868e-07
-4.06921e-07
1.24586e-06
-2.7657e-07
2.7657e-07
5.96322e-07
-5.96322e-07
-1.50297e-06
2.32813e-06
-8.25159e-07
-1.42476e-06
-4.04246e-07
-2.01537e-07
2.28234e-06
5.10628e-08
-9.4344e-07
-1.84766e-07
5.80196e-07
-2.98024e-07
-6.76149e-07
1.78472e-07
4.06853e-07
6.24444e-07
3.17637e-07
-7.61163e-07
6.29218e-07
1.4171e-07
1.58761e-06
-7.58045e-07
-8.29563e-07
-1.18672e-06
6.66827e-07
5.19889e-07
-9.61638e-07
1.26038e-06
1.0657e-07
-3.72291e-07
1.77342e-06
-7.80074e-07
1.2495e-06
-1.27344e-06
9.18869e-07
3.54575e-07
1.61975e-06
-1.17013e-06
-4.49618e-07
5.06282e-07
4.27728e-07
6.29602e-07
1.35101e-06
-5.6358e-07
-1.27427e-06
2.39326e-07
7.75691e-08
-2.77252e-07
1.0801e-06
4.74159e-07
-3.9866e-07
7.29946e-07
3.05031e-07
-3.77039e-07
1.54888e-07
-7.03891e-07
-3.81902e-07
-3.20489e-07
-1.01429e-07
1.13096e-06
-6.19298e-07
-1.05282e-06
1.13099e-07
3.55238e-07
6.67033e-07
1.40037e-07
-4.5946e-07
1.02327e-06
-2.23956e-06
8.14955e-07
2.27584e-07
-2.08637e-07
1.04502e-07
2.28055e-07
-8.82506e-08
-2.4801e-07
-4.41127e-07
-1.67396e-07
-1.3914e-06
6.04247e-07
-8.04897e-07
1.20527e-06
1.12911e-06
-4.93341e-07
1.16408e-07
9.44964e-07
-1.44297e-06
4.98008e-07
-4.58709e-07
3.75979e-07
-8.45225e-07
1.09382e-06
6.79604e-07
1.01809e-06
-1.3015e-06
1.39378e-07
6.60799e-07
-9.66007e-08
-7.3313e-07
-1.35485e-06
8.07688e-07
1.51032e-07
-9.5872e-07
3.28228e-07
-8.61315e-07
-3.99593e-07
8.14459e-07
7.93439e-07
-5.61413e-07
4.76392e-07
-1.18618e-07
-1.69177e-06
2.43777e-07
1.18798e-06
-7.2321e-07
-3.6379e-07
5.93938e-07
7.68635e-07
6.84868e-07
8.17897e-07
-7.10171e-07
-3.76789e-07
-7.23209e-07
5.93938e-07
6.84869e-07
-7.10163e-07
-5.69109e-07
1.14043e-06
-7.69801e-07
7.51307e-08
-5.91443e-07
3.60368e-07
5.50954e-07
4.6149e-07
-2.43089e-07
1.08854e-06
-1.32634e-06
-4.41469e-07
-1.16623e-06
7.18008e-07
-8.36734e-07
-8.82259e-07
1.01666e-06
4.83139e-07
5.08185e-07
-6.73232e-07
-5.71094e-07
-5.06327e-07
1.12664e-07
3.70467e-07
4.98768e-07
2.81989e-07
-8.87135e-07
-7.5184e-07
1.87604e-07
1.88853e-07
1.2245e-06
-4.66548e-07
-1.00549e-06
9.25508e-07
-7.22675e-07
-2.02833e-07
-7.10517e-07
-7.07978e-07
1.48735e-06
-1.78859e-06
1.31899e-06
7.44951e-07
-5.65943e-07
-7.5265e-07
-7.50129e-07
7.76654e-07
1.68372e-06
6.41606e-07
1.1159e-07
-2.88698e-07
1.14229e-07
2.28e-07
-1.02245e-06
3.39732e-07
-4.07754e-07
-6.14694e-07
-4.2925e-07
8.82733e-07
5.44772e-07
3.56718e-07
-1.47655e-06
-4.9659e-07
8.29718e-07
1.87999e-07
7.23352e-08
4.75238e-07
1.67767e-06
-8.98929e-07
5.47751e-07
-7.62514e-07
-1.51199e-06
2.27451e-06
-4.30067e-07
1.05929e-06
-6.07202e-07
3.08489e-07
-1.33591e-06
7.63582e-07
-3.8507e-07
1.71176e-06
5.53528e-07
5.7228e-07
1.57373e-06
9.40897e-07
-1.87382e-07
-9.40665e-07
-9.94874e-07
5.67871e-07
6.14745e-07
-7.67076e-07
7.90922e-07
-8.70314e-07
-1.02737e-06
-9.86217e-07
-1.41226e-07
-1.83176e-06
-1.02742e-08
2.12716e-06
1.64359e-06
1.36591e-06
-2.68827e-06
1.73424e-07
9.51454e-07
-5.4983e-07
-4.71674e-07
4.07667e-07
-4.45177e-08
3.52088e-07
1.69994e-06
-2.05203e-06
-1.72263e-07
-1.18063e-06
1.3529e-06
1.77125e-06
-2.21618e-08
-8.35282e-07
1.02538e-06
-1.00012e-06
3.7426e-07
1.365e-06
6.01128e-07
-7.16693e-07
-1.68152e-06
-8.66485e-07
1.46761e-06
6.78812e-07
-1.3955e-06
-9.46921e-07
1.39205e-07
8.07716e-07
1.5776e-07
4.82235e-07
-6.18311e-07
-6.57137e-07
5.68908e-07
-1.09431e-06
1.19748e-06
-1.31119e-06
1.46895e-06
7.45911e-07
-5.46944e-07
2.6115e-08
1.59553e-06
1.07337e-06
2.25449e-06
-2.0825e-06
6.39699e-07
3.64311e-07
-1.00401e-06
-7.08059e-07
-2.00059e-07
9.08117e-07
-3.94488e-07
-1.96637e-06
8.64827e-07
-1.19224e-06
3.27418e-07
-8.38735e-07
7.92903e-07
1.08804e-06
-1.27968e-06
8.94939e-07
1.56957e-06
-9.35134e-07
1.75757e-06
-1.0653e-06
-1.27179e-06
8.07144e-07
1.42299e-06
-9.15084e-07
1.49533e-06
-1.22072e-06
-6.04574e-07
1.16375e-06
-9.19008e-08
-3.54823e-07
1.10074e-06
-1.63221e-06
-1.01099e-09
-1.01204e-06
3.94375e-07
-2.15579e-07
-3.57433e-07
-9.66003e-07
2.92771e-07
-1.27663e-06
-4.50387e-08
2.6141e-07
9.93873e-07
-1.25528e-06
6.03053e-07
-7.83081e-07
1.80028e-07
-1.05941e-06
1.2044e-06
-1.44993e-07
6.94924e-07
-9.62319e-07
2.67395e-07
-8.01058e-07
6.22642e-07
1.78416e-07
4.61756e-07
2.56322e-07
2.96142e-07
5.68562e-07
-1.71076e-07
-7.42443e-07
-6.94481e-07
1.29753e-06
8.12011e-07
-1.87142e-06
1.33681e-06
5.67071e-07
-6.16075e-07
1.311e-06
8.01625e-07
-1.60268e-06
-4.57022e-07
-3.07888e-06
1.96757e-06
1.11132e-06
2.14287e-07
2.69645e-07
-5.99033e-07
-1.55173e-07
4.87102e-07
-9.6724e-07
4.80138e-07
-1.21177e-07
-7.54969e-07
-1.20692e-08
-5.67358e-07
-9.09433e-08
2.47376e-07
-1.6274e-08
-5.03444e-07
-1.00966e-07
1.67996e-07
9.63158e-07
6.00926e-08
-6.29202e-07
-4.42322e-07
5.92175e-07
6.87448e-07
1.13207e-06
1.3588e-06
2.70056e-07
-4.4107e-07
-9.39408e-07
2.7864e-09
-1.31469e-06
1.4575e-06
-6.24646e-07
9.71091e-08
1.20058e-06
-1.65411e-06
1.20917e-06
-5.93742e-07
-1.43405e-06
1.11165e-06
-1.12793e-06
-1.3685e-06
1.26753e-06
-1.51917e-06
1.42823e-06
1.13387e-06
-1.14594e-06
-1.04743e-06
1.40371e-06
-4.6256e-07
-1.67434e-06
6.71105e-07
1.00229e-06
-1.6734e-06
-2.9688e-07
1.03337e-06
2.17065e-07
-1.08075e-06
-1.79046e-06
2.46156e-06
-1.17403e-08
-7.67357e-07
-2.50708e-07
1.0564e-06
-4.00922e-07
-1.18342e-07
-2.62364e-08
-7.28069e-07
-2.53629e-07
1.21395e-07
-5.59542e-07
1.50451e-06
6.98918e-07
-1.25846e-06
1.67828e-09
-4.3124e-07
-1.04253e-08
6.04268e-07
-1.45589e-06
6.3436e-07
-4.36095e-07
-1.05901e-07
-3.59564e-07
-2.994e-07
-7.14134e-07
2.23112e-06
7.76455e-07
-3.62158e-07
-7.35106e-07
3.00738e-07
3.10809e-07
-1.09088e-06
1.30238e-06
-2.80573e-07
-5.49355e-07
-1.7765e-06
1.03169e-06
-4.35369e-07
-4.95046e-07
2.18476e-07
1.72579e-06
-6.52422e-07
-1.24631e-06
-3.54931e-07
1.26508e-06
-9.8734e-07
-1.06493e-06
8.50489e-07
-3.94478e-07
4.80388e-08
1.6775e-06
8.17191e-07
-2.12945e-07
-6.16672e-07
1.90058e-06
1.53574e-06
-2.15241e-06
1.25352e-06
-2.19286e-06
1.68662e-06
2.22934e-07
-2.11186e-07
-2.3404e-07
-6.37677e-07
8.71717e-07
4.35964e-08
-8.97085e-07
-3.75759e-07
1.53919e-06
-5.62069e-07
6.29813e-07
1.76216e-06
-4.63735e-07
-7.44932e-07
3.70719e-07
3.67774e-07
-7.38493e-07
4.17785e-07
1.15428e-07
1.07508e-07
-1.48043e-06
1.5074e-07
-1.47743e-06
-1.27489e-06
-1.13198e-06
1.79375e-06
-1.35447e-07
1.03003e-06
-8.94584e-07
1.13295e-06
-3.47766e-07
4.53266e-07
-3.73066e-07
4.33254e-07
6.62642e-08
7.69979e-07
-9.89535e-07
8.54087e-07
1.26949e-06
-7.2021e-07
-1.60768e-06
6.23408e-07
-1.0668e-06
-7.07128e-08
2.10823e-06
-4.30361e-07
4.30361e-07
-2.55838e-08
4.95281e-07
-4.95281e-07
4.4564e-07
9.53515e-07
9.2459e-08
2.16203e-06
6.87447e-07
-3.42741e-07
-7.60392e-07
-1.20688e-06
1.52296e-06
-1.45669e-06
-4.4107e-07
-6.17817e-07
-5.79914e-07
1.19773e-06
-7.99371e-07
-9.27592e-07
8.11578e-07
1.05684e-06
3.52151e-07
-1.18783e-06
1.41427e-06
-2.91532e-07
2.32725e-07
-1.85535e-06
1.3828e-06
1.81452e-06
-5.58798e-07
-8.37064e-07
-1.03601e-07
1.55736e-07
-5.69028e-07
1.69749e-07
1.46243e-06
5.86144e-07
1.3886e-06
-1.03652e-06
-9.03818e-07
7.31557e-07
1.58159e-06
-1.86216e-06
9.1144e-07
1.41969e-06
-1.32481e-06
-6.95322e-07
-2.3557e-07
1.01536e-06
-9.56205e-07
-1.61859e-06
8.58197e-07
9.30356e-07
-9.13825e-07
-9.80866e-07
-7.35108e-07
7.76454e-07
-4.04593e-08
8.57054e-07
1.17569e-06
1.03169e-06
-4.95044e-07
-2.34758e-07
8.15409e-08
2.39401e-07
2.21947e-07
1.45555e-06
1.35232e-07
-1.04734e-06
2.32286e-06
1.67609e-06
-2.05538e-06
-4.53807e-07
4.53807e-07
4.31668e-07
-4.31668e-07
1.07451e-06
-7.62704e-07
-8.30484e-07
1.67761e-06
-2.39699e-07
-1.03519e-06
1.6456e-06
-8.33585e-07
-1.44291e-06
7.48432e-07
1.51836e-06
-7.16738e-07
-1.32786e-06
7.11782e-07
1.19311e-06
-1.86322e-06
-1.62785e-06
1.36662e-06
-1.38613e-07
-1.00406e-06
1.14267e-06
1.94429e-06
-1.82339e-06
-1.14593e-06
-2.31687e-06
2.1074e-06
-1.19569e-06
-1.57249e-06
8.80704e-07
7.73474e-07
-3.48693e-07
3.92287e-07
7.82267e-07
-1.15803e-06
-3.06187e-07
-1.3124e-06
1.15872e-06
7.05168e-07
1.56934e-06
-8.15563e-07
-7.56922e-07
-5.81133e-07
7.31872e-07
8.82666e-07
1.60929e-06
-9.13488e-07
-1.14949e-06
6.02366e-07
-2.29433e-06
1.04413e-06
-7.75907e-07
6.38259e-07
-1.37961e-06
-5.7912e-07
6.98002e-08
1.14509e-06
1.00209e-06
3.2961e-07
-8.41002e-07
-1.00903e-06
6.75264e-07
1.64063e-06
-1.09562e-06
-1.18596e-06
1.35115e-08
1.43172e-06
5.43035e-07
-2.74935e-07
-5.95973e-07
6.20486e-07
-8.83561e-07
-6.02688e-07
6.86148e-07
1.77584e-06
-1.19772e-06
-1.18323e-06
1.53864e-06
5.55098e-07
-5.54309e-07
1.92348e-06
-3.35871e-07
-1.03286e-06
-1.53859e-07
-9.13272e-08
3.45704e-07
2.09703e-06
-2.50395e-06
2.6212e-07
-3.00165e-07
-1.27772e-07
-1.00015e-06
6.40454e-08
1.20348e-06
-9.97262e-07
-9.98088e-08
-1.04613e-06
9.55817e-08
1.33264e-06
7.91041e-07
3.80123e-07
9.08238e-07
1.60478e-06
-1.00809e-06
9.79463e-07
1.03171e-06
-2.11677e-06
1.3255e-06
9.66889e-07
-7.64627e-07
1.23474e-06
-1.42311e-06
1.83757e-06
-5.0618e-08
-6.21464e-07
-1.08019e-06
-7.08405e-07
8.95533e-08
6.44406e-07
7.15156e-07
-8.53415e-07
-7.06565e-07
8.04643e-07
-1.25305e-06
9.15185e-07
5.64367e-07
2.32191e-06
-7.246e-07
-1.87014e-06
-6.73369e-08
-1.8028e-06
1.04503e-06
-1.80363e-06
9.40828e-07
-1.08618e-06
1.85408e-06
4.11054e-07
-1.96637e-06
-1.4282e-07
-1.07919e-06
1.04018e-06
8.57791e-07
-1.0443e-06
2.32976e-06
-7.17469e-07
1.4395e-06
-8.99162e-07
8.95186e-07
1.03621e-06
-7.76901e-07
2.09369e-08
-7.9503e-07
7.84605e-07
5.58493e-07
4.57753e-08
-6.91455e-07
2.60215e-07
6.84089e-07
-6.82411e-07
4.43828e-07
2.5121e-06
1.97876e-06
-1.61445e-06
-1.25978e-06
1.05972e-06
-1.59954e-06
1.89206e-07
3.16212e-07
1.49791e-07
-6.68744e-07
-1.21778e-06
1.22057e-06
-6.18831e-07
-1.53303e-06
1.66578e-06
6.42683e-07
-1.96374e-06
-5.33084e-07
8.97009e-07
-5.11488e-07
8.9107e-07
6.03052e-07
-1.94756e-06
1.24515e-07
-2.53223e-06
-1.56045e-07
1.93744e-06
1.88403e-06
-1.28515e-06
-8.3583e-08
-9.53969e-07
-3.31178e-07
1.35199e-06
5.32037e-07
-5.39348e-07
1.35191e-06
-6.5483e-08
5.08675e-07
4.86348e-07
-1.29107e-07
1.38185e-06
-2.36351e-06
3.70959e-07
7.34263e-07
-3.31452e-07
7.22899e-07
-5.28343e-07
-7.71421e-07
1.67995e-07
-5.03443e-07
2.47375e-07
-5.67358e-07
-1.99331e-06
1.18668e-06
-1.0975e-06
4.17785e-07
1.32546e-06
-1.85245e-07
2.50616e-07
-5.62069e-07
6.49467e-07
1.82896e-06
-1.77632e-06
-7.6717e-07
-5.83888e-07
1.35106e-06
3.28743e-07
1.52176e-07
-1.34203e-07
1.42376e-06
-1.39764e-06
1.3222e-06
-8.46821e-07
1.33639e-06
1.13317e-06
-9.19982e-07
-2.2948e-06
8.49264e-07
-1.32813e-06
8.46732e-07
9.9222e-07
-3.65984e-07
-4.79703e-07
-1.13511e-06
1.50463e-06
-1.53438e-06
-1.08375e-06
8.21206e-07
8.81463e-07
-1.41437e-06
1.61588e-06
1.18223e-06
1.25606e-06
-8.30484e-07
-5.60917e-07
1.40264e-06
-2.02542e-06
6.22783e-07
-7.47585e-07
1.28601e-06
2.86878e-06
1.08514e-06
-1.14238e-06
-5.88269e-07
9.07112e-07
1.34793e-06
-9.041e-07
-1.55829e-06
1.85597e-06
1.8608e-06
-1.31429e-06
1.07642e-06
-6.5483e-08
-1.29107e-07
5.08675e-07
4.86348e-07
1.04898e-06
1.41533e-06
-5.73253e-07
-5.13697e-07
-5.56784e-07
-5.30116e-07
1.17352e-06
1.39795e-06
6.03207e-07
1.28665e-07
5.26505e-07
5.98737e-07
-1.25924e-08
5.70145e-07
1.25123e-06
-6.52489e-07
1.25012e-06
1.63344e-07
-6.73089e-07
9.88849e-07
1.13485e-06
-1.23903e-06
5.06576e-07
5.37703e-07
-4.48691e-08
-4.76474e-07
1.50378e-06
1.38823e-08
1.08263e-07
-9.18027e-07
-7.74442e-08
-7.8949e-07
-4.47827e-07
7.45156e-07
2.1384e-06
2.44992e-06
-3.11519e-07
-1.27568e-07
-1.67523e-06
-1.50718e-06
-7.70719e-07
-3.8731e-07
-5.15273e-07
-6.78623e-07
7.11907e-07
-1.8098e-06
-8.79015e-07
2.35095e-06
-1.47194e-06
-1.35742e-06
4.09573e-07
1.25475e-07
-1.53725e-06
1.07742e-06
-1.67848e-06
-4.60605e-07
-9.55886e-08
2.23417e-06
-7.85319e-07
1.05182e-06
1.04231e-06
-3.47986e-07
4.58518e-08
-1.15482e-06
8.89106e-07
-7.82904e-07
3.70463e-07
1.52644e-06
-3.1577e-07
-1.09706e-06
1.13135e-06
5.30727e-07
-3.8441e-07
-4.55359e-07
4.89486e-07
1.443e-06
7.51418e-07
-1.06377e-06
-6.10572e-07
6.52258e-07
1.0979e-06
2.87745e-07
-1.15806e-06
1.65531e-06
-1.36757e-06
2.13072e-07
-1.01244e-06
-2.58194e-07
1.06977e-06
-1.152e-06
1.92157e-06
-6.76477e-08
-3.08519e-07
8.30643e-07
2.24207e-06
-7.90515e-09
7.04506e-07
7.71275e-07
1.91214e-06
1.40136e-06
1.53257e-06
-1.01941e-06
-4.92856e-07
1.47083e-06
6.37396e-07
-2.16741e-07
1.83266e-08
-7.97419e-07
2.43524e-07
1.38866e-06
-2.37096e-06
5.47569e-07
1.89452e-06
1.79463e-06
1.24604e-06
-1.09136e-06
1.77154e-06
-1.42253e-06
2.30358e-06
-2.45021e-08
2.27745e-06
-3.41406e-07
-2.34712e-07
1.52295e-06
-9.35063e-07
-2.63886e-07
-5.40199e-07
-1.18462e-06
1.64226e-06
1.626e-06
1.63176e-06
-8.15501e-07
-8.033e-07
-3.04524e-07
-6.4838e-07
-1.49085e-06
-1.80527e-06
-1.36459e-06
-1.48043e-06
1.52847e-06
-6.73874e-07
8.76168e-07
-9.38125e-07
-8.38195e-07
1.04732e-06
7.81642e-07
2.45006e-06
-8.24054e-07
-1.02654e-06
2.23239e-07
-1.02693e-06
2.11429e-07
2.38045e-06
-7.48686e-07
1.21224e-06
1.74957e-06
6.25974e-07
-6.31512e-07
-2.14488e-06
1.51337e-06
2.147e-06
-1.65654e-06
1.19343e-06
-1.67404e-06
-3.81338e-07
-5.75229e-07
-1.2139e-06
1.14557e-07
-9.40962e-07
-3.53798e-07
5.16686e-07
5.39599e-07
-1.23212e-06
1.19582e-06
1.71569e-06
7.31053e-07
-1.96479e-06
-1.39933e-06
-8.42355e-08
2.02167e-06
-1.14921e-06
1.30096e-06
3.0543e-07
-1.32761e-06
1.21887e-06
1.15329e-06
-7.0222e-07
2.27761e-06
-2.30923e-06
-2.05637e-06
1.90606e-06
2.23112e-06
-2.29406e-06
-1.68758e-06
1.68735e-06
-1.06252e-06
-1.82042e-06
2.19253e-06
1.47524e-06
-4.05466e-07
-1.28863e-06
2.76191e-07
2.31185e-07
-5.31707e-07
-1.10817e-06
-2.67718e-06
1.73394e-06
-1.0601e-06
-1.86015e-06
-2.08352e-06
3.09537e-06
-2.04671e-06
1.3489e-06
2.70432e-07
-4.99058e-07
2.97703e-07
2.88372e-07
-4.86747e-07
8.34412e-07
1.79987e-06
-1.01292e-06
-1.31597e-06
-2.17569e-06
1.86417e-06
2.94435e-08
6.97976e-08
-6.68059e-07
1.53223e-06
-6.6713e-07
-4.68365e-07
-1.88473e-06
2.42128e-07
5.54809e-07
2.14533e-07
6.82475e-07
-5.55763e-07
-1.39179e-06
2.23809e-07
6.6726e-07
-5.28454e-07
-1.43529e-06
2.07058e-07
1.76553e-06
1.61521e-07
2.18397e-06
-8.90495e-07
2.21585e-06
-8.93905e-07
-3.63245e-07
1.23444e-06
1.66421e-06
-1.70994e-07
4.27005e-07
1.3742e-06
4.10498e-07
5.57821e-07
-1.13131e-06
-1.28399e-06
-3.27894e-08
1.7767e-06
-2.07366e-06
-9.34427e-07
)
;

boundaryField
{
    frontandback
    {
        type            empty;
        value           nonuniform 0();
    }
    simetry
    {
        type            symmetry;
        value           uniform 0;
    }
    inlet
    {
        type            calculated;
        value           nonuniform List<scalar> 
23
(
1.0869e-06
1.0869e-06
1.08696e-06
1.087e-06
1.087e-06
1.08696e-06
1.087e-06
1.0869e-06
1.08696e-06
1.087e-06
1.087e-06
1.08695e-06
1.08695e-06
1.087e-06
1.08696e-06
1.08696e-06
1.08696e-06
1.0869e-06
1.087e-06
1.08699e-06
1.08695e-06
1.0869e-06
1.0869e-06
)
;
    }
    outlet
    {
        type            calculated;
        value           nonuniform List<scalar> 
23
(
-9.33333e-07
1.67431e-07
-1.49073e-06
-1.26579e-06
-9.90947e-07
-1.08123e-06
-1.21058e-06
-2.66395e-06
-1.19546e-06
3.2991e-07
-5.61484e-07
-1.53087e-07
-1.22993e-06
-1.36257e-06
-1.50276e-06
-1.33558e-07
5.50546e-07
7.84297e-07
-5.81718e-07
-3.11498e-06
-2.46431e-06
-2.57147e-06
-2.32423e-06
)
;
    }
}


// ************************************************************************* //
