/*--------------------------------*- C++ -*----------------------------------*\
  =========                 |
  \\      /  F ield         | OpenFOAM: The Open Source CFD Toolbox
   \\    /   O peration     | Website:  https://openfoam.org
    \\  /    A nd           | Version:  7
     \\/     M anipulation  |
\*---------------------------------------------------------------------------*/
FoamFile
{
    version     2.0;
    format      ascii;
    class       volVectorField;
    location    "0.1";
    object      U;
}
// * * * * * * * * * * * * * * * * * * * * * * * * * * * * * * * * * * * * * //

dimensions      [0 1 -1 0 0 0 0];

internalField   nonuniform List<vector> 
2700
(
(0.789534 0.337866 -2.85974e-17)
(0.60519 -0.43418 -3.48256e-16)
(0.209822 -0.627237 3.4292e-17)
(1.05602 0.190589 1.76248e-16)
(1.49413 0.044941 -2.2772e-16)
(0.223724 -0.514102 -4.32897e-16)
(1.20234 -0.797364 -2.17998e-16)
(0.44295 -0.669209 7.73039e-17)
(0.103261 0.223644 2.61212e-16)
(2.30747 -0.370143 -3.42915e-17)
(0.391602 0.261426 -1.41343e-16)
(1.74075 0.591945 -7.06948e-17)
(1.95004 -1.36485 1.13868e-16)
(1.2057 -0.475368 0)
(0.843012 -0.729702 2.48969e-16)
(0.953394 0.614677 -2.74977e-17)
(0.803648 -0.379832 5.36419e-17)
(0.370397 0.68494 -1.5335e-16)
(0.659127 0.529008 -4.99402e-16)
(0.257852 1.01615 -2.5215e-17)
(1.2695 -0.205189 -2.76549e-16)
(1.32142 -0.741504 1.11795e-16)
(0.529416 1.26021 3.87378e-17)
(0.63279 1.16615 0)
(0.778553 -0.029181 0)
(1.87751 -0.118454 2.28046e-17)
(0.595321 0.259343 -1.56438e-17)
(0.301676 -0.346691 0)
(0.683553 -0.124888 0)
(0.184657 -0.546489 0)
(0.522483 0.0888907 2.80055e-16)
(0.573855 -0.223982 -9.56993e-17)
(1.59315 -0.144848 -1.75836e-16)
(1.21289 0.383597 -2.01892e-17)
(1.08231 0.0686017 1.69383e-16)
(0.734212 -0.922675 0)
(0.421738 1.19017 0)
(0.452907 -0.259228 7.17491e-17)
(0.978132 0.475505 0)
(1.07691 0.777184 1.42283e-16)
(-0.479265 -0.920935 1.96516e-17)
(-0.405598 -0.431064 0)
(0.921486 0.1178 1.45434e-16)
(1.02717 0.100649 -4.64293e-16)
(-0.453365 -0.0890935 1.34345e-17)
(1.07951 -1.05433 0)
(0.627085 0.960749 0)
(-1.53825 0.707728 -6.06489e-17)
(-0.400361 -0.608635 4.24339e-17)
(-1.18024 -0.450184 9.41244e-17)
(1.15139 0.310952 -1.45045e-16)
(1.43529 0.473868 1.3323e-16)
(0.105597 -0.48406 0)
(1.62424 0.211782 4.147e-17)
(1.27112 -0.155917 3.27605e-16)
(0.538314 -0.288978 1.15197e-16)
(1.24968 0.137228 -9.41552e-16)
(1.45955 -0.132039 5.30572e-17)
(1.68993 -0.295652 -1.67956e-17)
(1.19764 -0.0315944 0)
(-0.956017 0.530805 -5.95212e-17)
(0.0855743 0.454698 2.17078e-16)
(1.17987 0.0219358 3.23233e-16)
(1.53599 0.430597 -4.21122e-17)
(-0.146954 0.159456 0)
(-0.566165 -0.568471 0)
(-0.209492 -0.648714 1.49525e-16)
(-0.491192 0.511693 7.5128e-17)
(-1.38251 -0.647883 2.20698e-16)
(-0.653169 -0.849298 5.02523e-17)
(1.64236 -0.187909 1.40467e-16)
(0.978801 -1.12903 0)
(0.470733 -0.540051 0)
(0.837521 0.129903 -1.5554e-16)
(0.446496 0.566553 -1.14913e-16)
(0.796807 -0.143541 7.49489e-17)
(0.377395 0.616549 -3.16655e-17)
(0.25921 -0.528768 -2.15389e-17)
(0.619585 0.182328 -4.1078e-16)
(-0.224485 -0.288337 -2.77633e-17)
(1.32553 -0.559305 0)
(-0.0224049 -0.587364 0)
(-0.668874 -0.0723409 3.18963e-16)
(0.0138345 0.21173 3.15146e-16)
(-0.677829 -0.434143 -3.27769e-16)
(-0.95426 0.0624839 -6.67097e-16)
(0.571588 -0.209783 -4.51575e-16)
(0.649601 0.345466 0)
(-0.00961771 -0.31122 4.43211e-16)
(0.0965299 -0.179666 0)
(1.76097 -0.418856 0)
(1.51697 0.76447 -1.01614e-16)
(1.19817 -0.0581961 1.25016e-16)
(0.286771 0.648519 -8.99628e-17)
(-0.66929 -0.637983 -7.66114e-17)
(0.246139 0.562674 -1.30073e-16)
(0.0513694 -0.372925 1.47821e-16)
(-1.23063 -1.31325 5.00563e-17)
(0.313149 -0.214008 6.195e-16)
(0.722715 -0.275058 1.80805e-16)
(-1.03677 0.945211 0)
(0.235775 -2.29543 2.91347e-17)
(-0.650404 -0.250631 -1.94434e-16)
(-0.58679 0.172411 1.86243e-16)
(0.769089 -0.166674 0)
(3.05177 -1.00568 -2.77965e-18)
(1.33279 0.113525 -3.93937e-17)
(-0.611844 -0.236673 0)
(0.501902 1.34275 3.71814e-16)
(1.1332 -0.182947 -3.24883e-16)
(2.76727 1.20266 -4.12607e-18)
(1.38388 -0.152009 0)
(0.217054 0.667332 0)
(0.632943 -1.00763 -2.30614e-16)
(0.412333 -0.565784 3.29356e-16)
(-0.995399 -1.31383 0)
(0.188592 -1.17434 -5.80318e-17)
(0.168586 -0.0753478 2.35027e-16)
(0.788 -0.521918 -1.71165e-16)
(0.0375744 -0.334234 0)
(-0.464348 -0.580721 -2.93978e-16)
(-0.428603 0.474626 1.66925e-16)
(0.461183 0.304574 1.34904e-16)
(-0.234504 -0.546716 0)
(1.76162 0.553512 7.33846e-17)
(1.28199 0.331409 -1.71516e-16)
(-2.25792 0.21717 6.48589e-17)
(-0.664071 -0.0251215 -1.61694e-16)
(-1.5277 0.116579 -4.50766e-17)
(2.42991 2.16241 -3.68541e-17)
(1.26147 -0.438465 -3.09673e-16)
(1.28792 0.45709 -3.19927e-16)
(2.5336 -2.04195 -1.53301e-17)
(1.1573 1.18701 3.83224e-18)
(1.00015 0.713726 -2.26904e-17)
(1.37225 0.255654 0)
(1.35671 -0.631005 -3.9895e-18)
(0.675872 0.456466 3.21939e-16)
(-0.486911 0.689611 -1.90816e-17)
(0.297571 -0.586078 1.63372e-16)
(-1.17937 -1.28478 0)
(0.50035 0.190023 -1.61678e-16)
(-0.900504 0.917797 0)
(-0.157871 0.76244 0)
(0.759281 -0.44134 -1.69581e-16)
(1.52327 0.556659 3.24391e-16)
(1.8511 0.891346 7.10206e-17)
(1.99611 -0.275656 0)
(2.14877 0.866087 -1.69316e-17)
(1.66471 0.529542 1.85944e-16)
(1.51392 0.37047 3.29117e-16)
(2.04276 0.819235 -6.27763e-17)
(-0.336344 -2.22988 3.35662e-17)
(-0.433205 -1.13868 -2.78935e-17)
(2.62973 0.633309 1.66718e-17)
(1.37978 -0.294362 1.65687e-16)
(0.437052 0.13923 1.39399e-16)
(1.38708 0.330714 -1.59933e-16)
(2.39925 -0.382159 0)
(1.16854 0.58721 -7.61195e-17)
(0.373257 -0.519923 2.59594e-17)
(0.621609 -0.367553 0)
(0.872236 -0.807972 3.88486e-17)
(1.43235 -1.10931 0)
(0.925659 0.176135 0)
(1.15974 -0.0540226 -3.54252e-16)
(0.369033 -0.572132 4.0206e-16)
(-0.681102 0.287834 0)
(-1.09484 0.588547 -2.71052e-16)
(2.21261 0.124363 7.22603e-17)
(1.06244 -1.51529 0)
(1.07733 -0.173066 -3.0795e-16)
(1.25489 -0.615607 1.5524e-16)
(0.930502 -0.54862 0)
(1.01576 0.571074 0)
(0.557864 1.34507 0)
(0.513936 0.280865 -1.68102e-16)
(0.0145095 0.619535 3.37588e-17)
(-0.772477 -0.110096 0)
(1.0499 -0.0594575 0)
(1.11168 0.841562 2.60324e-16)
(0.485649 0.442147 0)
(1.55535 -0.306769 -4.20716e-17)
(1.15666 0.177612 3.23595e-16)
(1.17296 0.974044 -3.95964e-17)
(0.748253 0.319295 4.90125e-17)
(-0.22631 -0.56749 -1.40113e-16)
(-0.212803 1.14966 -2.5405e-17)
(1.27914 0.437614 -8.20619e-17)
(-0.430781 -0.711029 3.22557e-16)
(0.949685 0.394315 1.31646e-18)
(0.149607 -0.377076 -1.74943e-16)
(-0.678688 -0.776604 0)
(1.21443 0.0421131 2.19943e-16)
(0.702142 0.738619 -1.37593e-16)
(0.880422 -0.875366 1.02414e-16)
(2.06524 -0.946537 1.81013e-16)
(1.14145 0.134184 1.95485e-16)
(1.79712 -0.173719 1.30209e-16)
(2.09188 -0.636735 -1.05338e-16)
(0.658879 0.47338 4.02236e-17)
(1.06278 0.105051 1.30812e-18)
(0.819377 -0.0156311 -4.07995e-16)
(0.572555 -0.0974133 -2.58718e-17)
(-0.285846 -0.0398677 -1.24891e-16)
(1.65013 -0.320602 0)
(-0.0825179 -0.577182 1.27855e-16)
(-0.940962 -0.200276 3.25962e-16)
(-0.00306621 0.696688 -2.11911e-17)
(-0.692871 1.35488 2.45381e-17)
(0.815921 -0.748554 6.44457e-17)
(0.948743 -1.17271 -5.01649e-18)
(1.30764 0.165464 -7.78134e-17)
(1.31401 0.158867 1.62703e-17)
(0.761515 0.501719 0)
(1.17507 -0.562511 -1.68627e-16)
(0.331348 0.830119 -1.35706e-17)
(1.87951 0.595243 0)
(1.08877 -0.386063 -2.10218e-19)
(1.22869 0.191042 0)
(1.32544 -0.767723 0)
(1.33306 -0.566202 0)
(2.03695 -0.845237 0)
(0.117851 0.783825 1.3952e-16)
(0.635022 -0.726857 0)
(0.68897 -0.384165 0)
(-1.23664 -1.99933 3.05977e-17)
(-0.589409 -0.581577 0)
(0.396621 0.226342 -1.42829e-16)
(-0.712687 0.442296 -7.45261e-17)
(0.219346 0.11191 0)
(-0.0249638 0.273812 0)
(-1.39923 0.247796 -2.10546e-16)
(0.504295 -1.06815 6.34612e-17)
(1.29167 -0.40665 -8.48089e-18)
(1.15896 0.0855889 -3.04349e-16)
(1.13675 -0.0968287 5.49738e-16)
(1.15959 0.456844 -2.77645e-17)
(0.0585022 -0.696928 -6.60789e-17)
(0.805282 0.120039 -3.7164e-16)
(0.673945 0.00575652 -2.33486e-16)
(-0.331501 0.854046 -6.54675e-17)
(0.853505 -0.185983 0)
(1.20417 0.666377 -2.20986e-16)
(0.20594 -0.0966602 -7.43846e-17)
(1.12699 -0.452394 2.58692e-16)
(-0.707393 1.08693 4.79645e-17)
(-0.932896 -0.903558 4.16448e-17)
(0.995351 -0.265163 6.5354e-16)
(1.00598 0.245268 3.1413e-16)
(1.18938 0.150409 0)
(2.45426 -0.556009 5.01123e-18)
(0.469648 0.34279 -2.9166e-16)
(0.477674 0.882472 -8.772e-17)
(-0.0190976 -0.216513 0)
(0.173006 -0.641893 1.59931e-16)
(0.827127 -0.245244 1.57036e-16)
(1.63268 0.675888 0)
(-0.742998 -0.61246 -1.55155e-16)
(0.567947 0.593005 0)
(0.138619 0.462177 -1.46889e-16)
(-0.228215 0.244967 0)
(0.629762 -1.04831 2.53642e-18)
(0.843798 -0.956111 -6.26598e-17)
(-0.445279 0.84653 1.19066e-16)
(1.20357 -0.665735 -4.45407e-17)
(1.59739 1.50202 -3.73592e-17)
(1.54885 0.392351 0)
(-0.902905 0.40161 -2.13451e-17)
(1.4997 -1.31964 2.28973e-18)
(1.15754 0.679796 -2.59025e-16)
(0.213258 0.495158 -3.03128e-16)
(-0.941909 -0.0155355 0)
(-0.749319 0.326883 -2.13226e-16)
(1.30935 -0.802064 5.99096e-17)
(1.063 0.279059 2.82034e-16)
(1.79395 -0.179943 0)
(-0.78675 0.321103 5.25173e-16)
(1.10452 -0.308375 3.88257e-16)
(1.32372 0.94105 0)
(1.14307 0.259839 4.977e-17)
(1.17803 0.172854 -8.22516e-17)
(0.759689 0.00412402 3.47663e-16)
(0.838441 0.143183 0)
(-0.66599 1.01473 1.00207e-16)
(-0.156755 -0.693985 -7.12212e-17)
(1.38761 -0.354498 6.88571e-18)
(2.42875 0.376124 1.53053e-16)
(0.328678 1.02518 0)
(0.738578 -0.215159 -7.72757e-17)
(0.825928 -0.614532 -8.6252e-17)
(0.950209 -0.0545198 1.18687e-16)
(1.39817 -0.130315 -3.89655e-16)
(0.751073 -0.227214 -2.43443e-16)
(-0.168854 -0.920746 9.09964e-17)
(0.83086 0.0340024 2.87805e-16)
(-0.177699 0.589805 0)
(0.108233 -0.416627 1.82458e-16)
(0.818012 -0.400361 -1.91067e-16)
(0.132594 0.316605 -3.80198e-16)
(-0.19744 -0.27256 0)
(0.930262 -0.914689 8.96312e-17)
(0.846825 0.364525 1.73601e-16)
(0.62572 0.585402 0)
(0.398613 0.152702 1.50889e-16)
(0.771791 1.32883 -1.46752e-16)
(1.05297 -1.1121 -1.24002e-16)
(0.400584 -1.62834 1.09258e-16)
(-0.544653 0.274111 0)
(1.77493 -0.0125705 7.41046e-17)
(1.28211 0.0909088 0)
(1.28522 -0.0880639 3.172e-16)
(1.51071 0.123065 -8.06699e-18)
(-0.0394179 0.227243 0)
(1.10809 -0.353465 -1.94787e-16)
(-1.55962 -0.51945 0)
(0.416469 0.197856 -1.82473e-16)
(0.791175 -0.58425 9.16522e-17)
(0.673439 -0.588062 4.35785e-16)
(0.873824 -0.567599 0)
(-0.296968 -0.205508 -2.29799e-17)
(0.39367 -0.0586958 2.24477e-16)
(-0.0620361 -0.91893 -1.35168e-16)
(-0.325802 -0.281736 -6.59866e-16)
(0.786512 0.396755 0)
(0.364597 -0.241858 -1.80033e-18)
(1.63395 0.892572 -1.29249e-16)
(1.60897 0.866302 2.51545e-16)
(0.419871 -0.0428996 -1.3892e-16)
(2.72797 0.17896 -3.33926e-18)
(0.208782 0.178861 4.30874e-17)
(0.342178 0.138139 -3.10478e-17)
(-0.913203 -0.500878 -3.19946e-17)
(0.529931 0.242521 1.1643e-16)
(0.262782 -0.508848 1.48651e-16)
(0.599336 0.824542 -9.78982e-17)
(2.66256 -0.563764 0)
(0.266863 0.239755 0)
(-0.3895 1.7224 0)
(0.195004 0.752736 -1.89655e-16)
(0.0530256 -0.710465 0)
(0.502225 -0.349503 5.36562e-16)
(1.62051 -0.329359 0)
(1.32291 -0.135801 1.72219e-16)
(2.56445 0.674125 0)
(2.28425 -0.623054 4.48811e-16)
(1.63063 0.364343 -2.19443e-17)
(0.328671 -0.657608 0)
(1.06881 -0.0200701 0)
(1.62216 1.78584 1.25311e-17)
(0.0643568 0.741508 0)
(1.44443 0.0241827 0)
(-0.256756 0.459866 -2.8387e-16)
(1.66235 -0.331663 -3.01182e-16)
(2.3456 0.403934 0)
(0.47965 0.236046 -8.61501e-17)
(1.2157 -0.0934949 -2.00151e-16)
(-0.717742 1.4571 -9.59969e-18)
(2.66636 0.624119 -8.68617e-17)
(-0.372304 0.268738 -8.16589e-17)
(1.02772 -0.131382 -3.34349e-16)
(0.928441 0.254934 8.40708e-17)
(1.17167 -0.0192455 -1.93888e-17)
(1.07903 0.840932 -2.72849e-17)
(1.80596 -0.0373083 -8.00168e-17)
(-0.417006 0.928917 2.40871e-18)
(0.478516 -0.0320526 -1.19101e-18)
(0.709294 0.129555 1.52895e-16)
(-1.14573 0.224715 0)
(-0.0367757 -0.340526 0)
(-0.0775904 2.38673 0)
(1.20872 -0.344578 -1.54981e-16)
(1.17196 0.0778425 1.57869e-16)
(1.10984 0.329232 7.78351e-18)
(1.56247 -0.654268 4.33788e-17)
(1.41615 -0.150123 0)
(-0.162571 -1.13247 -2.14231e-17)
(-0.891819 0.95908 -1.66132e-16)
(-0.131526 0.609867 3.50419e-16)
(-1.46554 1.00944 0)
(1.44446 0.265569 -8.54185e-17)
(1.21267 -0.392801 3.26282e-16)
(1.3416 0.071774 -3.42409e-16)
(1.46764 -0.408067 -6.09653e-17)
(1.0071 0.291243 4.99611e-17)
(0.921999 -0.00295413 5.19644e-16)
(-0.174581 -0.430588 1.68429e-16)
(0.882968 -0.012479 0)
(0.919093 -0.21001 1.8486e-17)
(1.04769 -0.622297 0)
(2.14926 -0.613255 1.75018e-16)
(0.577975 0.351272 -6.81941e-16)
(0.31394 0.676153 4.77232e-17)
(0.777753 -0.558998 9.33555e-18)
(2.85131 0.16306 -1.0274e-16)
(0.708938 1.52895 3.28122e-16)
(0.864967 1.45188 4.41712e-16)
(2.37528 0.144901 -3.9475e-16)
(0.275812 0.520079 0)
(1.96675 0.857008 1.8736e-16)
(0.701486 -0.765427 0)
(1.67321 0.403124 1.18126e-17)
(1.17117 -0.423193 0)
(1.33097 -1.01208 1.30646e-17)
(1.21141 0.120643 -1.58294e-16)
(0.980515 -0.203841 -2.59129e-19)
(0.320648 0.242957 -2.07306e-17)
(1.14897 -0.527273 0)
(0.881146 -1.01184 0)
(0.781375 0.127717 1.72168e-16)
(0.0197834 -0.357524 -3.71514e-16)
(1.00922 0.494385 -9.45906e-17)
(0.926105 -0.867974 0)
(1.21167 -0.62583 4.91281e-16)
(1.05443 0.878667 6.92046e-17)
(1.05775 -0.449646 7.40794e-17)
(1.71868 0.718798 0)
(0.1502 -2.17405 -3.88152e-16)
(0.360512 -2.24234 -5.21356e-16)
(-0.340667 0.443114 0)
(-0.455955 -0.38554 6.61484e-17)
(-0.143041 0.316203 -3.1797e-16)
(0.754056 0.0238139 -2.59139e-16)
(0.234085 0.520303 -1.12454e-16)
(2.82386 -0.526519 9.09907e-17)
(0.357374 -0.108537 0)
(1.76184 -0.2244 5.65814e-17)
(1.18738 -0.179081 3.19595e-16)
(1.22281 0.0844821 3.02068e-16)
(1.40335 0.182392 -3.16532e-18)
(0.50464 0.520046 2.72728e-16)
(0.248399 -0.29799 1.54249e-16)
(1.84283 -0.279881 -4.75871e-16)
(0.79943 0.00360955 5.62259e-16)
(0.656448 -0.150271 0)
(0.25305 0.708195 -1.56818e-16)
(1.98307 0.4678 0)
(0.444991 0.664164 0)
(1.5394 0.933692 -3.08056e-17)
(1.35804 0.525216 0)
(1.40636 0.0801993 3.35316e-16)
(2.71143 0.141417 0)
(1.39148 -0.0811978 0)
(2.8098 0.00491747 3.23177e-17)
(0.565587 -0.113948 -6.75173e-17)
(-0.931158 0.824748 0)
(0.78085 -0.254487 1.01101e-16)
(0.19469 0.374568 2.41552e-17)
(0.50369 0.0997059 -1.70002e-16)
(1.02566 -0.420789 -6.39282e-16)
(1.16166 -0.293022 0)
(1.98582 0.191631 2.02294e-16)
(0.431404 -0.294541 0)
(1.34 -0.462617 7.88299e-17)
(1.23399 0.448759 0)
(-0.233015 -0.0417421 -3.89475e-17)
(0.640028 0.0049374 0)
(0.176093 0.148688 0)
(0.306602 0.0105743 4.93318e-16)
(1.74986 -0.649273 -2.04127e-16)
(-1.36639 1.97684 -3.98386e-17)
(1.74765 -0.129379 1.31239e-16)
(0.00405949 -0.626564 0)
(-0.0519683 0.2845 1.62899e-16)
(2.72092 -0.315602 1.39564e-16)
(1.08347 0.166587 -3.41143e-18)
(1.27903 -0.325325 0)
(0.34717 0.124224 0)
(0.0102013 0.120916 1.51017e-17)
(0.472302 -0.240264 1.61755e-16)
(0.985029 0.245657 1.35626e-16)
(0.688901 -1.42232 -2.30805e-17)
(1.21264 -0.399518 -3.67762e-17)
(1.05019 -0.193498 3.66164e-16)
(1.34617 0.48742 0)
(0.356233 1.00392 0)
(0.79911 -0.00378403 1.42918e-16)
(1.49603 0.0140757 4.81525e-17)
(0.74919 0.419106 1.55508e-16)
(0.930373 0.305036 3.90456e-16)
(1.10601 0.165878 0)
(0.0121482 -0.775733 0)
(-0.0244065 -0.614517 2.29997e-16)
(1.26238 -0.433388 0)
(1.16731 0.347103 0)
(0.87135 -0.978118 -1.50567e-16)
(1.74776 0.16079 -1.54773e-16)
(0.522394 -0.21682 -3.45251e-16)
(0.557467 -0.148269 0)
(1.62135 0.192792 5.95594e-16)
(1.14504 -0.478804 -7.78637e-16)
(-0.387173 -0.841383 -1.30191e-16)
(2.22204 0.019388 -1.95599e-16)
(1.67414 0.512548 1.65685e-16)
(0.828433 0.259098 -1.72012e-16)
(0.493474 0.377865 -3.30969e-17)
(1.09011 0.154615 -9.81021e-18)
(0.683652 1.74099 -4.73511e-18)
(-0.742163 -0.0450353 0)
(0.348558 -0.359085 -1.14022e-16)
(1.64505 -0.16843 -5.70806e-17)
(1.1924 -0.170296 -1.78867e-16)
(1.18883 0.382709 0)
(1.17113 0.0194968 4.82306e-16)
(1.1242 -0.139265 0)
(1.2809 -0.0553926 0)
(1.47911 0.235633 2.52597e-18)
(-0.984387 0.185139 6.62477e-18)
(1.26076 0.142675 -3.4887e-16)
(0.204187 0.18958 3.10413e-16)
(1.07236 -0.103825 1.65868e-16)
(1.0524 0.614494 7.46368e-18)
(1.7802 0.00441671 1.6035e-16)
(1.41357 0.559291 2.6343e-17)
(0.918439 2.391 -4.1027e-17)
(0.930129 -0.695483 -9.83757e-17)
(0.428762 -0.156634 -2.98045e-16)
(-1.02389 -0.467999 4.12919e-17)
(0.975516 -0.103369 0)
(1.59501 -0.31069 -1.99401e-17)
(1.10175 0.082718 1.98081e-16)
(0.912743 -0.371665 -1.48087e-16)
(-0.0112695 0.591364 4.74584e-17)
(-0.600508 -0.316743 0)
(-0.324668 -0.166516 -8.3623e-17)
(2.15253 0.407558 0)
(3.30381 1.00972 0)
(-0.241984 0.384475 8.02019e-17)
(0.140856 0.0785648 -1.18162e-16)
(2.13482 0.857053 -1.2256e-17)
(0.888403 -0.00079263 0)
(1.41339 -1.77515 7.47819e-18)
(1.98627 -0.699088 1.42838e-16)
(1.67084 0.416256 -1.41763e-16)
(1.02841 0.646532 3.41164e-17)
(0.109155 0.482662 -3.61442e-17)
(-0.0261746 -0.784857 5.4967e-17)
(0.426117 -0.0948832 2.52711e-16)
(1.01234 0.421863 -1.13497e-16)
(0.44499 -0.124039 1.88518e-17)
(0.579591 0.264506 0)
(-0.302695 -0.132416 0)
(0.62149 -0.0456363 0)
(-0.648584 -0.120987 5.99959e-16)
(-2.40716 0.499397 -5.99858e-19)
(-2.13457 -0.601029 1.91175e-16)
(-1.09471 0.126757 -1.59334e-16)
(0.234468 0.721224 0)
(1.83233 -0.280608 2.34352e-16)
(-1.3249 -0.649239 0)
(1.25736 -0.177978 0)
(1.47469 -0.305884 0)
(0.382829 -0.413728 -8.12734e-17)
(1.5381 -0.933274 1.57668e-16)
(0.238686 -0.681186 9.42493e-17)
(3.50293 1.38607 0)
(1.50505 -0.0179634 -2.5091e-16)
(1.04717 -0.494102 -3.81604e-17)
(0.128825 -1.12441 -2.42018e-16)
(1.46378 -0.398242 -6.32254e-17)
(2.08149 0.193435 -1.1068e-16)
(2.74842 1.07303 0)
(1.81093 -0.705478 4.95605e-17)
(0.638996 -0.316069 0)
(0.602293 0.346978 -3.19439e-16)
(0.752602 0.3399 0)
(0.91075 0.644727 -3.66343e-16)
(0.217888 -0.115277 -4.73721e-17)
(-0.312543 1.38278 0)
(0.271923 0.556458 1.14696e-16)
(2.21208 1.23462 4.30341e-16)
(1.21584 -0.0290028 0)
(1.69971 0.0440769 1.30147e-18)
(1.20255 0.0431625 3.07835e-16)
(0.817081 0.311926 0)
(1.46513 -0.819636 1.82378e-17)
(1.27453 0.0434062 -1.92663e-16)
(1.12622 -1.47161 -1.27849e-16)
(1.24168 0.837889 -1.51427e-17)
(1.3385 -0.0953274 1.82845e-16)
(1.52916 -0.353902 2.84553e-16)
(1.25253 -0.384555 -3.12031e-16)
(1.92564 -0.149529 3.1853e-17)
(-0.845411 -0.355913 1.65319e-16)
(2.36773 -0.417871 0)
(0.636237 -0.895427 0)
(0.433029 -0.266991 8.2821e-17)
(0.560736 -0.915173 -4.14908e-17)
(0.554103 0.282943 0)
(0.723376 1.5969 3.97553e-17)
(1.05848 0.213577 -2.53442e-17)
(0.2704 -0.605818 5.26962e-17)
(0.720043 -0.0455992 0)
(2.30866 -0.501233 5.22039e-17)
(0.54878 -0.378307 -2.46462e-16)
(1.01016 0.0562424 -4.18418e-17)
(1.04303 -0.277794 0)
(1.02302 -0.00445646 0)
(0.794298 0.487865 5.15101e-18)
(0.0493532 -0.446654 1.61009e-16)
(0.656504 0.0356374 2.34219e-17)
(0.603628 -0.0232242 -1.79234e-16)
(-0.334327 -0.233402 -5.57902e-17)
(-0.885662 0.683646 8.79809e-17)
(1.29311 0.273789 7.44968e-17)
(0.785333 -0.550913 -9.51968e-17)
(1.93258 0.0668551 0)
(2.64572 0.413123 1.78791e-17)
(-1.9973 -0.280162 2.49256e-17)
(-1.16783 -0.372169 1.78331e-16)
(0.799641 -0.127342 1.29302e-17)
(0.552431 -0.0648205 -2.64281e-16)
(0.596258 0.144471 4.47825e-17)
(-0.694903 0.506093 0)
(0.549987 0.517143 -2.64263e-17)
(0.87656 1.98492 -6.72141e-17)
(0.842478 0.394893 0)
(0.126903 -0.505883 1.00105e-16)
(1.64793 -0.499115 -2.7918e-16)
(1.40306 0.70016 3.38599e-17)
(2.04183 -0.37833 7.33002e-17)
(1.35349 0.0160496 -2.39199e-16)
(0.110134 0.123166 -1.9581e-17)
(1.23266 0.391994 0)
(1.02748 0.0147271 0)
(0.412443 -2.00506 -2.94478e-17)
(0.258406 -0.603892 0)
(-0.817538 0.971211 0)
(0.940607 -0.322888 0)
(0.52753 -1.15671 3.33015e-17)
(1.23863 -0.319289 -3.28193e-16)
(-0.142323 0.382783 -9.40291e-18)
(1.57844 -0.869183 0)
(1.64428 -0.113529 0)
(0.805149 0.0962985 0)
(-0.739442 0.37577 -1.28037e-17)
(0.885053 -0.00491543 3.4227e-16)
(-1.00867 0.0723751 0)
(0.476588 -0.0654863 -7.83488e-17)
(-1.21809 0.147286 -1.84261e-16)
(-1.17261 0.431275 1.987e-16)
(0.207804 -0.658977 3.53629e-17)
(0.687387 -0.139824 0)
(-1.26905 0.294237 0)
(0.602371 -0.989558 -1.07426e-17)
(0.688323 -0.174816 2.99616e-16)
(1.88374 0.72876 2.08655e-16)
(1.7806 -0.375999 2.49577e-16)
(1.36725 -0.42824 -1.63482e-16)
(0.571857 -0.411199 0)
(-2.36419 -0.680208 0)
(0.854407 0.0303806 0)
(0.772933 -0.0223148 8.63802e-19)
(-2.78367 0.937908 -5.02629e-17)
(-0.447555 1.69419 0)
(0.137955 -1.17694 3.14129e-16)
(0.631639 -1.05729 -1.14476e-16)
(0.915185 0.604903 0)
(1.17521 -0.622669 -3.5401e-16)
(0.998803 1.01527 1.59527e-16)
(-0.534762 -1.61243 -9.18057e-17)
(0.950415 0.349939 -7.32921e-17)
(0.825823 -0.571456 -3.04456e-17)
(1.22682 -0.0245418 8.48025e-17)
(1.50203 -0.170431 -1.72372e-17)
(0.921345 1.14402 0)
(0.860954 -1.11936 -3.20959e-17)
(1.02664 -0.0154496 -3.45171e-16)
(0.968435 -0.0422647 0)
(1.29292 -0.180761 0)
(0.909628 0.461924 1.46401e-16)
(0.765949 -0.768082 1.39856e-17)
(1.5602 -0.740487 0)
(1.01005 -0.460512 7.72501e-17)
(0.889233 0.803213 -1.83836e-17)
(2.79384 -0.847431 0)
(-0.303784 -0.275186 0)
(0.540646 0.0737503 -1.75719e-16)
(-0.276735 0.294093 1.3505e-16)
(0.501683 -0.0909336 0)
(2.01636 0.418901 9.63082e-17)
(2.44835 -0.452741 3.99803e-17)
(0.050354 -0.187869 1.13983e-16)
(1.40794 -0.80421 -1.54469e-16)
(0.414195 0.871674 -2.08425e-16)
(1.60804 -1.65166 0)
(2.48928 0.905829 0)
(1.91518 -1.45335 1.58257e-16)
(1.14838 -0.892452 1.60054e-16)
(1.51445 1.70329 0)
(1.42844 -1.13298 -2.8655e-16)
(0.541264 -0.665123 1.71246e-17)
(1.19307 -0.0738776 4.33836e-16)
(0.528307 0.505657 5.11338e-18)
(1.17667 0.0243713 0)
(0.968401 0.308089 -1.35614e-16)
(0.350932 -0.685757 -2.80522e-17)
(-2.33766 -0.0319955 3.80588e-17)
(0.398001 0.354072 0)
(1.13445 -0.0645327 3.74174e-16)
(1.01172 0.307199 -1.26089e-18)
(1.93134 -0.0663489 -4.3626e-17)
(1.24721 -0.108577 -2.32809e-16)
(-0.325599 0.333992 2.12633e-16)
(2.13784 -0.384402 4.20578e-17)
(1.69375 -0.108356 0)
(-1.7384 -1.58471 -4.7683e-17)
(1.60648 -0.17784 -2.76651e-16)
(-0.182493 0.134381 -2.14965e-16)
(-0.24084 -0.968613 4.34307e-16)
(1.52541 -1.39754 2.92163e-16)
(0.760454 0.259201 0)
(0.471104 0.225873 6.82071e-17)
(1.99463 -0.652532 3.38159e-18)
(0.35288 -0.564733 -2.61948e-16)
(1.19024 0.037603 -4.1227e-17)
(2.71067 0.81148 0)
(0.125679 -1.03607 0)
(1.43215 0.444374 0)
(0.0286561 -1.29515 4.15316e-17)
(0.308443 0.668786 0)
(0.242444 -1.21588 4.28365e-16)
(0.110107 0.697006 -2.96782e-16)
(1.19628 0.334684 1.20722e-16)
(0.982301 0.128 1.71116e-16)
(1.20441 0.393498 -1.25711e-17)
(2.31652 0.900908 1.84632e-16)
(2.14547 0.432789 -1.92581e-16)
(1.9782 -1.09054 1.35176e-18)
(1.13955 -0.0211137 -8.27825e-17)
(1.54458 -0.0280671 3.85692e-17)
(0.784128 -0.186092 0)
(-0.319612 0.622403 0)
(1.226 -0.250325 3.16094e-16)
(1.49875 -0.833839 0)
(0.165978 -1.10883 0)
(0.505636 -1.81641 -2.26318e-17)
(1.42632 0.368441 0)
(0.943316 -1.34262 -4.96937e-17)
(1.04749 -0.603311 -2.53012e-16)
(-0.0375748 0.0596358 2.35314e-16)
(0.690349 -0.728719 0)
(0.829447 -0.2935 1.75167e-18)
(0.868156 -0.713473 5.49429e-17)
(1.03774 -0.356222 -8.82754e-17)
(-0.237214 -0.681571 -4.59227e-16)
(-0.0754128 -0.43575 0)
(0.804305 -0.184371 -3.50346e-16)
(0.290597 1.96855 -5.0749e-16)
(0.179372 2.07015 0)
(1.67101 0.401216 -7.55103e-17)
(1.29972 -0.241887 0)
(-0.482818 -1.03004 -9.73171e-17)
(0.793816 0.520367 0)
(-1.39902 -0.215184 4.36711e-19)
(0.165428 0.578654 1.8182e-16)
(-0.679004 0.615833 -5.03648e-17)
(1.88989 -0.695251 0)
(1.45871 -0.289483 8.91647e-17)
(1.84351 -0.271394 -1.62455e-16)
(1.89355 0.445938 0)
(0.121167 -1.55128 -1.04051e-18)
(1.88508 -0.275583 -2.30836e-18)
(0.134527 0.143708 0)
(1.26584 -0.336091 0)
(0.0137063 0.881644 -3.05594e-16)
(0.288903 -0.120173 0)
(0.912915 -0.194738 0)
(1.44835 0.203119 0)
(2.98729 -0.0318653 -9.46625e-17)
(0.868686 -0.0254175 -1.48066e-16)
(0.385485 -1.18962 9.51647e-18)
(1.24476 0.95852 -4.45976e-17)
(0.147468 0.502772 0)
(-0.282508 -0.598155 -7.57249e-17)
(0.695501 0.661087 0)
(0.692409 -0.0793613 -3.5423e-16)
(0.467089 0.216117 0)
(1.10863 0.833932 0)
(1.16399 -0.853035 0)
(0.942668 -0.0701776 -2.06973e-16)
(0.943024 0.045714 -2.81468e-16)
(1.75847 0.336981 0)
(-1.09529 0.102132 6.42111e-17)
(0.378073 -0.727124 1.01014e-16)
(0.597822 -0.102966 2.60011e-16)
(-0.112678 -0.108486 -2.1773e-17)
(0.0999495 0.33701 0)
(1.9488 0.133104 0)
(2.41644 -0.172802 6.35473e-17)
(0.424358 0.392891 1.89269e-16)
(1.4108 0.279064 8.22392e-17)
(1.07293 0.253451 -3.42197e-16)
(1.09746 0.84427 1.673e-16)
(1.70071 -0.464075 0)
(1.10556 0.7078 -1.38712e-19)
(1.81522 -0.691589 -1.68767e-16)
(1.21919 0.520061 -3.96311e-16)
(-0.415585 0.540499 -1.37555e-16)
(0.077657 -0.069276 0)
(0.551491 -1.3893 -6.71048e-17)
(0.693974 -1.27176 0)
(0.865326 -0.210492 9.08268e-17)
(1.14592 0.772099 -6.12195e-17)
(1.06777 -0.654894 3.63423e-17)
(0.42823 -1.67704 -1.34363e-16)
(1.00588 0.110042 3.24732e-17)
(0.217714 -0.071249 4.71505e-17)
(1.63832 0.202365 0)
(1.20318 0.255298 2.45823e-16)
(0.978798 -1.47414 0)
(0.25356 0.255052 5.13191e-16)
(0.136515 -0.360576 -1.70135e-16)
(0.332555 -0.422189 0)
(1.30441 0.0188996 0)
(-0.875908 0.829962 2.23698e-16)
(0.490994 -0.330441 -1.73695e-16)
(1.30233 0.295119 7.19363e-17)
(0.0472357 -0.305798 6.55087e-16)
(1.24049 -0.0108543 0)
(0.967427 1.32926 0)
(1.72147 0.089287 0)
(1.9287 -1.05594 -9.75299e-17)
(0.313879 0.243551 3.44761e-17)
(-0.0552903 -1.29257 -2.81201e-18)
(0.0924783 0.95355 1.3412e-16)
(0.683445 0.183799 0)
(0.11285 -1.19792 0)
(1.01744 0.533575 -9.15549e-17)
(1.02524 -0.205891 4.90407e-17)
(0.167165 2.1748 9.16958e-17)
(0.12166 0.844914 0)
(0.839274 -0.47558 -8.94661e-17)
(0.608378 -1.82333 -5.86193e-17)
(0.875259 0.349205 -1.16819e-16)
(0.0374123 0.899177 0)
(0.723571 -0.41828 1.81725e-16)
(0.798903 0.293097 -1.70109e-16)
(-0.233351 -0.956562 3.11928e-17)
(0.471562 0.692315 3.90182e-17)
(0.384695 -0.232893 0)
(0.870772 -0.0510392 0)
(1.00918 -0.0950295 3.1851e-17)
(0.496768 0.0684821 2.31181e-16)
(1.17324 -0.922878 2.32389e-18)
(0.810511 -0.157597 1.10257e-17)
(0.36843 -0.191262 -1.15657e-16)
(1.53212 0.335951 0)
(1.46133 -0.461257 -1.4563e-16)
(1.37189 -0.0501141 -1.30324e-18)
(1.25814 0.552422 0)
(1.84228 1.39273 -4.81828e-17)
(0.616195 -0.988858 -2.2403e-16)
(0.665911 -0.60338 2.0621e-16)
(1.50814 -0.14323 1.92527e-16)
(2.29734 -0.0833146 0)
(2.3714 0.0409299 0)
(1.94061 -0.143116 -9.67633e-17)
(-1.4671 0.106734 0)
(-1.08662 -0.411938 -1.22587e-16)
(0.320599 -0.336864 0)
(0.712775 -0.0048512 0)
(-0.251523 0.0729205 -3.41693e-16)
(-0.252859 0.605645 -2.58563e-17)
(0.263664 0.230154 1.71893e-16)
(1.2853 0.811854 -2.30506e-16)
(1.24839 0.471713 -7.09894e-17)
(-0.847063 -0.207755 1.56616e-16)
(-1.33547 -0.290637 -1.39957e-16)
(1.66245 -0.119593 1.15146e-16)
(1.439 -0.047931 1.18337e-16)
(-0.826719 -0.266832 -5.93404e-16)
(-1.36538 0.367331 -3.56254e-17)
(-0.836632 0.926807 5.61781e-16)
(0.88526 0.695279 9.91635e-18)
(0.351236 -0.243771 9.35138e-17)
(1.70592 1.1969 0)
(1.15406 0.64411 0)
(-0.184364 -1.48814 1.68495e-16)
(0.118613 -1.88455 -4.70352e-17)
(0.225279 0.403633 0)
(0.491932 -1.14727 2.55446e-16)
(1.41876 -0.202496 -8.24679e-17)
(1.56065 0.375663 1.97753e-17)
(1.29506 0.222054 0)
(1.47555 -0.405943 -1.50335e-17)
(0.968218 1.15025 -9.72647e-17)
(1.75625 -0.0197718 1.62501e-18)
(-0.59272 -0.109012 -2.59076e-16)
(0.385323 0.938349 -2.11993e-16)
(1.35467 1.0143 0)
(0.695645 -0.561866 -6.26884e-19)
(0.179585 0.104986 -1.47615e-16)
(0.937533 0.00820364 -1.94796e-16)
(-0.427112 1.12213 -9.10061e-17)
(1.49074 0.765815 -2.55615e-16)
(0.297815 -0.597158 3.09116e-16)
(2.25856 -0.523777 6.96269e-18)
(0.0966688 -0.373555 -1.89224e-16)
(-0.031868 0.267209 3.77372e-17)
(0.784296 0.0508241 1.97981e-16)
(0.955863 -0.0124374 -4.89548e-17)
(0.369311 -0.189354 1.36634e-16)
(0.465978 -0.0156925 1.22337e-16)
(0.773368 0.153293 0)
(1.5928 0.347359 0)
(0.252219 0.867612 5.15712e-17)
(0.794078 0.454266 0)
(-0.385044 -0.453885 -3.13975e-16)
(1.11979 -0.0122838 1.90627e-16)
(3.13668 0.166644 -4.89714e-17)
(0.914503 0.548625 -1.6678e-16)
(0.871347 -0.798725 -6.41295e-17)
(0.917643 0.80851 0)
(1.08419 -0.630258 0)
(1.82743 0.018919 0)
(0.934619 0.0688308 0)
(2.52178 0.805527 -2.09159e-18)
(0.127362 -0.134369 0)
(-0.438079 0.325181 -8.7139e-17)
(-0.151707 0.329327 3.93825e-17)
(-0.0921891 0.359886 -1.72997e-16)
(1.32295 0.630186 0)
(0.968906 -0.0391806 2.53375e-16)
(0.97069 -0.172905 0)
(1.75485 -0.911412 -5.49109e-17)
(-0.801607 0.691487 -3.12522e-17)
(2.02152 -0.663123 -1.33943e-17)
(1.06063 -0.172862 8.29228e-17)
(1.31606 -0.428478 7.85814e-17)
(1.36724 0.459909 5.63967e-17)
(-0.51233 -2.46188 -6.85893e-17)
(2.19901 0.311411 0)
(-0.224631 0.459427 0)
(-1.25093 -0.604614 3.03788e-17)
(2.14817 0.484771 0)
(1.70731 -0.364664 -1.57393e-16)
(3.04348 1.00313 3.46297e-17)
(0.653809 -0.817469 -2.32265e-17)
(1.57144 0.377567 2.02791e-17)
(1.41224 -0.493832 1.93178e-17)
(0.298134 -0.471343 -9.74648e-17)
(1.20782 0.505713 -1.50617e-16)
(-1.00431 0.112781 -1.22593e-16)
(2.3083 0.520486 4.87204e-17)
(0.377535 0.0990485 -2.67613e-16)
(-0.285666 -0.0849698 0)
(1.91006 -0.525902 -9.83625e-17)
(0.340175 -1.29654 1.35331e-17)
(0.469953 0.541257 2.47412e-16)
(-1.84713 2.03189 -4.33072e-16)
(-0.111767 0.902286 0)
(2.25206 -1.45099 -3.2878e-16)
(-0.213891 0.634081 0)
(-0.899937 -0.0390169 -3.06502e-16)
(-0.868006 0.0223763 9.92388e-17)
(-0.229359 -0.00132804 0)
(-0.136624 0.196233 1.05368e-16)
(0.533712 -0.561129 -3.66456e-17)
(0.32527 -0.074363 0)
(-0.197187 -0.361766 0)
(-0.117422 1.11293 -2.36927e-16)
(-0.807219 -1.00827 -2.37749e-17)
(1.94471 -0.241846 9.22699e-17)
(0.862639 -0.57523 -3.70982e-16)
(-2.0158 -0.483635 0)
(1.05307 -0.440344 -1.72476e-16)
(-0.260003 0.506484 0)
(0.932985 -0.74909 9.3338e-17)
(0.742618 0.438991 -6.4473e-18)
(1.80448 0.277319 -2.20197e-16)
(1.607 -0.826685 1.89302e-16)
(1.34528 -0.623639 6.44391e-17)
(-0.565982 -0.488064 0)
(-0.0342901 -0.622495 0)
(1.2574 -0.423633 1.35949e-16)
(-0.29012 -0.434924 -2.99817e-16)
(0.263569 -0.117872 1.22957e-16)
(0.314503 -0.81391 1.77904e-16)
(0.812657 0.0605698 0)
(1.13898 0.359469 0)
(0.314716 -0.0883362 1.47889e-16)
(1.0026 0.291951 -1.36016e-16)
(0.781811 -1.48304 0)
(0.741689 0.208543 -3.68941e-17)
(1.20276 -0.52538 0)
(0.952513 0.0162534 -1.4865e-16)
(1.62754 0.714179 -4.81943e-17)
(1.26888 0.23259 8.37388e-17)
(1.32436 0.924929 -9.13859e-17)
(-0.982781 0.106185 0)
(1.5428 -0.0137736 -7.89428e-17)
(1.5531 -0.115266 0)
(1.25878 0.26357 -8.83662e-17)
(0.30438 -0.809297 1.21199e-16)
(-0.690527 -0.910521 1.55449e-16)
(2.08417 1.08866 9.35623e-17)
(0.847714 -0.0381888 2.42185e-17)
(0.351432 -0.539109 -1.40378e-17)
(1.00032 -0.14417 4.17773e-17)
(0.171987 0.619282 -6.82298e-17)
(0.873258 -0.0263828 0)
(1.94316 0.599192 1.19623e-16)
(3.63274 1.42877 0)
(1.6568 -0.26325 -5.03885e-17)
(0.33016 -0.291047 1.56196e-16)
(1.31019 -1.12253 0)
(-0.506478 -0.0333063 0)
(1.53205 0.862173 1.18534e-16)
(0.591168 -0.436125 0)
(1.44068 -0.339055 -1.16136e-16)
(-0.950938 -0.586594 1.43091e-16)
(1.77561 0.0489964 0)
(1.2537 -0.238696 1.2814e-16)
(0.235319 -0.169113 -2.85055e-16)
(0.855886 -0.170647 -4.03189e-16)
(-0.0209804 0.43461 -1.60199e-16)
(0.0150133 0.36078 0)
(0.987364 0.0675095 2.17962e-16)
(0.866042 -1.38249 2.15906e-16)
(-0.197221 -1.027 2.04176e-16)
(2.17718 0.55719 -6.31965e-19)
(-0.290972 0.437195 -1.93178e-16)
(0.799452 0.494982 1.41886e-16)
(1.15304 -1.06867 0)
(1.28865 0.699099 0)
(2.47406 0.590648 6.10772e-17)
(1.98626 -1.28817 4.7579e-18)
(1.21412 0.715475 -4.05457e-16)
(-0.457864 -0.530142 -6.75424e-17)
(1.92517 -1.44028 -1.88576e-16)
(0.968925 -0.819101 -2.39441e-17)
(1.65021 -0.481035 1.85743e-16)
(2.05165 -0.781025 -1.87315e-16)
(2.01454 0.537427 1.66758e-16)
(-0.0796199 -0.69438 4.127e-16)
(0.785521 -1.40513 6.3294e-17)
(1.54117 -0.405735 2.45547e-16)
(1.27553 -0.660857 1.87547e-16)
(0.0914055 0.624506 0)
(0.494705 0.0282574 -4.87534e-17)
(1.1009 -0.175437 2.74937e-17)
(1.05292 0.053304 3.18565e-16)
(1.16944 -0.261757 0)
(1.25889 0.00773256 7.9734e-17)
(-0.0800753 -0.259653 1.71152e-16)
(1.39003 -0.324032 8.15033e-17)
(0.471813 -0.680501 0)
(0.116175 -0.0165729 1.99639e-16)
(0.395465 0.665934 0)
(0.524187 -0.451789 3.32283e-16)
(1.0674 -0.15493 -4.51878e-17)
(1.26184 -0.067209 -2.64266e-16)
(2.24263 0.249517 2.05596e-17)
(0.518178 -1.25047 0)
(0.768751 -1.03944 -2.00094e-16)
(0.145073 1.5076 6.51237e-17)
(0.713646 0.432743 0)
(1.61512 -0.151824 0)
(0.681961 -0.229005 -4.05139e-16)
(0.0702038 -1.13775 4.49374e-17)
(0.775757 -0.00161145 0)
(-0.289409 -0.482619 0)
(1.05983 0.273129 -4.04988e-16)
(0.997946 0.520767 0)
(0.333092 1.19742 0)
(0.697231 0.8488 1.58302e-16)
(0.219443 0.788819 -7.85354e-17)
(1.33286 -0.126933 2.51856e-16)
(1.91079 -0.802256 -3.33192e-17)
(2.74529 0.38267 2.19123e-16)
(0.0125166 0.9144 -5.65221e-17)
(2.2836 -0.568911 0)
(3.22567e-05 0.643426 3.11103e-16)
(-0.423782 0.431108 0)
(2.74395 -0.00400653 9.62271e-17)
(0.131601 -0.764239 0)
(0.988463 -0.202112 0)
(0.773744 0.0117889 -5.16375e-17)
(1.53485 -1.01547 -1.53894e-16)
(1.35013 0.192866 2.49762e-16)
(0.847976 -0.895876 0)
(1.94589 -0.274679 -2.55067e-16)
(2.13255 0.828315 -1.83823e-16)
(-0.826757 -0.0626102 6.21312e-17)
(1.1403 0.399826 1.74558e-16)
(2.2407 0.297044 4.44036e-17)
(2.24479 -0.284527 6.69801e-17)
(0.969877 0.726986 2.48384e-18)
(1.58758 0.147947 8.28116e-17)
(2.07776 -0.18134 -7.36403e-17)
(1.42778 0.286571 7.65206e-17)
(-0.466488 0.743 -2.74545e-16)
(1.9409 0.235199 8.31344e-17)
(1.29159 0.11311 -6.97048e-17)
(1.10618 -0.128988 0)
(-0.382478 0.338949 2.87226e-18)
(1.62639 0.533226 1.28731e-16)
(1.78913 -0.24502 -1.86199e-16)
(-0.11221 -0.557852 -9.41333e-17)
(1.55286 -0.5014 0)
(0.504314 -0.106562 -8.46298e-17)
(0.175095 0.0026967 0)
(0.145889 -1.56168 -1.38402e-17)
(1.72213 -0.528433 5.22133e-17)
(1.27163 -0.181743 0)
(1.77839 0.101996 2.90548e-16)
(1.24057 -0.200347 0)
(0.593244 0.151774 0)
(0.761782 -0.199734 1.07819e-16)
(1.02287 0.0139822 -8.41477e-17)
(1.47647 -0.327229 -2.15878e-16)
(-0.505705 0.223925 -1.89647e-16)
(0.886065 0.611816 5.90544e-17)
(0.589804 -0.473824 3.99727e-16)
(0.760676 -0.40942 -2.20925e-16)
(0.50089 0.367263 0)
(0.733605 -0.0279853 0)
(1.21735 -0.382913 0)
(1.33139 -1.29364 -2.62158e-16)
(-0.155946 0.928667 -1.02556e-16)
(0.614963 -0.0371706 0)
(1.62815 -0.747456 1.16524e-16)
(0.715434 0.319017 3.78452e-16)
(0.628146 0.964688 2.17089e-17)
(2.76577 -1.37191 0)
(1.20327 0.295198 0)
(1.20986 -0.320468 -3.40805e-16)
(2.62779 1.40438 0)
(1.258 -0.352365 -2.48789e-18)
(0.402617 0.227532 -1.13213e-16)
(1.04201 -0.535227 -1.08564e-16)
(2.01578 0.724403 1.34671e-16)
(-0.395031 1.0892 -7.2882e-17)
(-0.151071 -0.505576 6.57202e-18)
(0.566248 -0.148963 4.61409e-17)
(0.408572 0.0794724 3.24173e-16)
(1.12705 0.0932732 0)
(0.396114 -0.4653 0)
(0.928536 0.0195807 -2.67246e-16)
(0.807354 -0.102566 5.5494e-16)
(-1.07721 -0.1838 0)
(0.723893 -0.450134 1.72737e-16)
(1.599 0.180344 -1.03109e-16)
(-0.364866 -0.217387 3.64291e-16)
(-1.29126 0.421049 -5.89126e-17)
(2.18771 -0.122494 4.29747e-18)
(1.17856 -0.128937 0)
(0.652069 -0.320794 1.76756e-16)
(0.747021 -0.248793 -1.18052e-17)
(1.70302 -0.59081 9.82472e-17)
(0.304329 -0.535836 -5.29744e-17)
(1.0421 -0.120217 1.85869e-16)
(-1.02148 0.131235 -3.52451e-16)
(1.8826 0.228468 0)
(1.11965 0.100687 2.29953e-16)
(-0.0106932 0.00314528 0)
(0.727163 -1.84539 0)
(0.873304 -1.41995 -6.30881e-17)
(1.08248 -0.369183 4.08651e-17)
(1.77784 -0.292204 -1.96607e-16)
(1.17241 0.254798 3.52395e-17)
(2.31607 -0.553836 0)
(1.12524 0.157975 -1.90482e-16)
(0.772641 0.000178152 1.13268e-16)
(0.685041 -0.105491 -2.86165e-17)
(1.22129 -0.668358 1.06823e-16)
(0.412148 0.336179 6.60017e-16)
(1.20606 0.0335977 1.65987e-16)
(0.368461 0.0769874 0)
(2.70616 0.0641297 8.95632e-17)
(0.386329 0.481979 0)
(0.73522 -0.372379 0)
(0.807229 0.350314 -6.00322e-16)
(0.469164 -0.498978 0)
(0.430927 0.471762 0)
(-1.58052 -1.13455 -7.86442e-17)
(-0.696647 0.763273 1.70873e-16)
(-1.63995 1.15115 0)
(-0.542205 -1.03101 -1.7677e-16)
(1.58305 0.288438 -2.35236e-16)
(0.351614 -0.731367 -9.42986e-17)
(1.09829 1.02276 -1.71113e-16)
(1.00972 0.678651 0)
(1.64799 -0.147873 0)
(-0.0292709 0.296425 -2.466e-17)
(0.991674 -1.15082 5.8371e-17)
(0.289686 -1.32987 6.37149e-17)
(1.13158 -0.221151 1.9289e-16)
(0.98824 -0.579349 3.40895e-17)
(0.529165 1.27941 -7.57567e-17)
(2.17345 -0.508492 -7.05328e-17)
(2.08123 0.639907 0)
(1.7752 -0.361084 1.52389e-16)
(-0.630016 -0.503975 2.97139e-16)
(2.54779 0.888432 -6.18599e-17)
(0.768452 -0.35233 0)
(0.692207 -0.440586 2.16428e-16)
(-0.363828 1.52073 -2.65551e-17)
(1.96141 -0.304888 -1.91737e-18)
(1.21557 0.494684 0)
(1.37446 0.908236 7.37763e-17)
(2.4767 -0.624618 -3.19299e-18)
(1.94101 -0.126239 1.14834e-16)
(2.37571 0.350827 1.46719e-16)
(1.26453 0.434041 -3.2665e-16)
(1.532 -0.198079 0)
(1.37096 -0.610697 -1.13808e-16)
(1.46041 0.00987404 1.11969e-16)
(1.08081 0.27532 0)
(2.04026 0.354193 8.03977e-17)
(0.493921 -0.089458 -1.73263e-16)
(1.24638 -0.194202 3.55432e-16)
(1.05314 -0.0703252 -1.65706e-16)
(1.3196 0.815309 6.82382e-19)
(1.54574 -0.181855 8.57387e-17)
(0.4039 0.18023 0)
(-0.330567 0.216878 2.17499e-16)
(0.228928 -1.56623 2.02846e-16)
(2.37432 0.464126 -8.17876e-20)
(0.57081 0.554789 0)
(-0.593785 0.17558 0)
(2.1173 0.117403 0)
(2.10179 -0.421808 0)
(0.395122 -0.0587048 0)
(1.06626 -0.365446 -5.91338e-17)
(0.502684 0.326348 8.13495e-17)
(2.09846 0.0681222 -1.50879e-16)
(2.51207 1.04847 0)
(1.97277 0.774474 3.18729e-16)
(0.522219 -1.41343 1.09529e-17)
(-0.483764 -0.312539 -3.48053e-17)
(0.515136 -0.177131 1.72642e-16)
(0.0304441 -0.622349 1.74691e-16)
(0.13274 -1.44445 0)
(-0.0671417 0.227712 -1.40562e-16)
(-0.111145 0.402033 0)
(1.07953 -0.298588 0)
(1.67291 -0.506393 -2.21144e-18)
(-0.291228 -0.131972 1.35583e-16)
(-0.438123 -0.383293 0)
(0.321582 1.13341 0)
(0.692273 0.534103 1.04356e-17)
(1.25231 0.521135 0)
(2.14463 0.126684 1.25643e-17)
(1.20021 -0.304328 -1.55378e-16)
(-0.229834 -0.180378 0)
(1.14302 0.0253956 -1.57697e-16)
(1.99572 0.505391 -1.11777e-17)
(0.45474 -0.753624 -3.39746e-17)
(0.848727 0.220045 -3.75205e-16)
(1.10343 -0.0198483 -2.01028e-17)
(-0.23248 -0.21086 1.83941e-16)
(-0.360946 0.546687 3.21206e-18)
(-1.30323 0.640603 -5.08963e-17)
(2.34504 0.55557 -6.2742e-17)
(1.0098 -0.0568097 4.55714e-16)
(0.90601 -0.176639 -1.94152e-17)
(0.249145 0.184183 3.16828e-16)
(-0.438075 0.343085 0)
(1.23294 -0.984609 -5.08513e-17)
(0.0866436 0.330394 1.13286e-16)
(1.05196 -0.379663 1.86851e-16)
(-1.23267 -1.05024 -3.87446e-17)
(0.798486 -1.19422 3.08689e-17)
(0.696476 -0.400523 -1.66888e-18)
(1.70415 0.241729 -6.65176e-17)
(1.85562 -0.282052 -6.51112e-17)
(1.64463 0.120022 0)
(1.44353 -0.225277 0)
(0.555193 0.100439 2.42731e-16)
(1.48118 0.969474 2.32281e-17)
(0.761435 1.25109 -7.86816e-17)
(0.853224 -0.928094 -1.62486e-17)
(0.850801 -0.485803 3.6779e-16)
(0.967529 0.667401 -4.13356e-17)
(0.73864 -1.11167 -5.45622e-17)
(0.409277 -0.838363 -9.25899e-20)
(-0.600477 0.23981 0)
(0.353542 -0.0325063 2.1736e-16)
(0.280976 0.130567 -8.80064e-17)
(0.756725 -0.387916 0)
(2.90862 -1.55968 -2.89005e-16)
(0.677605 -0.103675 -1.62232e-16)
(0.461709 0.762574 0)
(-0.201519 0.468913 -1.68241e-16)
(0.558088 -0.134539 -1.87165e-16)
(-0.154876 -0.625418 1.04642e-16)
(0.74818 0.652763 -1.35572e-16)
(1.9875 -0.364819 0)
(0.362043 -0.0887032 0)
(1.24341 0.172323 0)
(1.68903 -0.0450744 0)
(2.03672 0.0488614 2.81324e-16)
(2.24064 -0.0818579 -1.0664e-16)
(0.00356156 0.16282 -3.33594e-16)
(0.521079 -0.0823354 0)
(2.43654 -0.440908 1.47363e-16)
(1.62656 -0.168075 -1.67859e-16)
(3.14146 -0.437797 0)
(0.827686 -0.204099 -2.41398e-16)
(0.660387 -0.449511 0)
(0.2093 -0.341295 -1.55994e-16)
(1.93417 -0.41793 -1.14027e-16)
(0.331443 -1.24486 0)
(-0.303485 0.0931143 2.38418e-16)
(1.24087 -0.779562 0)
(1.10396 -0.147649 0)
(1.5877 0.310518 7.3299e-17)
(-0.397747 0.20481 -2.67339e-16)
(1.11974 1.3085 2.07859e-18)
(1.0423 0.478509 0)
(-0.201943 -1.38826 3.11583e-16)
(0.44776 0.237789 -3.01433e-16)
(1.14168 -0.0835198 0)
(0.678283 0.0411832 2.29736e-17)
(1.13274 0.067996 0)
(0.992244 0.754233 0)
(-0.508896 -0.370341 -8.2084e-18)
(0.590933 -0.170885 -5.64602e-16)
(0.442823 0.34523 -2.10441e-16)
(1.02701 -0.275911 1.25189e-16)
(0.429792 -1.10487 0)
(0.619498 0.071383 1.79545e-16)
(1.5673 0.799515 -1.58599e-16)
(1.69011 0.868855 1.61513e-16)
(2.11813 -0.996832 2.94025e-16)
(0.786149 -0.0363559 0)
(0.651259 -0.0704996 2.009e-17)
(1.16527 0.530996 -1.59691e-16)
(0.522994 -0.652014 1.52341e-16)
(0.670756 0.943308 0)
(0.730858 -0.929253 0)
(0.718245 0.393717 0)
(3.3476 1.01338 -2.41893e-17)
(0.568939 -0.0331043 -2.42212e-16)
(0.734595 0.0187379 0)
(0.893006 -0.00247618 0)
(1.92205 1.00088 1.79239e-16)
(2.24538 0.640897 1.63611e-17)
(0.806396 0.196231 4.48332e-16)
(-0.046836 0.181164 -5.89347e-17)
(1.10285 -0.312257 6.10384e-17)
(0.615705 -0.482833 -1.38884e-16)
(1.79496 -0.68842 0)
(-0.510796 0.125872 0)
(-0.0625538 -0.310548 3.62295e-16)
(1.13122 0.496716 1.64309e-16)
(1.19084 0.34295 3.08336e-17)
(-0.0560235 -0.0396477 5.32699e-16)
(-0.662235 -0.555527 3.83809e-17)
(0.365909 1.41955 0)
(0.988535 0.180441 0)
(-0.367936 1.01834 0)
(0.310213 -0.873357 -1.7439e-16)
(-0.278138 -1.12065 2.63453e-17)
(0.10955 0.947909 -3.44089e-16)
(-0.329629 -0.246436 0)
(0.771971 0.0608737 -2.87432e-16)
(1.29447 -0.681512 -5.84266e-17)
(1.7143 -0.632914 0)
(1.32714 0.0217068 1.50228e-16)
(0.770218 0.200062 2.35843e-17)
(0.391649 -0.509646 -2.63486e-17)
(0.134751 0.580993 2.66017e-16)
(0.128356 -0.571271 0)
(1.52359 -0.471818 8.88733e-17)
(-0.608503 -0.459054 -1.56248e-16)
(0.671437 0.494637 -3.11042e-16)
(0.6721 0.0557094 -1.32268e-16)
(1.3123 -0.303645 3.12879e-16)
(1.3139 -0.110815 1.95576e-16)
(1.69705 -0.0660026 0)
(1.48583 -0.0538843 7.07488e-18)
(1.34753 0.0725088 3.73311e-16)
(1.99063 0.86366 0)
(1.85333 -0.628524 0)
(2.04657 -0.897785 0)
(1.34363 0.586379 0)
(2.85569 -0.396098 0)
(2.39708 0.302935 0)
(2.89081 0.393991 -3.15287e-17)
(1.89318 -0.536035 0)
(2.36656 1.51806 4.2424e-17)
(2.55019 -1.86487 2.46012e-16)
(1.55319 -1.23023 0)
(1.34358 -0.663709 0)
(0.686022 -0.0589073 3.13027e-16)
(0.252867 -0.244237 0)
(0.510769 0.0105647 -1.17902e-16)
(0.795434 -0.257882 0)
(1.16048 -1.43481 -2.84362e-17)
(1.06168 0.824734 0)
(1.18467 -0.0569376 1.24304e-16)
(1.2527 0.147667 0)
(1.16848 0.83773 2.83618e-17)
(1.36963 -0.520092 -2.68782e-16)
(0.0130395 -0.0221832 0)
(-0.207029 -1.60844 1.43287e-16)
(0.752905 -1.6229 0)
(0.814858 -0.424016 0)
(1.20188 0.032084 0)
(0.747269 -0.35568 0)
(0.369495 -0.0753294 3.83447e-16)
(-1.42301 -0.855801 3.04696e-17)
(0.521626 0.0153265 -6.12359e-16)
(-1.93366 0.87241 2.01663e-17)
(1.55931 0.408303 0)
(0.567778 -0.273884 -2.23643e-16)
(0.0973863 -0.912323 -6.01151e-17)
(0.910976 0.218735 2.74442e-16)
(1.31378 1.33381 0)
(0.707081 -0.11153 -8.04445e-17)
(1.69658 0.867783 1.08017e-16)
(1.50156 -0.254322 -4.61186e-17)
(1.18055 -0.0892886 4.5937e-17)
(0.0901307 -0.604291 0)
(-1.17065 -0.378057 2.83631e-16)
(-0.854385 0.348665 3.95395e-17)
(0.168813 0.322667 -1.752e-16)
(1.45367 -0.123503 -3.14898e-18)
(1.84948 -0.706547 6.29295e-17)
(-0.525239 0.0662538 0)
(0.187686 0.0193958 0)
(1.83744 -0.647684 0)
(1.11189 -0.268036 -2.88476e-16)
(1.23024 0.574565 1.27409e-16)
(-0.0750807 -1.63602 -5.4677e-17)
(-0.120768 0.512444 -1.48151e-16)
(0.0306398 0.567747 -9.77973e-17)
(0.72194 0.0231579 -7.31042e-17)
(-0.420044 1.22402 9.42326e-17)
(0.997648 0.196362 0)
(0.317708 0.211349 2.93986e-18)
(1.16234 -0.0690818 0)
(1.88579 -0.324532 5.29699e-17)
(-0.5897 0.889184 0)
(1.46672 -0.0705867 3.56221e-16)
(1.02314 -0.152087 -1.00875e-16)
(1.28428 -0.770538 -3.49058e-17)
(0.603777 0.190469 -4.63098e-16)
(0.248024 0.250096 -1.88556e-16)
(-0.342501 1.09269 0)
(0.502385 0.701246 -3.15527e-16)
(0.638369 0.516099 2.98253e-17)
(1.76364 0.541817 0)
(1.4971 -0.366915 0)
(1.3575 -0.266515 -6.93772e-17)
(2.20243 -0.201777 -1.54326e-16)
(-0.32401 0.0531188 9.4558e-17)
(-0.654697 0.0973672 -7.66273e-17)
(0.724417 -0.666969 0)
(-0.237682 -0.551323 0)
(1.23446 -0.460255 -4.56905e-16)
(1.12197 0.0770912 -3.85259e-16)
(1.72797 0.459906 -1.39592e-18)
(-0.330386 -0.405554 -6.6415e-17)
(2.38797 -0.438733 0)
(0.953564 -0.107658 -4.10701e-16)
(0.377034 -0.295079 8.47252e-17)
(2.3106 -0.225734 -1.30296e-16)
(0.725847 -0.247156 0)
(1.18658 -0.169538 -1.80082e-16)
(-0.0152007 -0.390851 -1.25688e-16)
(3.61898 0.798923 4.90883e-18)
(0.259069 -0.121448 0)
(0.321402 0.0677299 0)
(0.845241 -0.262897 1.29378e-16)
(1.46862 -0.366716 -2.36268e-16)
(0.280057 -0.118051 3.62889e-16)
(0.439423 0.18331 0)
(2.78818 1.40202 -8.1869e-18)
(1.16692 0.0866708 -1.82594e-16)
(1.48252 0.954598 1.9605e-16)
(1.61022 -1.06912 2.65051e-19)
(2.61989 0.00981322 3.88072e-16)
(0.212927 0.687005 4.12731e-16)
(1.56118 -0.46964 -6.75646e-18)
(0.429331 -0.0806369 -2.69506e-16)
(1.98084 -0.188491 4.61839e-17)
(-0.572308 0.757646 -1.11579e-16)
(-1.22773 -0.600829 -2.31733e-16)
(2.24784 -0.342336 5.1222e-17)
(0.779377 -0.095229 -2.92795e-16)
(1.12334 -0.192497 0)
(0.64208 0.87156 1.78488e-17)
(0.805363 0.313837 -4.44097e-16)
(0.942426 0.104221 8.77147e-17)
(0.566132 -0.197148 0)
(1.73056 -0.151219 0)
(0.674533 0.361888 4.1736e-16)
(1.2308 -0.0375586 0)
(2.39336 0.208064 -2.25857e-16)
(0.967667 0.265968 -1.5875e-17)
(1.10285 0.20557 -1.69093e-16)
(1.70841 -0.593897 2.02521e-16)
(2.1811 -1.19909 3.30199e-17)
(0.841307 0.318597 -1.64496e-16)
(2.05821 0.550925 -1.65705e-16)
(0.134715 -0.279916 3.90367e-17)
(0.532014 0.187906 1.6887e-16)
(0.36466 -0.0522248 6.97688e-17)
(1.31806 0.187869 -1.52923e-16)
(-0.621653 -0.270818 -3.6156e-16)
(-0.782821 -0.0281538 0)
(1.64346 0.0625296 -9.10938e-17)
(1.50197 -0.381695 -1.98468e-16)
(1.63371 0.575687 0)
(2.24464 0.767801 -5.57421e-17)
(2.56102 -0.698287 2.14643e-16)
(-1.52878 -0.175254 -9.74018e-17)
(-0.803705 0.209925 1.07309e-16)
(-1.23259 -1.49618 4.41887e-16)
(0.401342 0.118192 2.3775e-16)
(0.155365 -0.864821 -3.44319e-17)
(-0.485312 0.262253 0)
(1.04747 -0.310596 -2.90617e-16)
(1.21463 -0.513815 1.45112e-16)
(1.61284 0.652936 -1.5217e-16)
(0.130246 0.151624 -3.60109e-16)
(0.735345 -0.757302 1.51669e-16)
(-0.441059 1.23121 3.03018e-17)
(1.29111 -0.381655 -1.53481e-16)
(1.52154 0.695413 7.19307e-17)
(2.3017 -0.466761 0)
(0.841414 -0.468562 0)
(-0.045342 -0.144131 0)
(0.305902 -0.152707 -3.27917e-17)
(0.511522 -0.435029 -1.70241e-16)
(0.0527115 -0.768102 0)
(1.15065 0.034747 1.22506e-16)
(0.180206 0.0507331 -3.10369e-17)
(0.870339 0.369862 1.55354e-16)
(0.0776698 -0.0468041 -3.43303e-16)
(-0.0665371 0.307417 1.63529e-16)
(0.703334 -0.0953765 -1.06968e-16)
(-0.21962 1.00152 3.44933e-16)
(3.55662 0.00582025 -1.25337e-16)
(-0.311666 0.65688 0)
(-0.0226352 -0.791605 0)
(1.1654 -0.170154 3.16544e-16)
(0.644967 -0.102507 3.78252e-16)
(0.576176 0.586828 3.94918e-18)
(1.24581 0.0358851 -3.62392e-16)
(0.755889 0.267419 -7.13161e-17)
(1.5979 -0.560268 -2.27944e-16)
(1.23087 -0.0903002 -3.73632e-16)
(1.36292 -0.190645 5.58017e-17)
(0.0969073 -1.26427 0)
(0.823319 -0.436136 -3.57096e-16)
(1.82984 -0.16207 1.06888e-16)
(1.50424 -0.464388 2.70529e-18)
(1.42073 -0.325676 -8.81021e-17)
(1.03702 -0.146375 8.57085e-17)
(1.1981 0.549146 0)
(2.18121 -0.505938 4.30452e-18)
(0.56571 -0.716237 5.54793e-17)
(0.777764 -0.513842 -9.58785e-17)
(0.494655 0.863598 1.00097e-16)
(-0.178028 -0.279904 3.257e-16)
(1.28066 0.669354 -9.90373e-17)
(0.88833 -0.0398126 -2.67211e-16)
(1.51043 0.455067 7.39453e-18)
(1.62739 -0.402797 -6.49575e-18)
(0.881429 0.0321049 -6.47331e-17)
(0.927137 0.120031 5.99379e-16)
(-0.768495 -0.671768 1.96681e-17)
(-0.550002 0.647386 0)
(0.91375 -0.12944 0)
(-0.312473 0.823719 -1.69261e-16)
(1.12697 -0.317748 -8.44058e-17)
(-0.31193 0.218184 -4.97739e-17)
(0.0673743 -0.0781357 4.04838e-16)
(-0.33125 -0.0564495 0)
(0.91297 -0.224819 2.47214e-16)
(0.567951 -0.473973 -7.43322e-17)
(1.13101 0.496702 0)
(2.15568 0.335319 -1.72426e-16)
(0.904844 0.00192319 1.27103e-16)
(0.947587 -0.643846 -1.69809e-16)
(0.977558 0.871895 0)
(1.08719 -0.939571 0)
(1.4512 0.76114 0)
(0.788652 -0.359807 8.93237e-17)
(1.37953 0.0918569 -9.7193e-17)
(0.565081 0.0833077 7.58221e-17)
(1.26927 0.354838 0)
(-0.120902 -0.469773 -1.05642e-17)
(1.11076 0.601853 0)
(1.08973 0.544698 0)
(1.85648 0.227598 -5.12282e-17)
(1.8777 -0.114529 -6.06787e-17)
(1.23031 0.00511249 -4.00189e-16)
(1.20034 -0.0139693 0)
(0.874144 -0.462044 -7.63716e-17)
(1.05354 -0.224982 9.08675e-17)
(0.648034 0.605172 -1.24323e-16)
(0.864351 -0.698654 0)
(1.23203 0.439621 -1.37567e-16)
(2.38246 0.161742 0)
(-0.572407 0.844756 2.17485e-16)
(0.574576 -0.88869 2.72816e-16)
(1.51012 0.289527 -2.38079e-16)
(0.566514 -0.145833 8.35387e-17)
(0.0772696 -0.456402 1.14065e-17)
(1.56183 0.86172 -3.64733e-16)
(2.86568 0.362903 -7.99924e-18)
(1.11133 -0.0616873 0)
(1.51096 0.189543 1.86635e-16)
(2.85585 1.25477 -1.87005e-18)
(0.867906 0.250047 0)
(0.75018 0.331794 -3.32349e-17)
(-0.15594 -0.127627 -3.18466e-16)
(0.840587 0.22109 5.57294e-17)
(0.995081 0.261941 1.55778e-16)
(0.0606434 -0.126001 0)
(0.593895 0.154092 2.83024e-20)
(0.501449 0.504437 -1.72916e-16)
(0.309992 -0.302627 -8.15476e-17)
(1.63214 -0.446774 -3.38648e-17)
(0.943274 -0.0307747 -4.59238e-16)
(0.445083 0.615992 1.62047e-16)
(0.367723 -0.39771 -6.83742e-17)
(2.37318 -1.11816 0)
(1.20275 -0.737575 2.42133e-17)
(0.960741 -0.115027 3.58965e-16)
(2.35103 -0.640707 -1.04758e-16)
(0.748237 -0.514013 -1.50101e-16)
(1.05544 -1.24721 -5.5132e-19)
(0.905344 -0.536829 2.85165e-18)
(1.47534 0.205452 -1.68221e-16)
(2.2518 -0.283934 -3.45155e-17)
(1.02177 0.629179 0)
(0.917361 1.50468 -3.32265e-16)
(1.54928 -1.16771 2.60963e-17)
(1.37511 -0.804191 0)
(0.578666 0.215743 1.21014e-16)
(0.60143 -0.104428 -2.60072e-16)
(1.18023 -0.162685 1.87791e-16)
(-0.344362 -0.397167 0)
(1.24923 -0.0055258 0)
(-0.238043 0.117194 0)
(1.04848 -0.463755 1.08688e-16)
(1.55181 -0.119669 1.81494e-16)
(0.660696 -0.0282286 1.04526e-16)
(-0.175329 -0.466597 -2.00531e-18)
(3.609 0.672666 -2.34773e-16)
(-0.419205 0.0164129 -1.20734e-16)
(0.268166 -0.279989 -1.28743e-16)
(1.36931 0.842074 -1.01822e-16)
(1.204 -1.30451 -1.04075e-16)
(0.961171 0.237395 0)
(0.774947 -1.01656 2.05883e-17)
(1.01976 0.43043 0)
(0.930521 -0.60926 -5.75155e-16)
(0.947965 0.028879 -3.81313e-16)
(-0.381991 0.835376 0)
(2.05169 0.153869 0)
(1.44623 0.0419115 2.16608e-17)
(0.976654 -0.143874 0)
(1.27355 -1.46093 9.84626e-17)
(1.7827 -0.387546 7.05426e-17)
(2.28791 0.018563 -1.60713e-16)
(2.60067 -0.0939404 9.60172e-17)
(-0.722877 -0.949454 1.20675e-16)
(0.57221 0.40807 0)
(1.15102 1.08355 0)
(0.115262 0.630443 -3.63544e-17)
(0.634707 0.360861 -1.72978e-16)
(1.89852 0.440967 0)
(1.714 -0.238798 0)
(1.62157 -0.216517 1.38133e-16)
(2.37528 -0.61878 0)
(1.11197 0.0926306 2.26654e-16)
(1.27257 0.846294 -3.71011e-16)
(2.80824 -0.56649 -1.01538e-16)
(2.23589 -0.56105 6.90133e-17)
(0.624314 0.527845 -1.71134e-16)
(0.916405 0.529736 0)
(1.00459 -0.289152 -1.99918e-16)
(1.03755 0.278286 -4.17302e-16)
(1.03935 -0.522868 -5.99764e-17)
(1.12551 -0.653301 -1.72516e-17)
(1.74397 0.440722 0)
(0.622795 -0.121311 2.88263e-16)
(1.40394 -0.426495 1.68343e-17)
(2.17035 -0.356852 3.2086e-17)
(1.56281 -0.439964 1.72474e-16)
(1.53681 -0.106127 3.29979e-16)
(1.88859 0.449811 -6.89311e-17)
(1.3401 0.170384 3.44185e-16)
(0.176413 0.622507 0)
(0.614797 -0.00595544 -1.8521e-16)
(0.417023 -1.5601 6.78567e-17)
(1.53477 0.261833 -1.46889e-16)
(0.351818 -0.118804 -8.67501e-17)
(0.902543 -0.00081274 3.82983e-16)
(1.13669 0.736047 -3.15528e-17)
(1.04219 -0.61004 2.72346e-16)
(1.22077 0.0506108 -3.18893e-16)
(1.73487 0.488511 0)
(0.737588 0.22299 0)
(0.800652 -0.138832 -1.7318e-16)
(1.37126 0.344018 1.5985e-16)
(1.61584 -0.380937 -4.77815e-17)
(0.587394 -0.0532324 0)
(0.461205 0.0163651 0)
(-0.561509 -0.34057 0)
(0.712527 0.184083 9.8155e-17)
(0.26955 2.09794 0)
(-0.261823 0.841076 3.11051e-16)
(1.16002 -0.681861 0)
(2.19591 -0.760405 0)
(0.226369 0.583567 -1.42986e-16)
(1.29941 -0.0362628 2.14976e-16)
(1.03324 0.131941 6.96451e-18)
(0.616523 0.405259 0)
(0.81004 -0.0862898 0)
(0.300418 0.419238 0)
(1.14871 0.761997 2.56798e-16)
(2.13878 0.433144 -3.49036e-16)
(-0.968835 -0.810179 3.18428e-16)
(1.17152 0.0387574 0)
(1.49278 -0.219104 1.10606e-17)
(-0.58394 -0.795841 -1.47245e-16)
(1.32418 -0.10833 -1.75585e-16)
(0.923389 0.133243 -2.7698e-17)
(-0.321874 -0.537326 -6.24605e-17)
(1.43706 0.854266 0)
(-0.6333 -0.0327114 0)
(1.56704 0.138817 2.58145e-16)
(1.06377 0.158736 -1.75337e-16)
(1.19953 -0.496649 -4.41524e-17)
(2.0486 0.0236016 7.12429e-17)
(1.32984 0.763381 -3.68775e-17)
(1.02869 -0.20832 0)
(0.992913 0.443128 0)
(0.536495 0.0915212 5.30592e-16)
(2.38412 0.266483 -7.05706e-17)
(0.382663 0.979099 9.47407e-17)
(-0.0974583 -0.894392 2.67321e-16)
(1.40981 0.34381 -6.86518e-17)
(0.195048 -0.441656 -1.11464e-17)
(-0.761055 -0.619042 0)
(0.984778 -0.911817 -7.32948e-17)
(1.31967 -0.262635 -6.95109e-17)
(0.697375 -0.190608 5.32172e-17)
(0.264452 0.114672 3.66168e-17)
(0.603708 1.40928 -1.269e-16)
(0.629629 0.177163 0)
(0.14448 -0.135071 2.21579e-17)
(0.544021 -1.14651 -5.1123e-17)
(1.54658 -0.879465 0)
(0.169179 -0.0181174 1.60903e-16)
(0.579369 -1.16048 3.59558e-17)
(0.96878 -0.482239 3.69602e-16)
(1.9786 -0.474519 -7.80057e-17)
(1.76858 -0.650826 -2.67767e-16)
(1.64627 0.898153 2.42159e-16)
(1.55712 -0.335144 -1.31244e-16)
(-1.70392 0.785869 0)
(0.0355709 -0.299742 0)
(-2.32474 -0.809116 0)
(0.182324 0.143475 0)
(1.2622 -0.0514312 9.66742e-17)
(1.30958 -0.142908 -2.56986e-16)
(0.447974 0.250626 7.53363e-17)
(1.9994 0.185605 1.19839e-16)
(1.0087 0.333421 0)
(1.68461 -0.710539 8.49762e-17)
(1.07982 -0.400117 1.07259e-16)
(2.06035 -0.357054 3.19342e-17)
(1.93927 -0.720781 0)
(1.1053 0.266708 0)
(1.13497 -0.816523 2.33986e-17)
(1.31489 0.843095 -1.77272e-17)
(1.15096 -0.290084 -4.21743e-16)
(1.20548 -0.107973 -1.72073e-16)
(1.23749 0.226361 0)
(-0.331674 -0.357328 3.45524e-16)
(1.65933 0.266681 3.65269e-16)
(1.62204 0.0852292 -5.64809e-17)
(1.19284 -0.420111 0)
(2.09315 0.225456 6.46568e-17)
(2.71435 0.291369 3.83929e-17)
(1.3912 -0.777981 0)
(1.50752 0.176091 0)
(0.276773 -0.000947364 -8.32123e-17)
(1.44763 -0.228313 0)
(1.08987 -0.155515 0)
(-0.00998844 -0.362039 0)
(1.36221 -0.182508 -4.61441e-16)
(0.927277 0.165054 -4.85913e-18)
(1.13445 -0.29467 -1.85265e-16)
(1.1734 0.171104 9.87349e-18)
(0.496178 0.0406283 1.82799e-17)
(0.840628 -0.290974 -4.45644e-16)
(0.660167 -0.0894862 9.29277e-17)
(1.1964 -0.457694 -1.00226e-16)
(1.29698 0.309149 8.78033e-17)
(0.104496 1.8252 0)
(0.551348 -0.0305997 1.58974e-17)
(0.731974 -0.101034 8.86072e-17)
(0.825556 -0.0844265 0)
(0.236178 -0.179372 0)
(-0.34167 -0.479969 -1.92342e-17)
(0.994649 0.0925429 0)
(0.969733 -0.121422 -2.85394e-16)
(0.396778 0.460051 -1.57247e-16)
(0.749479 0.614854 -7.76121e-17)
(1.54721 0.0828912 1.35362e-16)
(-0.0434599 1.08943 0)
(0.815263 -0.145785 0)
(0.872695 0.196459 0)
(1.16084 -0.443591 0)
(1.33897 -0.308986 5.75173e-17)
(1.38437 0.0178493 0)
(3.27816 0.194704 0)
(1.06284 0.203643 -8.30154e-17)
(0.67323 -0.447474 -2.51733e-16)
(2.43316 1.26816 9.76542e-18)
(1.21842 -0.229806 1.79277e-16)
(2.79955 0.633395 -3.54209e-17)
(1.72362 0.0561324 -4.18025e-17)
(3.2018 0.210418 -1.1485e-16)
(1.39448 0.179618 0)
(1.95479 0.348876 3.95109e-17)
(-0.324859 -0.0452959 -6.8923e-17)
(1.33313 -0.251402 0)
(0.216046 0.849302 -3.39307e-16)
(-0.195225 1.67689 0)
(1.59975 -0.36737 0)
(2.57534 -0.0531098 -2.09693e-17)
(1.74315 0.268022 1.14053e-16)
(1.82144 -0.881053 7.86861e-17)
(2.25089 0.171809 -2.1541e-16)
(0.284384 -0.788321 0)
(0.928139 -0.0437344 -2.79916e-16)
(0.9841 0.845454 2.55997e-17)
(1.38597 0.494172 0)
(0.481222 -0.0457146 2.29732e-16)
(1.89737 -0.745341 0)
(2.34305 -0.555891 6.25568e-17)
(2.7953 0.513634 0)
(-0.391638 1.00091 0)
(2.64154 -0.165147 -8.26836e-18)
(0.972193 0.0860692 0)
(1.85092 -0.512595 2.67083e-16)
(-0.0828139 0.882677 0)
(-0.8524 0.920833 4.46575e-17)
(0.449576 0.336254 1.87753e-16)
(0.281436 0.0754014 -2.37099e-16)
(2.01969 0.0349812 -1.63896e-16)
(3.07968 1.00312 6.93882e-18)
(1.76661 0.164325 0)
(1.24487 -0.277239 -1.96914e-16)
(2.61857 0.551014 0)
(1.96793 0.498786 -8.39376e-19)
(1.46466 0.202018 -1.58208e-16)
(1.08574 -0.51893 -5.85107e-18)
(1.88596 0.191031 -4.14061e-16)
(2.73 0.150352 6.68022e-17)
(2.59604 0.434754 -2.90465e-16)
(1.50928 -0.246814 -2.09774e-17)
(1.56762 0.348233 0)
(1.17455 0.0749989 0)
(1.46308 -0.346942 4.17661e-18)
(1.31483 0.18238 0)
(1.67662 0.220526 1.69346e-16)
(1.40274 -0.369928 -3.26701e-17)
(0.60817 -0.102656 7.65912e-17)
(1.75451 -0.087947 -1.74803e-16)
(1.52595 0.827387 -2.87731e-16)
(1.75515 0.170079 3.19198e-18)
(2.06552 0.47062 0)
(0.37066 0.315196 0)
(2.5768 0.210525 0)
(0.170719 -0.0301114 -1.22608e-16)
(0.327244 -0.942627 -3.02609e-17)
(1.005 1.19498 -3.70787e-17)
(1.80831 -0.725246 -2.63392e-16)
(0.679956 -0.256449 9.98337e-17)
(0.517352 -1.21053 0)
(0.927846 0.397752 -1.23968e-16)
(0.780165 0.48831 0)
(-0.0504127 -1.22061 -7.37116e-17)
(0.447501 -0.342909 -1.59128e-16)
(1.49469 -0.511311 0)
(0.926843 0.39666 1.6492e-16)
(0.592866 -0.621387 1.55758e-16)
(1.41347 -0.0246225 0)
(0.49395 -0.746144 7.16121e-18)
(1.74955 0.963151 7.36418e-17)
(1.17328 -0.0789441 2.5849e-16)
(-0.162863 -0.357575 -8.94148e-18)
(1.24851 0.677661 -9.0825e-17)
(1.2041 0.885902 0)
(1.38689 -0.740489 1.95561e-16)
(1.45917 -0.991788 3.89731e-17)
(1.31636 0.423416 0)
(2.87009 0.378552 -2.90452e-17)
(0.879654 1.06723 1.21869e-16)
(0.958834 0.520081 -6.2759e-17)
(2.5399 -0.118922 -4.23204e-17)
(0.777159 -1.11564 8.66791e-17)
(0.811497 -0.55051 3.59444e-16)
(0.936474 -0.897747 1.62968e-17)
(0.0878271 -0.62876 5.6377e-18)
(0.603551 -0.187847 0)
(1.63072 -1.54826 -5.55065e-17)
(0.988837 -1.01876 -6.44984e-17)
(2.18034 0.125069 -3.94483e-17)
(-0.0146377 0.194306 0)
(1.29416 0.616978 -1.68373e-16)
(0.658835 -0.34221 1.64951e-16)
(1.81558 0.494013 0)
(1.18892 0.328856 -2.44555e-17)
(1.59997 -0.409827 1.04251e-16)
(1.71541 0.351184 -9.44888e-17)
(2.37482 0.462374 4.83028e-17)
(2.41987 -0.0841776 0)
(0.579642 0.763892 -1.32604e-16)
(0.905724 0.413179 4.15503e-17)
(1.1099 -0.531636 1.93645e-16)
(1.02768 0.626161 5.13634e-17)
(1.42539 0.224549 0)
(1.01555 0.597171 2.83265e-16)
(0.946051 -0.589363 0)
(1.11848 0.0847256 1.80368e-16)
(1.3494 -0.525877 0)
(1.47578 0.536838 1.64422e-16)
(-0.64808 0.100573 1.10663e-16)
(0.505961 -0.130295 4.39215e-17)
(1.50084 0.193203 3.94794e-17)
(1.18629 0.068689 0)
(1.86994 -0.462657 9.03995e-17)
(0.916978 0.530164 0)
(0.623201 0.701184 0)
(0.871394 0.014542 -4.73452e-18)
(1.30694 0.469494 0)
(-0.906106 -0.642395 0)
(2.26763 -0.466801 -5.2876e-17)
(1.70919 -0.909385 -7.26566e-17)
(1.70058 -0.180245 -8.78153e-17)
(0.125939 0.382714 0)
(-0.731666 0.651945 0)
(1.2763 0.21142 -2.01599e-16)
(1.13611 -0.241364 -5.33853e-17)
(0.921115 0.184166 0)
(1.06132 0.259358 0)
(1.17938 -0.194415 -1.93252e-16)
(-0.703606 0.742648 0)
(0.269259 -0.250348 3.74812e-16)
(-0.363803 0.524295 2.85968e-17)
(0.511721 0.124065 0)
(-1.31609 -0.461847 1.38158e-17)
(1.81408 -0.359655 -5.6459e-17)
(1.40394 -0.184032 9.82385e-19)
(0.99945 0.2973 -1.53669e-16)
(1.02669 0.596089 2.2847e-16)
(2.01873 -0.810225 7.95902e-17)
(1.15008 0.356616 0)
(1.30375 0.176654 -1.6809e-16)
(2.32781 0.32514 -1.9288e-17)
(1.68315 -0.25498 1.69641e-16)
(0.652656 -0.433715 2.44774e-17)
(0.849633 0.165429 0)
(2.13641 -0.437084 0)
(1.63074 0.178848 8.03416e-17)
(1.88575 1.10373 3.75863e-16)
(0.579366 0.341642 0)
(0.714294 -0.238938 -2.6277e-16)
(2.41261 0.476101 -2.66937e-16)
(2.11522 -0.382063 2.28721e-16)
(-0.288798 -1.39467 1.16802e-16)
(2.0706 0.0915743 3.48912e-17)
(0.00900199 0.504682 -1.34344e-16)
(1.94371 -0.290712 9.13611e-17)
(-0.410362 -1.23947 0)
(2.22896 0.226839 -3.24107e-17)
(2.27438 -0.0600955 0)
(2.13663 -0.0214267 3.50494e-17)
(1.92246 -0.247639 2.00787e-16)
(1.467 -0.740235 0)
(0.565356 -0.0058726 -6.46429e-17)
(1.68224 0.349533 -8.65758e-17)
(1.9503 -0.956013 0)
(2.21214 -0.281487 -3.34101e-17)
(2.07474 -1.09956 0)
(1.59939 -0.286686 -2.04571e-16)
(1.16118 0.231871 0)
(0.0431428 0.426007 0)
(0.49874 -0.0857842 2.5898e-16)
(0.549645 0.0769785 4.32461e-16)
(0.158656 -0.425988 0)
(1.72709 1.61094 -5.39396e-16)
(0.918962 0.0594164 2.86771e-16)
(3.3478 1.46003 0)
(-1.2522 -0.532365 1.14215e-16)
(0.0462414 -0.391293 0)
(1.75989 -0.613055 1.86715e-17)
(1.23976 -0.248646 -1.94066e-16)
(1.85512 -0.186815 0)
(1.277 -0.0788018 1.20966e-16)
(-0.154967 -0.881238 3.88313e-17)
(1.62499 -0.636828 0)
(2.45652 -0.110581 -1.64696e-16)
(2.0931 0.0749319 2.72476e-17)
(-0.136878 -0.393482 2.25184e-16)
(-0.680264 0.0183075 1.34249e-16)
(1.06185 -0.219544 -2.78749e-18)
(1.43138 -0.537903 0)
(1.07607 0.148566 8.00115e-17)
(0.156252 -0.222537 -1.78683e-18)
(0.871385 -0.0508214 -2.56124e-18)
(1.55684 -0.134868 0)
(1.09367 -0.302161 -1.99719e-16)
(1.27801 -0.258472 0)
(1.93804 0.343882 1.53881e-16)
(2.36013 0.0933926 0)
(0.42252 0.211152 1.10686e-16)
(2.01637 0.568806 7.68581e-17)
(-0.188579 1.86108 -2.98554e-18)
(1.53259 1.44656 0)
(1.49049 -1.3751 -1.51561e-16)
(1.47174 -0.0600006 0)
(1.67409 0.160723 9.625e-18)
(1.49929 -1.36171 2.36218e-16)
(1.47944 0.0543934 -1.81046e-16)
(1.88586 -0.101333 -1.81944e-17)
(1.03095 0.455648 0)
(0.943737 -0.196624 1.76376e-16)
(0.956326 0.202915 -1.6682e-16)
(0.759932 -0.358926 2.13536e-17)
(1.2678 -1.32383 0)
(1.94548 1.47917 0)
(2.3501 0.76313 0)
(1.27241 0.334087 -1.83265e-16)
(0.385704 0.611108 -1.9162e-16)
(0.810381 0.162724 7.7269e-17)
(2.65232 1.2628 0)
(0.687688 -0.112689 0)
(0.676154 -0.0776677 1.98533e-16)
(1.60727 -0.079853 0)
(2.07068 0.183783 -1.85541e-17)
(-0.216133 0.0688465 -3.91058e-17)
(1.62996 0.0537644 3.84743e-16)
(2.31359 -0.187178 -9.3022e-18)
(1.31025 0.27521 3.34776e-16)
(1.28857 0.561075 5.17129e-16)
(0.565503 -1.55522 -4.55249e-16)
(1.14629 -0.111286 0)
(-1.45163 -0.66376 0)
(1.6573 0.037536 -6.58021e-17)
(-0.296093 0.352791 1.26626e-16)
(1.72789 -0.0386371 -1.7055e-16)
(-0.439215 0.108222 -2.19842e-16)
(1.25173 0.447666 1.3373e-16)
(1.15449 -0.43259 0)
(1.0655 0.962008 1.94389e-17)
(1.04359 0.308029 -1.96782e-16)
(0.893991 1.11096 3.80996e-16)
(0.575031 0.262751 -3.25488e-16)
(2.53985 -1.15323 0)
(1.73739 -1.19891 0)
(0.910639 0.306557 -5.72101e-17)
(0.313394 -0.109401 1.55264e-16)
(1.26306 0.111282 0)
(1.87939 0.390017 3.44424e-16)
(-1.43543 -1.48151 -1.16811e-16)
(1.06309 0.584924 0)
(0.681208 -0.461668 2.83054e-17)
(1.1609 -0.715332 0)
(1.12425 0.0174226 -3.0574e-16)
(0.990877 -0.181469 -3.99744e-16)
(1.18098 0.502689 1.93173e-17)
(1.01875 -0.550024 -3.02526e-16)
(1.48146 -0.0691955 1.08272e-16)
(1.66865 0.0593178 -1.66193e-17)
(2.56635 0.120978 2.87666e-17)
(1.70074 -0.0934388 -9.42497e-18)
(1.35286 0.0300098 1.56692e-16)
(-0.289249 -0.118803 -2.96347e-16)
(1.33385 -0.418097 1.44035e-16)
(1.35336 0.124722 7.82661e-18)
(0.923182 0.197937 -3.46603e-16)
(3.25644 1.88266 1.13655e-16)
(1.44666 0.151397 1.08089e-16)
(1.89784 -0.280857 -1.76928e-16)
(1.10939 0.0171604 3.82401e-17)
(1.17701 0.116048 3.86758e-16)
(1.24053 0.0243562 -4.04056e-16)
(-2.60616 0.581294 -1.15726e-17)
(-1.20864 1.07344 1.24471e-17)
(1.71125 0.435188 -9.03814e-17)
(2.2654 0.631253 0)
(0.946238 0.0317225 0)
(1.78535 0.380932 0)
(1.99285 0.099515 0)
(1.66867 0.524231 0)
(2.40149 0.162589 7.33991e-17)
(0.821938 0.0535107 -1.89731e-16)
(0.786746 -0.129033 7.07286e-18)
(0.60871 0.258137 0)
(0.832127 -0.0294935 3.45509e-19)
(2.59746 0.675564 -5.62497e-17)
(1.11413 -0.112914 1.58897e-16)
(0.13441 1.70615 -1.03706e-16)
(3.10937 -1.06939 8.61289e-17)
(0.828184 0.302169 1.78149e-16)
(1.03284 -0.544417 0)
(0.500159 0.542979 2.67246e-17)
(1.02556 -0.348746 -2.17693e-18)
(0.935419 0.755055 3.22137e-16)
(0.848876 -0.193365 -8.84199e-17)
(1.1107 -0.0496998 3.8022e-17)
(1.01932 -0.0751052 8.78856e-17)
(0.79981 -0.2735 -1.6943e-17)
(0.780711 -0.152097 -1.31216e-16)
(0.228693 -0.2318 0)
(0.575975 -0.00179876 -1.81013e-16)
(0.619985 -0.0622237 -4.56186e-17)
(0.585444 0.541361 0)
(2.50381 0.783585 0)
(1.89594 -0.797845 7.92789e-18)
(1.29613 -0.456864 3.56754e-16)
(1.48012 0.265 0)
(-0.259976 -0.581218 -1.35926e-16)
(-0.181999 -0.210914 -2.45347e-16)
(1.16185 0.0336799 1.92092e-16)
(0.53541 0.473375 -8.78323e-17)
(1.53351 0.0461345 9.8883e-17)
(1.39493 0.00828078 0)
(1.21929 0.30458 -1.99717e-16)
(1.45556 1.251 0)
(0.614966 0.270141 -4.87878e-17)
(-0.527052 1.30896 -7.74097e-18)
(1.11527 0.848672 0)
(1.42856 0.039331 1.74957e-16)
(0.723127 0.24286 -2.68171e-16)
(2.02603 -0.570114 -9.95241e-17)
(1.01818 0.145734 -9.17605e-17)
(0.883219 -0.0671456 -3.11759e-16)
(1.00643 -0.167017 0)
(1.97253 0.599511 6.97497e-17)
(-0.0565102 0.0761425 6.332e-17)
(1.30832 1.41738 3.83704e-16)
(3.28454 0.078528 9.8423e-17)
(1.65711 0.574086 2.34034e-18)
(0.133379 1.23369 2.81298e-16)
(2.26984 1.11494 -1.90165e-17)
(1.39706 0.191736 0)
(0.3437 1.3908 0)
(0.817518 0.149489 7.13961e-17)
(1.53505 -0.128968 -4.48701e-17)
(2.31159 -0.467664 3.52172e-17)
(-1.13526 -0.387874 2.67782e-17)
(0.526819 -0.121782 2.0634e-16)
(1.25939 0.337235 3.46896e-16)
(1.85413 0.318682 -6.88501e-17)
(0.275071 1.2909 0)
(3.66357 0.278279 0)
(1.42382 -0.185826 -1.55259e-16)
(1.01312 -0.0494588 1.44119e-16)
(0.832302 -0.136169 -9.85524e-19)
(-0.10351 0.210649 -1.0381e-17)
(0.289732 -0.203272 -1.54537e-16)
(0.796006 0.135221 0)
(1.0041 0.095503 -8.5452e-17)
(-0.459657 -1.15155 8.33237e-17)
(1.02887 0.0168824 1.74142e-16)
(1.3105 0.0392339 -1.02903e-17)
(0.589582 -0.0608224 2.54044e-16)
(1.27071 -0.246195 3.32671e-16)
(1.28041 -0.820323 0)
(0.31654 -0.245647 -7.68057e-19)
(-1.13853 0.355689 0)
(1.10734 -0.0456007 0)
(1.93199 0.685206 0)
(-0.0636369 -0.282596 6.07328e-17)
(0.445163 0.7973 2.92969e-16)
(0.240387 0.519622 4.02308e-17)
(0.606063 -0.361383 3.79828e-16)
(0.315336 -0.541749 -3.73685e-17)
(0.70061 0.34473 -1.95982e-16)
(0.823696 -0.0447843 0)
(1.04775 -0.33494 1.3958e-17)
(2.18064 0.239827 0)
(1.24239 -0.487892 1.74828e-17)
(1.08042 -0.330602 -3.74235e-16)
(1.44788 -0.468669 2.18643e-17)
(-0.612791 -0.314428 -1.74854e-16)
(2.05843 0.17995 9.63424e-17)
(0.672743 0.276902 3.45745e-16)
(1.35783 -0.386401 0)
(-0.795109 -0.484094 -9.55863e-17)
(0.670482 0.189062 1.35644e-16)
(1.76975 -0.327978 1.09585e-16)
(1.21974 -0.252961 -2.07574e-17)
(1.3274 -0.19032 2.93178e-16)
(-0.140873 -0.601186 3.3963e-16)
(0.572227 0.438157 -6.49499e-17)
(1.41607 -0.289368 2.09944e-16)
(1.40507 0.648408 0)
(1.18994 0.458708 2.81677e-17)
(1.02875 -0.428913 0)
(1.60883 0.00210104 0)
(0.849255 0.221404 3.01332e-16)
(0.424104 -0.406627 -2.80163e-17)
(0.371629 0.38907 -1.66258e-16)
(0.339893 0.710678 -1.44704e-17)
(1.57531 1.7083 0)
(1.12073 -0.813123 9.27268e-17)
(1.27433 2.38199 -1.38329e-16)
(1.35946 -1.5253 -2.97263e-17)
(1.2465 1.33304 0)
(-0.795442 -0.553052 3.44689e-17)
(2.61794 0.606901 0)
(2.3974 -0.472273 -3.28373e-16)
(1.53152 -0.17126 -8.35856e-17)
(1.61421 0.455041 1.90909e-16)
(2.21789 0.283988 -2.04623e-17)
(0.867238 0.0960633 -9.00342e-17)
(2.11658 -0.549877 2.236e-17)
(1.21133 -0.108427 1.95986e-16)
(1.46943 0.50055 2.39311e-17)
(1.16666 0.0166751 -5.79487e-20)
(1.50381 0.722337 6.90295e-18)
(0.300184 0.89313 0)
(2.70629 -0.0941482 2.39083e-16)
(1.40195 0.124803 0)
(1.97553 0.232259 8.2103e-17)
(2.51304 -0.12514 0)
(0.79458 0.0907783 0)
(1.6374 0.0617607 -1.3861e-16)
(1.41552 -0.176086 0)
(1.99443 -0.257414 5.93631e-17)
(1.83561 -0.131086 2.32181e-17)
(2.0085 0.0544933 -1.12053e-16)
(-0.13792 -0.0975612 2.39338e-16)
(2.2476 0.144328 -7.11808e-18)
(2.24596 -0.474404 -2.26401e-16)
(0.238387 -0.746153 2.02126e-16)
(-0.294454 -0.0927831 -1.60959e-16)
(1.49643 -0.215901 0)
(2.43832 0.345081 -1.46483e-17)
(2.94552 -0.122305 -1.9387e-17)
(1.27111 0.294684 0)
(0.92824 0.103261 4.90064e-16)
(1.70454 0.53763 5.6793e-17)
(2.92357 -0.286959 -1.11319e-16)
(2.31419 0.923233 -1.81581e-17)
(1.36636 0.554335 9.22398e-17)
(2.1155 -0.740035 0)
(2.42873 0.971645 -2.12793e-17)
(2.4331 -0.945338 0)
(1.69952 0.549345 -8.79931e-17)
(1.74574 0.840013 0)
(0.158227 -0.391968 -1.79936e-16)
(-0.202123 0.328976 -9.59007e-17)
(-0.0975826 -0.312592 0)
(0.734926 0.172478 2.10639e-16)
(0.707222 -0.179669 0)
(1.2861 -1.22246 0)
(3.58878 -0.0902585 0)
(1.00465 -0.0160897 0)
(1.00401 -0.00694432 0)
(3.59072 0.178546 4.73099e-17)
(0.7089 0.563119 2.70945e-16)
(1.11446 0.619157 0)
(1.15522 -0.335392 -4.32342e-17)
(0.66111 -0.705609 0)
(0.555892 0.397425 -8.34825e-17)
(2.73951 -1.16239 0)
(1.70181 -0.907387 0)
(1.34675 0.147395 0)
(2.04556 1.13333 0)
(0.490487 0.144669 0)
(1.06015 0.158748 7.9863e-17)
(0.890445 -0.0204542 6.08493e-19)
(0.966957 0.0733829 1.38914e-16)
(0.415852 -0.122835 1.64837e-17)
(0.932015 -0.504711 0)
(1.86068 -0.272544 -1.35128e-16)
(0.408571 -1.03716 -1.16229e-17)
(0.890638 -0.11783 -1.96468e-16)
(0.483147 -0.222789 -4.75558e-17)
(1.37629 0.196103 0)
(1.31571 -0.3631 1.11916e-16)
(1.00296 0.00649771 1.25504e-16)
(2.61162 0.677681 0)
(1.89648 -0.266969 -2.01252e-16)
(1.34187 0.883449 -1.40792e-16)
(0.400107 0.3123 -2.17226e-16)
(0.153399 -0.117833 8.40692e-17)
(0.554392 0.158945 0)
(0.136965 -0.167541 8.52981e-17)
(0.762128 -0.453829 0)
(0.0149447 -0.0564801 -4.14309e-16)
(0.824363 -0.120624 -1.53923e-16)
(0.924281 -0.881943 -1.33317e-17)
(1.46186 -1.04695 2.04331e-17)
(1.13015 0.0355262 -4.97783e-17)
(-0.0693274 0.0656567 2.93631e-18)
(0.58701 -0.15126 0)
(1.98863 -0.157568 1.31223e-16)
(1.21592 -0.296055 -7.13481e-17)
(0.336734 -0.227254 4.15287e-16)
(1.74011 0.459992 9.01543e-17)
(3.11344 0.24709 -8.4517e-17)
(1.71264 -0.0427217 -7.93554e-17)
(1.5317 -0.0747547 8.90535e-17)
(1.94749 0.765678 -1.65801e-16)
(1.13356 -0.34646 3.50177e-16)
(0.877847 0.763702 -1.37777e-16)
(2.80125 -0.629726 0)
(1.91912 0.167673 -1.39783e-16)
(1.38633 0.52604 -1.33693e-16)
(0.511375 1.21981 1.49771e-16)
(2.15903 -0.278538 2.34795e-16)
(2.27966 0.302985 3.02829e-17)
(1.18357 -1.50914 -2.61047e-17)
(1.9203 -0.0453172 0)
(1.23426 0.664613 -3.05008e-16)
(1.81501 0.220047 0)
(1.32681 1.06509 -3.87288e-18)
(2.57987 0.573676 -2.12236e-16)
(0.708823 0.707283 -1.08989e-17)
(0.19469 -0.270045 -3.09237e-16)
(2.35152 -0.0247379 0)
(1.808 0.365286 8.74164e-17)
(0.946858 -1.10711 1.3693e-16)
(1.87764 -0.209927 -7.90816e-17)
(1.42844 -0.537401 -7.16352e-17)
(0.575835 -0.534593 0)
(1.53684 1.71161 0)
(1.02969 0.716108 0)
(1.62377 0.415728 0)
(1.45124 -0.110326 5.30023e-17)
(1.09999 -0.195351 -2.7213e-16)
(2.17911 -0.415541 5.74993e-17)
(1.26706 0.386523 -1.67997e-16)
(2.99105 -0.0915179 3.77472e-17)
(2.23574 -0.123993 -9.18472e-17)
(1.43144 0.0270149 4.61085e-17)
(1.3672 0.0086907 -1.62784e-16)
(1.41394 0.524601 4.08026e-16)
(0.230011 0.228986 -2.63191e-16)
(0.808401 0.638923 8.0605e-17)
(0.97708 0.788099 0)
(1.35664 0.0985535 1.03946e-16)
(2.35071 0.467915 1.8438e-18)
(0.94266 -0.0472751 1.98935e-16)
(1.64116 -0.703069 1.00308e-16)
(1.59208 1.28076 -8.33133e-17)
(1.53844 0.32253 0)
(2.4441 1.09892 0)
(1.69136 -0.246102 -3.80182e-16)
(1.96457 0.0585065 1.81771e-16)
(0.982195 -0.959082 0)
(0.907812 -0.421973 0)
(0.812457 -0.20835 -8.12219e-17)
(1.51263 -0.244263 -5.13939e-17)
(1.43955 -0.262001 0)
(1.68499 -0.358013 9.91842e-17)
(2.14511 -0.626054 0)
(2.73141 -0.808367 8.57415e-17)
(-0.334923 0.65595 -2.61561e-16)
(0.19906 0.776529 1.77375e-16)
(-0.291791 1.36481 -3.26588e-17)
(0.259714 0.00229563 2.15878e-18)
(-0.00207035 -0.42825 4.48169e-17)
(2.20709 0.219071 0)
(1.09778 -0.318315 0)
(3.00688 0.643423 -7.73065e-18)
(1.87799 -0.34257 0)
(0.923372 0.173325 -2.793e-18)
(1.88877 0.27692 1.97317e-16)
(2.69978 -0.711631 -1.51573e-17)
(2.91207 0.272758 -4.71221e-18)
(3.42945 -0.431252 2.42642e-16)
(0.833722 -0.227987 0)
(0.0879283 -1.09435 0)
(0.97373 0.533436 -3.68639e-16)
(1.7015 0.724798 0)
(2.08619 0.426642 3.86712e-18)
(1.29647 0.0298796 0)
(0.965282 0.79241 1.76143e-16)
(0.0795604 0.583645 -1.44083e-16)
(2.20118 0.765541 0)
(2.53698 0.395692 -2.1922e-17)
(1.00713 -0.372523 0)
(1.68191 0.197733 1.89946e-16)
(1.02155 -0.763813 2.34297e-17)
(1.94242 -1.24163 -8.8895e-17)
(1.29995 0.623653 0)
(2.16457 -0.564982 -6.90763e-17)
(2.19415 -0.13818 3.47219e-17)
(1.51039 0.999588 4.46164e-17)
(0.482682 0.0264848 0)
(2.22969 0.303755 0)
(0.693936 -0.518142 1.27264e-16)
(1.68085 0.979638 -1.6672e-16)
(0.943395 -0.271625 0)
(2.12274 -0.55335 2.78075e-17)
(2.53631 1.0327 -1.94582e-19)
(1.00377 0.149956 2.10384e-16)
(0.858055 0.151779 9.83354e-17)
(0.868487 0.618345 2.06957e-17)
(-0.738565 0.188185 -2.54027e-18)
(0.538782 0.0966096 2.09019e-16)
(1.33659 -0.0350485 -1.12633e-16)
(1.15884 0.157476 0)
(1.68198 -0.385406 0)
(1.32169 0.650111 1.60179e-16)
(1.27307 -0.210031 0)
(2.26303 -0.477967 -8.81408e-17)
(1.77226 0.736519 -1.5775e-16)
(1.89792 0.460045 1.83471e-16)
(0.681607 1.57459 0)
(1.7261 -0.393182 -7.09415e-17)
(2.01833 -0.109365 1.53698e-16)
(0.22574 -0.511147 0)
(1.00702 1.07756 -2.41826e-16)
(0.481413 -1.25365 4.1897e-17)
(0.601477 0.173138 -3.95208e-17)
(0.315448 0.525135 -8.5272e-17)
(1.55697 0.180562 -1.42375e-16)
(1.59194 0.116755 2.21758e-16)
(2.80642 0.551349 -7.12909e-18)
(-0.477288 -0.572707 0)
(1.38539 -0.231629 -1.35451e-16)
(1.95813 -0.196816 -4.73364e-18)
(2.30732 -0.0340383 3.73889e-17)
(0.954944 0.569872 1.68397e-16)
(2.49293 0.268541 -7.08587e-17)
(1.59345 0.330994 -3.84409e-16)
(0.464076 0.26829 -2.35123e-16)
(2.60992 0.342831 6.34992e-17)
(2.45118 0.184977 -2.44297e-17)
(0.113208 0.999365 1.15404e-18)
(0.64165 0.211542 2.78478e-19)
(1.84107 -0.100297 -3.06557e-19)
(1.0429 0.275042 9.64916e-17)
(1.26567 0.888013 1.6965e-17)
(1.49595 0.561907 6.18063e-17)
(2.09081 0.151969 0)
(1.16062 -0.0319224 -1.82768e-16)
(0.666623 -0.120249 1.5363e-17)
(0.695324 -0.0712062 -4.11743e-16)
(0.945672 -0.100691 -4.71832e-17)
(1.3548 0.381466 4.28632e-17)
(1.23833 0.00892591 1.34787e-16)
(1.01415 1.13189 0)
(1.97696 0.544794 -1.73049e-16)
(1.79454 -0.375488 2.22235e-16)
(0.388547 -1.29091 -1.73442e-17)
(0.213636 1.50191 -1.05048e-17)
(1.17512 -0.148181 0)
(1.17293 0.11389 -2.10124e-16)
(1.84961 -0.0216933 -1.98904e-17)
(1.30928 -0.133277 0)
(1.33071 0.819316 0)
(0.474847 0.0179 0)
(0.350907 0.139292 8.22792e-17)
(1.57069 -0.524216 0)
(2.0039 0.25521 0)
(1.78156 -0.00781015 1.81564e-16)
(1.75518 0.171466 -1.94315e-16)
(2.07203 0.833849 -9.39615e-17)
(1.43218 -0.500277 8.00101e-17)
(2.19261 -0.875633 -6.09062e-17)
(0.608678 0.0240486 2.08085e-16)
(-0.263332 -0.11699 3.19391e-17)
(2.02754 0.387925 1.39781e-18)
(1.55293 0.188395 4.34842e-17)
(1.3763 -0.0520874 0)
(1.69014 0.144339 3.63507e-17)
(3.54357 0.963254 0)
(1.0889 -0.133659 9.00433e-17)
(1.10496 0.11722 -9.18093e-17)
(3.59376 -0.867369 -1.19326e-17)
(1.80167 -0.104787 -1.80365e-16)
(3.81501 -0.589682 -1.7472e-17)
(1.33554 -0.0696777 -2.95857e-17)
(2.75711 0.239609 2.63054e-17)
(2.19294 1.15762 0)
(0.421896 1.74824 -2.08291e-16)
(2.65223 -0.219079 4.45364e-17)
(0.925683 -0.357471 -1.00163e-16)
(0.565923 -0.274183 1.57265e-16)
(0.9279 -0.47177 1.23028e-16)
(0.50926 -0.0538071 0)
(1.34851 -0.520619 0)
(2.25404 -0.0308331 4.2859e-17)
(2.27719 -0.935892 2.15942e-18)
(2.21098 -0.686498 -4.30829e-17)
(1.76701 0.469855 -2.27286e-16)
(2.36176 -1.06452 -1.04693e-16)
(0.628963 0.253865 -6.21593e-17)
(1.40441 0.463358 1.68346e-17)
(2.3356 -0.0810577 -4.85116e-18)
(1.46235 0.0898957 0)
(2.09767 -0.0620286 0)
(0.709284 -0.247185 9.78639e-17)
(0.696229 0.179761 9.86699e-18)
(1.41228 -1.30439 1.46413e-16)
(1.18315 1.40148 -1.52129e-16)
(1.60209 -0.69634 0)
(-0.183498 0.919024 -6.87049e-17)
(1.68999 0.401493 0)
(2.28337 0.108949 0)
(1.21749 0.220904 1.83843e-16)
(0.143455 -0.772804 6.81158e-17)
(2.27535 -0.48072 8.78441e-18)
(1.27628 0.330481 -1.18753e-17)
(0.551654 -0.570534 1.56063e-16)
(1.30624 0.24373 0)
(-0.175997 -1.05384 -4.14188e-17)
(2.11572 0.47843 -3.8388e-16)
(1.46764 0.682256 1.16667e-17)
(0.304757 -0.439227 2.3517e-17)
(0.734731 1.83503 -2.99956e-17)
(1.08878 0.695249 2.08891e-16)
(2.30585 0.14025 -6.78723e-17)
(2.70705 -0.667831 0)
(0.468579 -0.540237 -8.39073e-17)
(1.22564 0.070969 0)
(1.22505 -0.0748018 0)
(2.05637 -0.23027 3.13104e-17)
(2.05508 0.356659 0)
(1.90683 0.149591 0)
(3.42123 0.0451227 5.65686e-17)
(2.37503 -0.163277 4.70699e-18)
(1.11345 -0.079476 -8.57878e-17)
(1.34366 -0.0124481 3.12973e-17)
(1.53298 1.00263 0)
(2.78239 0.690997 0)
(2.12055 0.356232 -8.92348e-17)
(1.67835 -0.322975 4.5775e-17)
(1.05672 0.225737 0)
(1.79282 1.1078 -2.53698e-17)
(2.83761 -0.0776702 7.41616e-17)
(1.39558 -0.570059 -8.85754e-17)
(1.61379 0.110317 4.57132e-16)
(2.17653 0.434863 0)
(1.38946 0.764214 0)
(3.14735 -0.28448 0)
(1.62737 0.0512429 1.55155e-16)
(1.3029 0.00523597 -1.66197e-16)
(1.09686 0.0130712 1.47933e-16)
(0.782468 0.552033 -6.43022e-18)
(1.24167 -0.694967 6.75255e-18)
(1.79894 -0.475138 1.48456e-16)
(0.708269 -0.436072 8.81474e-17)
(0.348382 -0.406852 1.56211e-16)
(0.962086 -1.53365 1.45752e-16)
(2.53497 -0.00769413 3.58081e-17)
(1.63651 -0.0127452 0)
(2.57832 0.378002 3.57046e-17)
(2.05921 -0.536733 -8.4332e-17)
(2.41736 -1.13851 7.31689e-17)
(2.28362 1.06837 0)
(2.56255 -0.282152 -3.53382e-17)
(2.00042 0.231529 -1.60125e-16)
(2.34546 1.14202 3.40369e-17)
(1.81289 -0.752623 -4.60499e-18)
(1.05944 -0.454787 -1.88595e-16)
(0.968776 0.170947 -2.34975e-17)
(0.880004 0.488691 -6.35234e-17)
(2.4221 0.229935 2.41659e-17)
(1.75561 0.00628171 7.60248e-18)
(3.30924 0.335788 0)
(1.74789 -0.114707 -6.91422e-17)
(-0.10652 -0.574505 -3.91005e-16)
(0.697909 0.113351 0)
(0.904298 1.26305 -5.4967e-17)
(1.66139 0.11624 0)
(0.601545 0.999874 7.31221e-17)
(1.63183 -0.782223 -3.48519e-17)
(0.760977 -2.11897 0)
(4.36847 0.664709 0)
(1.03623 0.0184043 0)
(1.97359 0.275868 0)
(2.36535 -0.670296 0)
(1.67864 0.207939 3.07706e-17)
(3.22131 0.0280332 0)
(3.7311 0.616851 0)
(2.46996 0.457616 -9.51434e-17)
(3.31126 1.27978 0)
(2.13974 0.521117 9.54659e-17)
(1.5592 0.507213 -7.8295e-17)
(1.95714 -0.236484 0)
(3.00253 1.32241 0)
(1.75788 0.5859 -7.17098e-17)
(2.4386 0.128938 0)
(0.878815 0.838564 0)
(1.04075 -0.513626 3.84517e-16)
(3.05162 0.611976 1.14571e-16)
(0.968933 0.522024 -3.65917e-16)
(0.743404 -0.817259 -8.46772e-17)
(1.86506 0.209553 0)
(1.85476 0.0793571 2.27872e-16)
(1.12156 -0.422129 1.34154e-16)
(1.85461 -0.763535 -1.39993e-16)
(3.08513 0.853252 5.05089e-17)
(1.40516 1.10708 -3.17968e-16)
(2.63766 -0.672687 0)
(3.04029 -0.389581 9.75767e-17)
(2.6643 -1.02937 -1.54358e-17)
(1.77905 -0.454155 -2.02166e-16)
(1.25038 0.670163 6.5417e-17)
(2.51604 -0.0168611 -1.75563e-17)
(3.00218 0.0812839 0)
(1.70418 0.755737 -9.50325e-17)
(2.45486 0.702707 0)
(1.49826 -0.00843825 0)
(2.93133 -0.61095 -4.17545e-17)
(1.36973 0.46883 -2.64888e-16)
(2.29896 0.121348 3.45875e-16)
(1.0969 -0.513094 3.467e-17)
(0.732006 0.0738891 -1.72187e-16)
(2.13503 -0.607875 0)
(-0.0468234 1.33499 0)
(2.20771 -0.566315 -3.17947e-17)
(1.06413 -0.90241 1.56523e-16)
(-0.054101 -0.863643 -6.01497e-17)
(1.73431 -0.355845 1.78742e-16)
(1.20735 0.28225 -1.01097e-16)
(2.28533 1.1273 1.97354e-17)
(1.196 -0.301335 4.85421e-17)
(2.29623 -1.10301 0)
(2.02007 -0.549401 5.68673e-17)
(2.47051 -0.648891 0)
(3.0697 -0.620964 -1.13934e-16)
(2.88666 1.37731 -2.95809e-17)
(1.10151 -0.975934 -5.50225e-18)
(1.12879 -0.173742 4.56086e-19)
(1.21907 1.00912 -9.07633e-18)
(1.1359 0.145095 -1.04639e-16)
(-1.54606 1.36729 0)
(2.18379 0.770204 0)
(1.42939 0.770445 8.55155e-17)
(1.26088 0.476198 0)
(0.860289 -0.0144104 -2.11827e-16)
(1.19651 -0.472098 1.78085e-17)
(0.83948 0.006738 -5.08928e-17)
(2.28345 0.351648 5.87071e-17)
(1.74428 -0.465118 0)
(2.44673 -0.606955 -5.88311e-17)
(2.56672 0.12145 6.53367e-17)
(1.2173 0.825305 -1.43817e-16)
(1.96028 -0.00835365 1.7032e-16)
(1.09416 -0.710566 2.28624e-17)
(1.35395 -1.00636 9.67319e-17)
(1.14974 0.365974 6.32117e-17)
(1.06389 -0.145872 0)
(1.06199 0.0360982 9.30281e-17)
(3.80698 0.401486 -9.15206e-18)
(3.73409 -0.313916 0)
(1.06754 -0.0541651 3.82113e-16)
(0.977975 0.106516 0)
(1.02443 -0.421812 -1.23845e-17)
(1.55366 0.626146 -1.86635e-16)
(1.61809 0.153548 0)
(1.92473 1.05225 0)
(1.32493 0.295062 0)
(2.81514 -1.1333 -6.92109e-18)
(1.68853 -0.402248 -9.41837e-17)
(2.24499 -0.0956221 8.84634e-17)
(2.24015 0.444217 1.03244e-17)
(2.08198 0.523152 1.56761e-16)
(0.846121 0.521967 5.11994e-18)
(0.877964 -1.32836 -2.41433e-16)
(2.94309 0.391453 -1.30635e-16)
(1.77646 -1.2518 0)
(1.79392 0.474218 2.32824e-16)
(1.9337 0.201208 2.67245e-18)
(1.28573 0.541236 -2.41083e-16)
(1.61193 0.157662 0)
(2.07907 -0.909699 0)
(2.84968 1.34811 0)
(1.34933 0.126843 1.62799e-16)
(0.868294 -0.045791 -1.51327e-16)
(2.85719 -1.36934 0)
(2.3364 1.07042 1.79711e-16)
(2.44277 -1.05644 4.90373e-19)
(2.04583 -0.496285 -3.6326e-19)
(1.52862 -0.444046 0)
(2.57747 -0.676216 -2.71551e-18)
(1.02114 -0.518721 3.53069e-16)
(1.10632 0.161895 1.45294e-16)
(1.38557 -0.262665 -7.2673e-17)
(3.04736 -0.00862901 -1.09618e-16)
(3.39457 0.397773 1.15645e-16)
(1.37483 -0.39055 -1.71147e-16)
(1.6929 -0.463259 0)
(2.73233 0.806476 0)
(2.70786 -0.0447112 0)
(2.73241 0.223955 2.15952e-16)
)
;

boundaryField
{
    frontandback
    {
        type            empty;
    }
    simetry
    {
        type            symmetry;
    }
    inlet
    {
        type            fixedValue;
        value           uniform (1 0 0);
    }
    outlet
    {
        type            zeroGradient;
    }
}


// ************************************************************************* //
