/*--------------------------------*- C++ -*----------------------------------*\
  =========                 |
  \\      /  F ield         | OpenFOAM: The Open Source CFD Toolbox
   \\    /   O peration     | Website:  https://openfoam.org
    \\  /    A nd           | Version:  7
     \\/     M anipulation  |
\*---------------------------------------------------------------------------*/
FoamFile
{
    version     2.0;
    format      ascii;
    class       volVectorField;
    location    "0.05";
    object      U;
}
// * * * * * * * * * * * * * * * * * * * * * * * * * * * * * * * * * * * * * //

dimensions      [0 1 -1 0 0 0 0];

internalField   nonuniform List<vector> 
2016
(
(0.49956 -0.00112435 -1.41631e-19)
(0.499085 -0.00184598 -4.39399e-18)
(0.47024 -0.0633053 0)
(0.475748 -0.0737868 0)
(0.494981 -0.00141061 0)
(0.499666 -0.0207124 2.45259e-19)
(0.301606 -0.00355136 5.37063e-21)
(0.558412 -0.0377427 0)
(0.505229 0.00671032 -3.39188e-18)
(0.505978 0.00496098 0)
(0.496066 0.00182627 -4.24471e-18)
(0.276989 0.160549 -4.20964e-19)
(0.251472 0.148076 0)
(0.543621 0.00474638 0)
(0.514723 0.00601687 0)
(0.360223 -0.0817365 0)
(0.360821 0.081993 0)
(0.51024 0.000742743 -1.76925e-18)
(0.200099 -0.2015 8.24994e-19)
(0.199858 0.201154 -8.88875e-19)
(0.497621 0.00321219 4.31943e-18)
(0.186234 0.155804 -2.92877e-19)
(0.188447 -0.153589 2.73399e-19)
(0.529763 -0.0102155 4.63071e-19)
(0.508008 -0.00321758 8.20231e-19)
(0.50063 -0.0156752 0)
(0.447204 0.080285 -7.32373e-19)
(0.436181 0.081519 5.09322e-19)
(0.524584 -0.0216161 2.15568e-18)
(0.515117 -0.00513157 -1.79372e-18)
(0.53281 0.00176017 2.20001e-18)
(0.343598 -0.118824 4.47071e-20)
(0.451496 -0.217738 8.05018e-19)
(0.489009 0.00180169 -1.87958e-18)
(0.493479 0.0109372 0)
(0.185629 -0.143401 0)
(0.184953 0.145011 0)
(0.516463 -0.0113386 1.81408e-18)
(0.52951 0.0102422 2.84775e-18)
(0.411374 0.0827665 -3.6879e-19)
(0.189975 -0.178861 -1.35845e-18)
(0.188876 0.179341 1.47581e-18)
(0.491243 0.00734978 0)
(0.502392 0.000204644 4.0612e-18)
(0.499278 0.000215013 -2.1081e-18)
(0.512997 0.00931788 0)
(0.516703 0.0707326 0)
(0.370549 0.0902453 0)
(0.365218 0.119004 -2.8122e-20)
(0.504112 -0.0039005 1.06074e-18)
(0.380862 0.0846243 -3.20406e-19)
(0.416454 0.0826375 7.5827e-19)
(0.33767 -0.0895807 9.63267e-20)
(0.338366 0.0898765 -9.27188e-20)
(0.501228 -0.0167268 -1.84775e-18)
(0.632887 -0.0881161 0)
(0.302394 -0.000344303 4.60357e-20)
(0.551327 -0.180191 0)
(0.214784 -0.101579 0)
(0.211993 0.106966 0)
(0.507782 -0.0321175 0)
(0.523377 -7.33477e-05 8.87187e-19)
(0.443233 -0.215741 -7.38072e-19)
(0.447436 -0.301881 -2.28039e-19)
(0.503588 0.00383412 3.41974e-18)
(0.520445 0.0123518 1.96251e-18)
(0.533041 -0.177627 0)
(0.493105 -0.0124459 2.34561e-18)
(0.501099 -0.00124099 0)
(0.166935 -0.255299 0)
(0.168824 0.251216 2.35698e-19)
(0.506886 0.00588841 -1.28425e-19)
(0.164826 -0.263765 -2.64821e-19)
(0.161957 0.263305 -5.08331e-19)
(0.514707 -0.0164052 -3.59924e-19)
(0.507789 -0.000598983 -1.30315e-19)
(0.506174 -0.000411723 0)
(0.503598 -0.000988832 0)
(0.500805 -0.000144272 4.2533e-18)
(0.520303 0.000505374 1.88382e-18)
(0.446251 -0.112137 -1.74767e-18)
(0.463299 -0.0493326 1.70452e-19)
(0.354591 -0.0850617 1.94942e-19)
(0.496213 -0.00207459 1.16135e-18)
(0.521405 -0.0113417 -7.15627e-19)
(0.442911 0.014784 -1.58505e-18)
(0.516866 -0.0167982 1.5114e-18)
(0.488325 -0.0483224 1.17701e-19)
(0.50623 -0.0222341 0)
(0.502972 0.00221351 2.82153e-19)
(0.499492 -0.000912737 -2.19292e-18)
(0.180496 -0.187407 1.39206e-18)
(0.179157 0.187284 -1.50972e-18)
(0.504172 0.000526098 -4.52228e-18)
(0.507029 0.00663028 3.95075e-18)
(0.442319 0.0206887 1.73969e-18)
(0.503948 -0.022938 0)
(0.498892 -0.0182001 0)
(0.528349 0.014282 -1.76937e-18)
(0.240646 0.152053 -6.33457e-19)
(0.230926 0.166499 5.74493e-19)
(0.509307 -0.0153473 0)
(0.511598 -0.00174947 -2.221e-18)
(0.516751 -0.000544937 -5.25121e-18)
(0.200096 -0.155404 0)
(0.199785 0.156849 0)
(0.508043 -0.00794251 4.10088e-18)
(0.516262 -0.0185711 -1.61518e-18)
(0.415684 -0.0723776 8.48302e-19)
(0.216793 0.192893 9.42593e-19)
(0.216974 -0.193053 -8.74851e-19)
(0.503803 0.00472535 6.6559e-18)
(0.504337 0.00275216 -4.31631e-18)
(0.413364 -0.061864 0)
(0.498144 0.000413651 -6.06317e-19)
(0.494361 0.00655372 -4.09796e-18)
(0.498798 -0.00311395 9.80732e-19)
(0.501465 -0.00129495 -4.43204e-18)
(0.276283 -0.0566313 1.95575e-19)
(0.525229 -0.00214803 -3.70587e-18)
(0.498024 0.00308767 4.30909e-18)
(0.497714 -0.00390092 4.86594e-18)
(0.548093 0.000265679 0)
(0.522954 -0.0194924 4.40835e-18)
(0.509001 0.000912065 0)
(0.50573 -0.0126942 5.13463e-18)
(0.526346 0.00203844 0)
(0.524787 0.00325676 2.0779e-18)
(0.457285 -0.0815781 0)
(0.489378 0.00139088 0)
(0.505393 0.00160173 -2.00843e-18)
(0.337501 0.0666006 0)
(0.33187 -0.0655463 5.2984e-20)
(0.335478 0.12504 2.81529e-20)
(0.529084 0.00505697 -1.92971e-18)
(0.36288 0.29228 -3.46816e-20)
(0.293089 -0.0575143 -1.31059e-19)
(0.517004 -0.023521 0)
(0.508279 -0.00663535 0)
(0.482009 -0.00988136 -1.10869e-18)
(0.19852 -0.146692 0)
(0.196077 0.14978 1.66834e-19)
(0.503817 0.00266703 -4.04523e-18)
(0.500745 -0.00437279 4.49696e-18)
(0.503487 0.00550561 2.23455e-18)
(0.503661 -0.00352835 1.09798e-18)
(0.377067 0.13869 -5.36738e-19)
(0.37909 -0.12262 -1.32841e-19)
(0.370197 0.0100742 -3.25119e-19)
(0.535482 -0.00527484 -1.47952e-18)
(0.498328 0.00410457 -2.63811e-18)
(0.516631 0.00279383 0)
(0.421473 -0.349656 -1.34669e-19)
(0.379598 0.150527 1.04942e-18)
(0.521454 -0.000870958 0)
(0.505164 -0.00350182 2.12595e-18)
(0.507179 -0.0001102 4.57783e-18)
(0.421918 -0.0660324 -7.85934e-19)
(0.499311 0.00112199 -3.89766e-18)
(0.500082 0.00341853 -1.51491e-19)
(0.183103 0.221872 0)
(0.183287 -0.222289 0)
(0.497979 -0.000649414 4.8312e-18)
(0.490727 -0.000183192 2.35457e-18)
(0.50795 0.00580084 -2.22362e-18)
(0.509166 0.00522914 4.61606e-18)
(0.366578 0.0770808 -1.68304e-19)
(0.366214 -0.0771919 1.74146e-19)
(0.328265 0.0328145 1.14784e-20)
(0.323729 0.0147541 -8.68217e-20)
(0.328298 -0.083308 0)
(0.320656 -0.0864965 -1.3891e-20)
(0.499761 -0.0204865 -5.14261e-19)
(0.492329 -0.000235301 6.30538e-20)
(0.569494 0.398206 -1.53145e-18)
(0.26989 -0.103677 1.12372e-19)
(0.289745 -0.111087 1.87933e-19)
(0.487299 -0.0555059 -7.3209e-19)
(0.505188 -0.000407578 0)
(0.514833 -0.0664978 0)
(0.172099 0.211978 7.46763e-19)
(0.173171 -0.213623 -2.03422e-18)
(0.500407 -0.00127754 6.7291e-18)
(0.49925 -0.00153583 0)
(0.408739 0.281178 -1.14177e-19)
(0.539915 -0.00610491 0)
(0.500905 0.00136965 -2.66186e-18)
(0.380861 0.0651509 -1.93752e-19)
(0.337271 0.0908714 -3.68963e-19)
(0.336827 -0.0906373 3.95583e-19)
(0.511945 -0.0025701 8.6777e-19)
(0.535393 -0.00936771 4.17782e-18)
(0.502481 -0.00107003 0)
(0.166 0.224936 2.17767e-18)
(0.166245 -0.225682 -2.0495e-18)
(0.17404 0.20666 0)
(0.176385 -0.207598 1.39228e-18)
(0.50155 -0.00244726 0)
(0.502877 0.00416258 4.13613e-18)
(0.502822 0.000286915 0)
(0.499644 0.0023349 -3.74149e-18)
(0.537943 0.0743853 1.96004e-18)
(0.485854 -0.00170484 -3.7094e-18)
(0.499065 0.000649915 -2.41185e-18)
(0.368756 -0.0907488 -1.86929e-19)
(0.517723 0.0053564 0)
(0.512155 -0.000471843 3.90443e-18)
(0.323679 0.0114019 1.08973e-19)
(0.522314 0.0030857 -5.009e-18)
(0.506643 0.0004994 4.74849e-18)
(0.508496 -0.00400315 -4.80689e-18)
(0.503247 -0.00252289 -1.74146e-18)
(0.268645 0.292319 -6.25427e-19)
(0.251073 0.268081 3.57465e-19)
(0.513254 -0.000270026 0)
(0.187746 0.154753 8.56074e-19)
(0.189411 -0.15253 -8.07676e-19)
(0.498124 -0.0173021 8.71379e-19)
(0.5241 0.0105101 0)
(0.503939 -0.0208819 3.50178e-18)
(0.513791 -0.0108897 -4.02212e-18)
(0.518084 0.0152486 1.05029e-19)
(0.507097 -0.00171904 -1.9766e-18)
(0.498565 -0.00236489 0)
(0.500883 -0.000958072 0)
(0.501274 -0.0041336 6.08608e-19)
(0.320308 0.0334634 1.42017e-20)
(0.203311 -0.150006 1.7563e-19)
(0.20081 0.152694 0)
(0.502123 0.00497492 -1.04994e-18)
(0.418545 -0.0120056 -2.1655e-18)
(0.495652 0.00140376 -1.08368e-18)
(0.499798 -0.00409265 2.45597e-18)
(0.494719 -0.00323203 -1.18854e-18)
(0.507186 0.00320773 -1.93472e-18)
(0.494383 0.00560948 1.71022e-18)
(0.268447 -0.0895596 -1.13819e-19)
(0.272042 -0.0758724 -7.92691e-20)
(0.264345 0.0913168 3.66805e-19)
(0.270996 0.0776937 0)
(0.467784 -0.0428497 0)
(0.21834 -0.251665 -2.5346e-19)
(0.218242 0.251582 1.86899e-19)
(0.51679 0.0114241 1.97189e-18)
(0.331231 0.0863599 0)
(0.322839 0.0909269 0)
(0.315422 0.127727 -9.39387e-20)
(0.501415 0.0137913 4.51654e-18)
(0.220511 0.106206 0)
(0.223452 -0.101255 0)
(0.535876 0.00224547 9.62119e-19)
(0.498147 0.00955174 0)
(0.517972 -0.00205163 3.16608e-18)
(0.508199 -0.000602669 0)
(0.189112 0.159766 0)
(0.19133 -0.157429 -1.81644e-19)
(0.494656 0.0903262 -1.83349e-18)
(0.285766 -0.122224 -1.2181e-19)
(0.286208 0.122973 1.12379e-19)
(0.502302 0.000269674 -1.62759e-18)
(0.501862 -0.00219412 2.02239e-18)
(0.350851 -0.0062138 0)
(0.492808 0.0216038 0)
(0.282095 -0.0185903 2.95227e-20)
(0.503121 -1.32192e-06 0)
(0.465033 -0.0373221 0)
(0.496925 0.00253206 -2.38785e-18)
(0.514051 0.00463077 3.84742e-18)
(0.504251 -0.000451655 -2.18765e-18)
(0.502254 -0.000454574 -2.13282e-18)
(0.458941 0.0913469 4.78127e-20)
(0.506706 0.0037905 -2.06657e-18)
(0.496912 0.00286421 4.31693e-18)
(0.303349 0.0940158 -4.1381e-20)
(0.309505 -0.0880376 -2.24451e-20)
(0.502457 -0.0244761 -6.16311e-19)
(0.531376 0.0398715 4.55433e-19)
(0.508037 -0.00917877 -1.77068e-18)
(0.400026 -0.00475113 9.45554e-19)
(0.143538 0.311538 -2.7481e-18)
(0.501528 -0.00134686 0)
(0.50156 -0.000620278 0)
(0.490738 -0.00556587 5.26631e-19)
(0.476184 0.0763616 1.49047e-18)
(0.5058 0.000616574 1.91739e-18)
(0.268475 0.210839 0)
(0.484035 -0.0609724 0)
(0.498259 -0.0098055 0)
(0.51052 0.00178841 0)
(0.503392 -0.000327472 0)
(0.510315 -0.000510851 -2.40025e-18)
(0.656782 0.19841 -1.1206e-18)
(0.499393 -0.00352037 4.9617e-18)
(0.503326 -0.00342894 -4.44949e-18)
(0.499304 0.00191571 4.44457e-18)
(0.504659 -0.00398176 -8.43883e-19)
(0.49824 -0.0093629 -4.18342e-18)
(0.281399 -0.202718 8.56638e-20)
(0.31578 -0.209869 4.6999e-19)
(0.523985 0.0113616 -2.27793e-18)
(0.500016 0.000938814 4.44474e-18)
(0.508612 0.0527268 -1.88316e-18)
(0.499812 -0.00466182 9.88053e-19)
(0.421379 0.00442981 0)
(0.501376 -0.00110597 3.7196e-18)
(0.502645 -5.01672e-05 1.90061e-18)
(0.500126 0.000585493 1.016e-18)
(0.499207 0.000950352 -1.02298e-18)
(0.461772 0.120518 -3.25113e-19)
(0.493793 0.00827601 -5.44841e-20)
(0.555277 -0.0407504 1.58711e-18)
(0.503024 -0.000564109 0)
(0.50323 0.00737226 -2.36628e-18)
(0.508668 -0.00400781 1.96507e-18)
(0.28276 0.131043 7.80171e-21)
(0.282641 -0.13069 -2.69523e-20)
(0.500165 0.000760406 -4.37237e-18)
(0.482828 -0.0041085 3.00018e-18)
(0.481485 0.00466483 1.80363e-18)
(0.337848 0.0623152 4.94485e-20)
(0.331009 -0.0580474 -5.35516e-20)
(0.502781 -0.00167862 1.32879e-18)
(0.499381 -0.0215796 -5.93335e-20)
(0.525615 0.00373213 0)
(0.499775 0.00174623 -2.27101e-18)
(0.161978 0.233695 -1.67296e-18)
(0.16197 -0.234386 1.56814e-18)
(0.502773 0.0161184 -4.71657e-19)
(0.512115 0.00851052 -2.2309e-18)
(0.508952 0.00557888 0)
(0.509958 0.00139166 2.358e-18)
(0.506637 -8.41707e-05 -4.55933e-18)
(0.499138 -0.00238244 4.17065e-18)
(0.486191 0.000740549 0)
(0.514055 -0.00266423 1.71027e-18)
(0.519568 -0.00898992 1.88065e-18)
(0.50631 0.00411195 1.21009e-18)
(0.501916 0.00271419 2.21043e-18)
(0.272471 0.0440038 2.52173e-19)
(0.499596 0.00383632 -4.30839e-18)
(0.504889 0.00127523 8.75156e-19)
(0.499908 -0.00337645 -1.5228e-19)
(0.531581 0.00678934 -4.27231e-18)
(0.499001 -0.00544905 0)
(0.500678 -0.00777563 1.34338e-19)
(0.49923 -1.41511e-05 2.14508e-18)
(0.492723 0.000875423 0)
(0.448352 -0.157673 1.10273e-18)
(0.490264 -0.00370181 0)
(0.486738 0.0125632 -4.62589e-19)
(0.499537 0.000388401 -2.07645e-18)
(0.175215 -0.229551 7.92466e-19)
(0.17147 0.22668 -1.00214e-18)
(0.512237 -0.00906104 5.75448e-18)
(0.499089 0.00177949 0)
(0.498866 -0.00123977 -3.23595e-18)
(0.496808 0.00392142 -1.92825e-18)
(0.524204 0.00474299 -3.38215e-18)
(0.526402 0.0185392 2.63914e-20)
(0.497168 -0.000203749 1.24023e-18)
(0.188252 -0.172112 0)
(0.185298 0.173113 5.24163e-19)
(0.510932 0.0121728 3.76714e-18)
(0.481336 -0.00738244 -1.01746e-18)
(0.499701 0.004267 -2.08467e-18)
(0.18607 -0.17707 2.81902e-19)
(0.185108 0.17726 -3.07588e-19)
(0.335434 -0.00624776 6.73353e-21)
(0.500473 -0.000301251 -2.29693e-18)
(0.349997 0.0107478 -3.09638e-19)
(0.246588 -0.0999209 0)
(0.243195 0.104576 1.51606e-19)
(0.207098 -0.117776 0)
(0.201275 0.119411 0)
(0.270656 0.219645 0)
(0.512481 -0.0122844 3.76725e-18)
(0.492753 0.00204511 -1.82514e-18)
(0.504213 -0.00342284 -4.81413e-18)
(0.505627 0.000652359 0)
(0.490517 -0.00214721 1.75844e-18)
(0.515885 0.00792204 -8.86629e-19)
(0.496093 0.00628619 1.55968e-19)
(0.510192 -0.00121975 -1.17035e-18)
(0.499235 0.000409213 0)
(0.527623 -0.0189118 0)
(0.511556 -0.0032088 0)
(0.496307 0.00775551 -2.14779e-18)
(0.500732 -0.00209818 2.11538e-18)
(0.495349 0.0026205 3.78794e-18)
(0.493255 -0.000825479 0)
(0.506203 -0.00398937 3.84433e-18)
(0.510445 0.00211642 1.44332e-19)
(0.531457 -0.0198145 -4.62259e-19)
(0.519358 -0.00738124 0)
(0.503292 0.000842153 0)
(0.1754 0.216991 7.69744e-19)
(0.178424 -0.220027 -7.14058e-19)
(0.5198 -0.00229251 -1.17924e-19)
(0.518467 -0.0134248 -5.70779e-18)
(0.511995 0.0101953 0)
(0.496227 -0.00839306 5.14796e-19)
(0.495691 0.00802401 3.93185e-18)
(0.303505 -0.0138987 -9.8229e-20)
(0.486354 0.0110382 -4.1219e-20)
(0.187001 0.31746 1.13289e-18)
(0.501909 -0.00212648 0)
(0.523255 0.00363919 5.42286e-18)
(0.501477 -0.00634171 7.90504e-19)
(0.504854 -0.00261616 -1.09305e-18)
(0.513295 0.00321603 2.32334e-18)
(0.49102 -0.00101562 3.88819e-18)
(0.493525 -0.00805167 1.78157e-18)
(0.504545 0.00126532 0)
(0.520136 0.00154449 -2.22275e-18)
(0.482987 -0.00596099 -2.04354e-18)
(0.189349 -0.16516 -3.34766e-19)
(0.18591 0.167292 3.68282e-19)
(0.437025 -0.148654 -1.25737e-18)
(0.611645 -0.1208 0)
(0.489047 0.0023541 -4.93469e-19)
(0.495043 0.00108628 -2.75067e-18)
(0.500267 0.000810819 0)
(0.498565 0.0014124 2.2314e-18)
(0.484265 -0.00978191 1.75954e-18)
(0.350843 -0.117145 1.12755e-20)
(0.508369 -0.00186252 -4.17664e-18)
(0.524191 -0.00427099 -2.79383e-18)
(0.499734 -0.000784332 2.32581e-18)
(0.498637 -0.00190654 0)
(0.500188 -0.00856832 -4.46821e-18)
(0.360835 0.247798 1.84327e-19)
(0.16598 0.294614 3.0901e-18)
(0.499213 0.00772998 1.45272e-19)
(0.483016 -0.0018149 -1.09796e-20)
(0.490041 -0.00171364 1.72087e-18)
(0.46026 0.0718142 8.8622e-19)
(0.499228 -0.00170915 2.92176e-18)
(0.501299 -0.00401401 0)
(0.50228 -0.00168662 1.20371e-18)
(0.469659 0.0607039 -2.07704e-19)
(0.369286 0.00992462 4.28308e-19)
(0.500385 -0.00144188 -2.40066e-18)
(0.117767 -0.326991 0)
(0.117576 0.327234 0)
(0.512034 -0.0171618 -8.56209e-19)
(0.179466 -0.337642 -1.48156e-18)
(0.509608 -0.0218754 1.28408e-18)
(0.498875 -0.00153457 -1.99227e-18)
(0.463822 0.0713798 -2.61218e-18)
(0.19395 -0.152227 -3.89539e-19)
(0.193087 0.153567 4.15906e-19)
(0.344931 0.00813015 3.63698e-19)
(0.501123 -0.00606058 -2.21772e-18)
(0.504663 0.00475399 2.89971e-19)
(0.500644 -0.00798827 -1.9478e-18)
(0.472648 -0.00404794 0)
(0.478927 -0.0360248 0)
(0.504753 0.0141685 -3.31283e-18)
(0.411243 0.109705 -1.05469e-18)
(0.369461 0.118842 6.69323e-19)
(0.491835 0.0064032 -1.89902e-18)
(0.0767929 0.386909 3.92194e-18)
(0.317739 -0.120248 0)
(0.318352 0.120859 0)
(0.499616 -0.000442 -5.23752e-22)
(0.508754 -0.00656905 -1.15167e-18)
(0.294088 0.125496 0)
(0.293878 -0.125235 8.13291e-20)
(0.501885 0.0050232 -5.6562e-19)
(0.502579 -0.00362962 1.09038e-18)
(0.509045 -0.00458392 -4.05691e-18)
(0.496106 -0.00922129 0)
(0.494254 0.00400833 4.66029e-18)
(0.50376 0.00699127 0)
(0.291384 -0.0197435 -1.36085e-20)
(0.501332 -1.38962e-05 1.78361e-18)
(0.497384 0.00247195 0)
(0.485982 -0.0083324 0)
(0.501634 -0.004269 0)
(0.1791 0.161719 -1.01852e-19)
(0.181361 -0.160071 9.35688e-20)
(0.495536 -0.00225001 -3.98389e-20)
(0.500455 -0.00225805 2.35254e-18)
(0.500779 0.000945508 1.28788e-18)
(0.0734133 0.364005 -3.74109e-18)
(0.50279 0.000894317 -5.55292e-19)
(0.50054 -0.00195343 4.22582e-18)
(0.505097 -0.000234041 0)
(0.500742 0.00194134 -2.21225e-18)
(0.500273 0.000672571 -3.47147e-18)
(0.500672 1.36869e-05 0)
(0.50138 -0.000787392 1.19431e-18)
(0.516463 0.00287843 2.33773e-18)
(0.50273 0.000729627 4.60024e-18)
(0.501819 0.00105539 0)
(0.503139 -0.00249009 2.43466e-18)
(0.428811 0.0400251 0)
(0.242907 0.109919 3.61986e-20)
(0.234986 0.124611 -1.30648e-19)
(0.497237 0.000335434 -2.11847e-18)
(0.512372 0.012475 0)
(0.525188 0.00100354 1.52497e-18)
(0.40645 -0.114666 0)
(0.509593 0.0122247 -4.26727e-18)
(0.503378 0.00500394 1.99329e-18)
(0.50901 -9.22422e-06 1.16235e-18)
(0.497731 0.00240807 0)
(0.474843 0.0119235 6.31147e-19)
(0.4873 -0.00329055 0)
(0.502076 0.00311464 -2.0382e-18)
(0.466413 0.0303711 8.01949e-19)
(0.406826 -0.117839 -1.85613e-19)
(0.506007 0.00573439 -6.48132e-18)
(0.512535 0.000155338 0)
(0.222229 -0.201686 6.59068e-19)
(0.221972 0.201593 -7.20336e-19)
(0.512308 -0.0143823 0)
(0.482752 0.00812401 0)
(0.260278 0.17694 0)
(0.499558 0.000445318 2.21906e-18)
(0.498109 0.00120343 0)
(0.493318 0.00464939 -2.31847e-18)
(0.482403 -0.0819649 8.20751e-19)
(0.492741 -0.00314081 -8.91049e-19)
(0.504113 -0.00293263 -2.86046e-19)
(0.315785 0.096158 1.40841e-19)
(0.315461 -0.0958304 -1.91974e-19)
(0.494205 0.00496045 0)
(0.499384 0.00171606 4.41886e-18)
(0.270853 0.0409781 -4.04179e-19)
(0.242273 -0.148029 -8.10773e-19)
(0.488719 0.0622705 -3.58782e-19)
(0.231578 -0.159538 7.34085e-19)
(0.241881 -0.107684 0)
(0.526853 0.00540341 0)
(0.530373 0.00610273 1.66667e-18)
(0.487838 -0.0610614 0)
(0.459606 -0.0408622 0)
(0.506774 -0.0117558 -4.61152e-18)
(0.500802 -0.000814926 0)
(0.498905 0.000598187 -4.18059e-18)
(0.504434 0.0141677 -1.89423e-18)
(0.501232 -0.00401725 0)
(0.499191 -0.000381966 0)
(0.494898 -0.00121302 3.19318e-18)
(0.496293 0.00248474 0)
(0.321971 -0.18892 1.46742e-19)
(0.511515 0.00965843 -1.05426e-18)
(0.499564 0.00030663 0)
(0.498288 0.00221518 2.61422e-18)
(0.498704 0.002945 3.24878e-18)
(0.241733 0.141046 -3.01913e-19)
(0.241794 -0.140155 2.76416e-19)
(0.493345 0.00446699 -2.50086e-18)
(0.499704 0.0216425 4.28215e-19)
(0.501822 -0.0373787 -3.68207e-18)
(0.503221 -0.0410397 1.88656e-18)
(0.286102 0.149412 0)
(0.297068 0.12799 8.6963e-20)
(0.474379 -0.0332169 3.88564e-19)
(0.499012 -0.0001915 2.13264e-18)
(0.441875 0.0597485 6.94717e-19)
(0.371827 -0.0690041 0)
(0.501656 -0.000764002 -1.03806e-18)
(0.511432 0.0104463 2.81433e-19)
(0.231347 0.128152 -1.84211e-19)
(0.510248 -0.00891819 0)
(0.529039 0.0117766 -1.65395e-19)
(0.270301 0.0519276 -1.46149e-19)
(0.503043 -0.0103391 -3.04835e-18)
(0.242215 -0.141202 0)
(0.242178 0.141646 9.0022e-20)
(0.190225 -0.182058 -6.51592e-19)
(0.187263 0.182945 2.24569e-19)
(0.518331 -0.00206464 1.02466e-18)
(0.514021 -0.0246878 0)
(0.50015 -0.00179127 0)
(0.499138 -0.000352032 2.45227e-18)
(0.500534 0.000788061 -4.46032e-18)
(0.266732 0.171667 4.19058e-19)
(0.489952 0.00504958 -3.99208e-18)
(0.481279 -0.00445146 0)
(0.43059 0.00745379 -1.34566e-18)
(0.404782 0.00684751 2.72396e-19)
(0.493452 -0.00151194 -1.95746e-18)
(0.487298 0.00148626 -1.1695e-18)
(0.358634 0.231638 0)
(0.496982 0.00125308 -6.93614e-18)
(0.501141 -0.00275415 0)
(0.51402 0.00747155 7.52673e-19)
(0.372722 -0.00282199 -2.87462e-19)
(0.480309 0.0452447 -2.81673e-19)
(0.495963 0.00953771 1.6824e-18)
(0.490789 0.0403049 4.48666e-19)
(0.50631 0.00790397 4.49705e-18)
(0.500782 -0.00404411 2.83779e-19)
(0.253129 0.139408 -2.3552e-19)
(0.253101 -0.13902 1.0595e-19)
(0.450018 -0.0342603 7.34286e-19)
(0.506795 0.00916067 3.86533e-18)
(0.247671 0.0740098 0)
(0.247528 -0.0718822 2.11917e-19)
(0.503027 -0.000704534 -4.36622e-18)
(0.496999 -0.00447642 -2.06459e-18)
(0.500377 -0.000760434 -2.2481e-18)
(0.498996 -3.95825e-05 2.42023e-18)
(0.461063 0.0110139 -2.13709e-19)
(0.487345 0.0595098 1.47208e-18)
(0.500217 -0.00165669 -2.34361e-18)
(0.505415 0.00174167 -6.46086e-20)
(0.501112 -0.000186963 0)
(0.496629 -0.0059409 -1.90557e-18)
(0.507313 -0.00362335 0)
(0.500991 -0.0058254 0)
(0.503245 -0.00183883 5.81431e-19)
(0.497256 -0.00174085 0)
(0.50494 0.00423752 -1.77428e-18)
(0.182047 0.160616 -3.68803e-19)
(0.184122 -0.159237 -1.0072e-19)
(0.505367 -0.00478194 -3.52493e-19)
(0.525927 -0.00118837 5.3034e-18)
(0.491279 0.00258083 2.0285e-18)
(0.492687 -0.00651169 4.14302e-18)
(0.267531 -0.223081 -9.42718e-20)
(0.521175 0.35332 8.05418e-19)
(0.521689 -0.0122023 2.6849e-18)
(0.493967 -0.00613345 0)
(0.500618 0.00012126 0)
(0.433965 -0.112392 1.58571e-18)
(0.327649 0.039372 -1.13195e-20)
(0.500975 -0.00328376 2.7892e-19)
(0.500746 -0.0171785 2.03497e-20)
(0.507029 -0.00284031 -2.23445e-19)
(0.27827 0.194609 -5.96624e-20)
(0.372424 -0.0571026 -6.55951e-21)
(0.491583 0.00133775 0)
(0.493279 0.00745544 0)
(0.438195 -0.0257456 -1.19907e-19)
(0.419294 0.0266439 1.51311e-18)
(0.277006 0.0581419 2.56501e-20)
(0.279813 0.00834498 3.44783e-19)
(0.510934 -0.00076534 -9.72715e-20)
(0.512586 -0.00814464 2.01883e-18)
(0.511685 -0.00955413 4.05646e-18)
(0.495567 0.0105203 0)
(0.500313 0.000513773 -5.8854e-19)
(0.500906 -0.00411208 2.18592e-18)
(0.496547 0.00691634 -3.05162e-18)
(0.504224 0.000190188 2.09592e-18)
(0.581009 -0.0728412 6.50474e-19)
(0.55867 -0.0736979 -4.80197e-18)
(0.494508 0.00156862 6.79492e-18)
(0.497723 0.00281547 2.22607e-18)
(0.343032 -0.0381133 -5.35006e-20)
(0.500698 -0.00081195 0)
(0.160936 0.229408 -1.41387e-19)
(0.161032 -0.230477 0)
(0.269372 0.136969 0)
(0.26887 -0.136152 0)
(0.477045 0.0178056 0)
(0.487906 -0.0111428 0)
(0.51394 0.00547573 -2.12936e-18)
(0.512718 0.00462483 4.34415e-18)
(0.499863 -0.00117588 0)
(0.500067 0.000365889 2.38409e-18)
(0.207685 -0.203457 0)
(0.203135 0.205443 1.19556e-18)
(0.335669 -0.168773 9.6303e-23)
(0.506115 0.000600774 -2.19436e-18)
(0.444904 -0.0193958 1.29353e-18)
(0.176793 -0.152009 -4.29076e-19)
(0.175282 0.153761 9.28177e-19)
(0.494702 0.0330725 0)
(0.183288 -0.156552 7.05063e-19)
(0.182045 0.15761 -7.52908e-19)
(0.503057 0.00852354 0)
(0.500056 -0.000643444 0)
(0.50108 0.00164363 5.43138e-19)
(0.516659 0.00201097 0)
(0.502612 0.0164562 0)
(0.480544 -0.0208572 -1.00643e-18)
(0.48683 -0.00689212 -2.81416e-18)
(0.505161 -0.000336454 -2.3396e-18)
(0.506751 0.00266992 -6.08046e-19)
(0.507256 0.00270171 -4.49875e-18)
(0.508536 0.00218204 0)
(0.503054 -0.000221191 0)
(0.196233 -0.192301 0)
(0.188676 0.193874 -1.16803e-18)
(0.500145 -0.00117101 -2.20473e-18)
(0.500077 -0.000721094 4.22162e-18)
(0.210946 0.333114 1.22507e-18)
(0.465376 0.0732492 4.37989e-19)
(0.182398 -0.314249 -6.12928e-19)
(0.490411 -0.00453584 2.17262e-18)
(0.343138 -0.0236993 0)
(0.505034 0.00189713 3.62761e-18)
(0.283635 0.123747 1.25543e-19)
(0.499331 -0.00484957 4.75024e-18)
(0.493047 0.00297126 -1.52746e-18)
(0.497892 -0.0132057 0)
(0.505992 -0.00532096 -9.9798e-18)
(0.49861 2.84647e-05 1.14777e-18)
(0.207227 0.225675 -2.90164e-19)
(0.490311 0.0031528 -1.98171e-18)
(0.50246 0.00436081 4.49208e-18)
(0.51305 -0.00650799 4.93753e-19)
(0.507994 0.00185349 -2.46592e-18)
(0.473446 0.0544287 -1.32983e-18)
(0.500142 -0.000659377 -2.43131e-18)
(0.266021 0.12506 -1.16643e-20)
(0.265862 -0.12451 -1.46194e-20)
(0.494862 0.0389908 -1.31004e-18)
(0.291921 0.0603934 1.80924e-19)
(0.47292 0.05691 -9.06026e-19)
(0.48867 -0.046297 5.37027e-19)
(0.51881 0.0317294 0)
(0.507012 -0.00307719 -2.44133e-18)
(0.476576 0.0180004 -3.19958e-18)
(0.213081 -0.234837 1.33856e-18)
(0.183202 -0.196713 0)
(0.182839 0.196118 -2.08888e-19)
(0.481756 -0.00677052 0)
(0.50157 -0.00682898 -1.787e-18)
(0.497943 -0.0017122 0)
(0.432686 0.103365 -4.81549e-19)
(0.517156 -0.00243535 1.38749e-19)
(0.489039 0.00128879 2.0682e-18)
(0.501097 0.0022953 1.28888e-18)
(0.206011 0.284019 -2.23325e-18)
(0.501928 -0.00278455 0)
(0.485005 0.00155283 1.01579e-18)
(0.426541 0.0532691 -6.68912e-19)
(0.285991 0.113749 -1.65528e-19)
(0.285787 -0.113532 2.13439e-19)
(0.506752 -0.00124224 0)
(0.431794 0.0206619 -1.63083e-18)
(0.199045 -0.246446 9.22575e-19)
(0.519396 -0.00617856 -2.26651e-18)
(0.190516 0.239416 -4.65208e-19)
(0.500171 -0.0430953 0)
(0.482207 0.0168734 4.1663e-18)
(0.512957 0.00258404 -3.96521e-18)
(0.509852 -0.00752159 -1.40279e-18)
(0.489527 0.0267349 0)
(0.251093 0.189621 6.45887e-20)
(0.217545 -0.219205 0)
(0.217275 0.218953 0)
(0.529694 -0.00415952 -4.49475e-19)
(0.500146 0.00210128 5.64404e-19)
(0.502287 -0.000743453 -2.29111e-18)
(0.317997 -0.105602 -1.07066e-20)
(0.486857 0.0173852 1.98739e-18)
(0.513724 -0.0137716 -8.89692e-19)
(0.116611 -0.327764 3.6547e-18)
(0.115612 0.327201 0)
(0.507052 -0.00308901 2.35342e-18)
(0.483923 0.0570669 6.23084e-19)
(0.494048 0.0011378 0)
(0.50947 0.00433917 7.83929e-19)
(0.290114 -0.116142 -2.5048e-19)
(0.480513 0.037614 -6.64518e-19)
(0.183701 -0.195607 0)
(0.183257 0.195236 2.27605e-19)
(0.486765 -0.00855937 4.54794e-19)
(0.532652 -0.00222713 8.9654e-19)
(0.288152 0.119245 -1.39776e-19)
(0.287857 -0.11869 1.51485e-19)
(0.473528 0.0109193 0)
(0.493638 -0.00225364 0)
(0.478246 0.0027156 1.05269e-18)
(0.50378 0.00055995 -4.57498e-18)
(0.185492 -0.204519 1.98413e-18)
(0.179824 0.203724 -2.14783e-18)
(0.508416 0.00155643 -1.88976e-18)
(0.491139 -0.00857764 -5.14493e-18)
(0.503643 0.00194887 5.02678e-18)
(0.504643 -0.00602129 0)
(0.480152 -0.00692528 0)
(0.484928 -0.0173964 4.85174e-19)
(0.506058 0.00139933 2.2242e-18)
(0.487558 -0.00107802 4.64472e-19)
(0.497343 0.00647195 0)
(0.494371 0.00362857 4.04009e-18)
(0.499294 -0.000519504 2.20715e-18)
(0.50587 0.0104731 0)
(0.504108 0.0151567 -4.49106e-18)
(0.487994 0.0580807 0)
(0.479905 0.0491544 0)
(0.286616 -0.161525 1.37493e-20)
(0.501126 0.00896935 3.7662e-18)
(0.485562 0.0160712 0)
(0.354704 0.159039 -6.30995e-21)
(0.492964 -0.00130301 1.23673e-18)
(0.489272 0.00495292 -1.80629e-18)
(0.499637 -0.000332035 0)
(0.201068 -0.148727 -1.90011e-20)
(0.198935 0.151739 2.11343e-20)
(0.536515 -0.00351267 1.66747e-19)
(0.521487 -0.00977436 0)
(0.511034 0.00358174 -5.98324e-18)
(0.508289 -0.000561827 -1.26838e-18)
(0.255071 -0.0677806 -5.92972e-21)
(0.130853 0.348539 -5.02191e-18)
(0.509968 0.00828085 0)
(0.500377 -0.0014566 4.46363e-18)
(0.510542 -0.000567072 2.22278e-18)
(0.408787 0.0617639 -4.69368e-19)
(0.496333 0.00134269 6.70143e-21)
(0.174204 0.169643 4.53246e-19)
(0.176159 -0.169023 -4.15096e-19)
(0.308062 0.0676854 5.40145e-20)
(0.492752 0.0025075 0)
(0.495831 -5.54938e-05 2.41723e-18)
(0.497856 0.000372842 1.12052e-18)
(0.288957 -0.19115 5.55356e-20)
(0.508213 -0.00704954 0)
(0.503442 -7.34442e-05 -2.29362e-18)
(0.274793 -0.0667491 1.96892e-20)
(0.499809 0.00218908 4.68628e-18)
(0.499373 0.000549938 0)
(0.501055 -0.000370616 -4.71748e-18)
(0.46971 -0.0411911 0)
(0.491381 -0.0024405 1.00853e-18)
(0.264793 -0.113332 0)
(0.256721 -0.127405 6.75935e-20)
(0.499274 -0.00250706 0)
(0.490702 7.94167e-05 0)
(0.504371 0.00263184 -2.1828e-18)
(0.500605 -0.0119166 -5.42238e-18)
(0.491729 -0.000123908 1.78586e-18)
(0.262825 0.135872 1.41184e-19)
(0.500884 -0.00174123 -4.51619e-18)
(0.288699 -0.163714 -4.75028e-20)
(0.508262 0.00116889 5.15324e-19)
(0.498796 0.000353208 0)
(0.49583 0.00244444 2.4663e-18)
(0.506963 -0.00145495 3.37044e-18)
(0.221536 -0.362535 3.01742e-19)
(0.501574 0.000900185 0)
(0.500002 0.00647331 -2.37934e-18)
(0.504658 0.00990588 0)
(0.491634 0.0178918 0)
(0.492996 0.00515475 0)
(0.428499 -0.0973469 -7.55952e-19)
(0.497624 0.00201657 -2.45322e-18)
(0.49779 0.00171403 1.48903e-19)
(0.506561 0.00166206 -3.55675e-18)
(0.307337 0.101096 1.09487e-19)
(0.307039 -0.100641 -1.13673e-19)
(0.466874 0.00463083 4.44347e-19)
(0.494808 0.00988621 -1.67968e-18)
(0.526375 0.0067467 -2.52871e-18)
(0.50162 -0.0746407 0)
(0.181185 -0.186226 -2.80527e-19)
(0.178523 0.18656 3.02118e-19)
(0.410579 0.114332 -1.6816e-19)
(0.407085 0.111433 7.36436e-20)
(0.185709 0.19103 0)
(0.18788 -0.191159 -1.6731e-19)
(0.282163 0.152705 -2.27679e-20)
(0.282146 -0.15265 -5.94387e-19)
(0.498443 -0.00389498 -1.18548e-18)
(0.486842 0.007551 -3.85102e-18)
(0.502584 0.00181449 3.61463e-18)
(0.486251 0.0185491 0)
(0.501151 0.00577686 2.43587e-18)
(0.262707 -0.128213 8.53265e-20)
(0.505513 0.00721573 -4.06987e-18)
(0.504371 0.00711144 9.57806e-19)
(0.480295 -0.0174354 0)
(0.251505 0.135919 0)
(0.251452 -0.135206 0)
(0.494996 -0.00478694 0)
(0.510115 0.00469761 1.4e-18)
(0.308101 -0.0653099 3.1826e-20)
(0.499515 -0.000620112 -2.46262e-18)
(0.497855 -0.00145836 2.34133e-18)
(0.503466 0.000280602 0)
(0.501364 -0.00508737 -2.03107e-18)
(0.503579 -0.0012532 5.60873e-19)
(0.487619 -0.00628228 2.952e-19)
(0.502094 -0.0014307 0)
(0.514991 0.00588268 2.35176e-18)
(0.502017 0.00145624 0)
(0.383964 -0.0689052 4.31281e-19)
(0.384854 0.0692764 -4.26708e-19)
(0.24917 -0.138903 2.79915e-20)
(0.249065 0.139703 -2.99177e-20)
(0.482693 -0.052538 1.70162e-18)
(0.245589 -0.179671 -3.95675e-19)
(0.245453 0.179609 5.14714e-19)
(0.501675 -0.000649819 2.51301e-18)
(0.494136 -0.00158413 0)
(0.497208 -0.00133112 -1.07324e-18)
(0.503815 0.0114392 -2.20229e-18)
(0.532269 0.0130125 1.81412e-18)
(0.507443 -0.00976928 -1.89332e-18)
(0.515671 0.0018263 -1.8001e-18)
(0.499531 -0.0143909 2.54489e-19)
(0.495479 -0.00621074 0)
(0.507168 0.00117888 0)
(0.519243 -0.00081071 2.14154e-18)
(0.523714 -0.00660352 -2.26188e-20)
(0.490334 0.00353974 3.02087e-18)
(0.499612 0.00263312 2.33428e-18)
(0.499325 -0.000581474 -4.5049e-18)
(0.50795 -0.00554382 -6.52238e-18)
(0.403767 -0.125262 7.07997e-20)
(0.501894 0.00138709 0)
(0.193577 -0.121708 0)
(0.190112 0.127056 2.36004e-19)
(0.510309 0.00434367 0)
(0.500517 0.00122787 -7.74253e-21)
(0.367809 0.120336 -1.10095e-20)
(0.362163 -0.0629994 -8.60245e-19)
(0.362493 0.0632075 8.46673e-19)
(0.495769 -0.00287009 0)
(0.227535 -0.152823 0)
(0.227215 0.153052 0)
(0.504641 -0.0120374 0)
(0.480348 0.00072472 0)
(0.50785 -0.00505164 -1.09948e-18)
(0.226159 -0.163139 -5.2592e-19)
(0.225916 0.163405 4.95507e-19)
(0.477174 -0.00313074 -1.32156e-19)
(0.508227 0.00235986 -2.71083e-18)
(0.504732 -0.000399691 0)
(0.511503 0.00101032 4.0677e-18)
(0.508077 0.00390512 2.11529e-18)
(0.139829 -0.286315 8.1239e-20)
(0.140031 0.286222 -1.04507e-19)
(0.232135 -0.124845 0)
(0.477124 0.0239667 -8.0256e-20)
(0.505386 0.00540667 2.32458e-18)
(0.507264 -0.0058891 -1.97674e-18)
(0.262582 -0.148344 -5.52745e-19)
(0.262541 0.14849 6.57779e-19)
(0.24246 0.15895 -6.65247e-19)
(0.242581 -0.15878 6.50052e-19)
(0.49282 0.000176434 0)
(0.238394 -0.206784 0)
(0.493655 -0.00173948 -1.17514e-18)
(0.507322 -0.00498501 3.54417e-18)
(0.505514 0.00355237 -1.17291e-18)
(0.133333 -0.301155 -2.68007e-18)
(0.130735 0.30145 8.97131e-19)
(0.466719 -0.0830805 8.01869e-19)
(0.50082 -0.0119081 -4.87254e-18)
(0.499624 -0.0009344 0)
(0.417805 -0.0891863 0)
(0.499951 0.000382065 3.0652e-21)
(0.502225 -0.029335 -4.80447e-19)
(0.499193 -0.0038315 0)
(0.575349 -0.2847 1.53555e-18)
(0.493587 -0.00856212 9.47275e-19)
(0.492483 0.00187052 1.14607e-18)
(0.517323 -0.0078721 4.88774e-18)
(0.515762 0.00663678 1.94076e-18)
(0.582103 -0.402611 -1.40022e-18)
(0.493827 0.00477079 0)
(0.498123 0.000457332 1.73056e-20)
(0.253577 -0.0880744 -6.55137e-20)
(0.243334 -0.08147 -9.01955e-20)
(0.251138 0.0887671 -3.81092e-19)
(0.242225 0.0844664 1.4028e-19)
(0.498955 -0.000170456 0)
(0.501931 -0.00167428 -1.97212e-18)
(0.500831 0.00184468 0)
(0.479727 -0.0537798 -2.13663e-18)
(0.253338 0.0706389 0)
(0.497747 0.00746569 1.99456e-18)
(0.507592 -0.00990828 8.40093e-18)
(0.513467 0.00676588 -2.36237e-18)
(0.232826 0.204859 -1.32017e-20)
(0.480523 0.0147507 -5.04576e-19)
(0.420281 0.132954 0)
(0.498908 0.000322176 0)
(0.497 -0.000109796 0)
(0.493086 -0.0323261 -4.87924e-19)
(0.512982 0.00932349 0)
(0.491871 0.00639076 0)
(0.489362 0.00195674 0)
(0.238884 -0.123591 0)
(0.50252 0.000754897 0)
(0.440925 0.181486 0)
(0.489702 -0.00831499 -3.76452e-18)
(0.499596 0.00391385 0)
(0.499454 -0.000149281 0)
(0.511077 0.0388754 0)
(0.275217 -0.0262214 -7.80331e-20)
(0.500244 -0.00371423 0)
(0.308799 0.0642774 -5.23509e-20)
(0.511601 0.0146117 -2.43826e-18)
(0.275666 0.0703283 0)
(0.507456 0.00971628 -1.74034e-18)
(0.49518 0.0178154 -3.67825e-18)
(0.468987 0.00989718 -9.2884e-19)
(0.496037 0.00552918 -2.33253e-18)
(0.281396 0.00182527 0)
(0.505182 -0.000656113 4.6274e-18)
(0.503417 0.00236932 3.83996e-19)
(0.518518 0.00635512 -2.85245e-19)
(0.477049 0.00041986 -2.05048e-18)
(0.489682 -0.00941152 0)
(0.390276 -0.149053 1.70425e-19)
(0.470223 -0.000102466 -7.31932e-19)
(0.501484 0.0030091 -2.20636e-18)
(0.49574 0.00259294 0)
(0.484607 0.00723238 1.64142e-18)
(0.171231 -0.153426 0)
(0.170615 0.155291 0)
(0.502357 -0.000628667 1.87523e-18)
(0.499124 -0.00272476 0)
(0.505739 -0.00297308 2.45634e-18)
(0.332922 0.137586 0)
(0.499855 -0.00159504 -1.12044e-18)
(0.278267 -0.187034 0)
(0.278151 0.187033 0)
(0.132505 0.334489 5.73933e-18)
(0.502407 0.00078738 -2.46328e-18)
(0.509205 -0.0234156 4.30322e-18)
(0.511967 0.00917763 -2.78325e-18)
(0.279467 -0.129039 -9.51595e-20)
(0.405905 0.143754 0)
(0.496222 0.00130058 0)
(0.44405 0.135074 3.18332e-19)
(0.424751 0.13665 -3.89456e-19)
(0.498419 -0.00551087 0)
(0.188595 0.157135 -4.63996e-19)
(0.189892 -0.155368 4.43475e-19)
(0.490569 -0.000484154 -9.24657e-21)
(0.243306 0.211833 7.101e-19)
(0.49427 -0.00318448 -2.43412e-18)
(0.500116 -0.000562522 -4.63901e-18)
(0.5223 0.00391609 -5.27799e-20)
(0.514714 0.0159884 0)
(0.502433 0.00404798 2.31362e-18)
(0.474703 0.0158921 -4.48069e-18)
(0.502261 0.00908347 2.1821e-18)
(0.528427 0.000210478 2.35026e-18)
(0.486305 0.00435191 -2.09731e-20)
(0.493507 0.00709472 0)
(0.505479 -0.00441476 0)
(0.509237 0.00464284 0)
(0.454187 0.169066 -2.22279e-19)
(0.512954 0.00539835 0)
(0.308609 -0.0610419 1.58693e-20)
(0.49483 -0.00387249 -2.42507e-18)
(0.255859 -0.239436 0)
(0.158659 -0.273175 5.38499e-19)
(0.158593 0.272501 -5.66894e-19)
(0.502154 -0.00430557 4.10376e-18)
(0.499993 0.0104445 5.58421e-19)
(0.506544 -0.00710919 2.3688e-18)
(0.5138 -0.00282011 0)
(0.513611 0.0117944 0)
(0.499147 0.00349976 4.95896e-18)
(0.521987 0.00602237 -3.55592e-18)
(0.501304 0.00346801 0)
(0.512441 0.00988242 0)
(0.495764 -0.00838951 -4.12038e-19)
(0.51089 0.00426129 -3.86064e-18)
(0.43962 -0.00966657 1.37091e-18)
(0.505525 0.00240928 -2.2223e-18)
(0.501349 -0.0116866 -4.20232e-19)
(0.499554 -0.0034126 0)
(0.501495 0.00664162 4.36228e-18)
(0.498081 0.0139458 -6.6849e-18)
(0.519862 0.0200881 -1.08428e-18)
(0.504085 0.00338284 -1.72311e-18)
(0.223604 -0.176133 0)
(0.223339 0.175904 0)
(0.498562 0.0042192 -2.30825e-18)
(0.225999 -0.191163 0)
(0.225822 0.19126 0)
(0.486972 -0.000952836 0)
(0.503483 0.00111509 2.34419e-18)
(0.489728 -0.00428538 0)
(0.267789 0.137862 0)
(0.267573 -0.136841 0)
(0.478631 0.00321578 -8.1551e-19)
(0.387395 0.166608 0)
(0.498687 -0.00410951 0)
(0.500955 -0.0102816 0)
(0.499688 0.00902281 2.11761e-18)
(0.512065 -0.00281167 -1.28535e-18)
(0.197503 0.274401 1.06621e-18)
(0.197534 -0.274603 -1.19683e-18)
(0.513126 0.00329227 -4.17599e-18)
(0.534862 -0.0082026 -4.60016e-18)
(0.504815 0.00617356 0)
(0.513407 0.000413778 2.58628e-18)
(0.507985 -0.00156953 -2.23446e-18)
(0.52362 -0.00695323 0)
(0.472637 -0.0691691 0)
(0.474424 -0.0789551 0)
(0.506026 -0.00315205 -2.43101e-18)
(0.483053 0.0047912 2.51941e-19)
(0.221777 -0.14748 2.70384e-19)
(0.221364 0.148339 -3.02161e-19)
(0.520528 -0.0193796 5.13483e-19)
(0.620107 0.0375071 0)
(0.499748 -0.00567996 9.08215e-19)
(0.491214 -0.00290048 1.83918e-18)
(0.495585 -0.0106434 2.02914e-18)
(0.54695 -0.0872961 -6.90847e-19)
(0.510782 0.0052432 -4.98413e-18)
(0.497821 0.00514925 5.2144e-18)
(0.457986 -0.137867 1.87702e-19)
(0.510116 0.00835945 -1.08382e-18)
(0.480833 0.0819126 -2.08143e-18)
(0.499601 0.00126936 -5.21396e-18)
(0.478173 0.0117783 0)
(0.278146 -0.137993 2.84236e-20)
(0.280933 -0.142078 -7.94012e-20)
(0.28097 0.142307 2.48364e-20)
(0.478893 0.00170473 0)
(0.499807 0.00496801 4.69753e-18)
(0.499848 0.00289592 2.83658e-18)
(0.498943 -0.00855265 0)
(0.477556 0.0613772 4.72554e-19)
(0.25864 0.0535993 0)
(0.280452 -0.0476993 1.12983e-20)
(0.503897 -0.00299036 -4.64758e-18)
(0.501815 -0.0119881 -1.91696e-18)
(0.287263 0.101173 7.96127e-21)
(0.335601 -0.114862 -1.35312e-18)
(0.335694 0.11491 1.24346e-18)
(0.480101 -0.0103047 -1.53632e-19)
(0.277918 -0.00715791 0)
(0.500493 -0.00587933 -1.14496e-18)
(0.500283 0.00026475 -1.13157e-18)
(0.296264 -0.0874112 2.51589e-20)
(0.290581 0.0885557 -4.30561e-20)
(0.338075 -0.143783 -1.55602e-19)
(0.512753 0.0108217 9.103e-20)
(0.348704 -0.180581 0)
(0.508595 0.0245646 -2.68467e-19)
(0.513975 0.0162362 0)
(0.499674 -0.00354105 0)
(0.509033 0.00188885 -2.88892e-18)
(0.512706 0.00127726 2.45587e-18)
(0.500482 -6.82752e-05 -2.13665e-18)
(0.507335 0.00747297 3.23639e-18)
(0.495106 -0.00118051 0)
(0.50177 0.00975458 2.40725e-18)
(0.363709 0.0293233 -1.93546e-19)
(0.0906043 -0.389419 0)
(0.494839 0.000272018 -4.13136e-20)
(0.505193 0.000484074 -1.87158e-18)
(0.491055 0.0205977 -2.90054e-19)
(0.276995 0.022569 0)
(0.231411 -0.143294 -2.72448e-19)
(0.231167 0.14403 2.95575e-19)
(0.385912 -0.160489 -6.39445e-19)
(0.42873 0.208261 0)
(0.492915 0.00154767 1.84936e-18)
(0.498395 0.000182923 -2.29346e-18)
(0.378064 0.205334 -1.18565e-19)
(0.499271 0.00707901 5.06171e-18)
(0.31743 -0.121512 3.62987e-20)
(0.501648 -0.00241611 -2.25252e-18)
(0.260664 -0.0533191 -3.62456e-20)
(0.200564 0.151015 3.13021e-19)
(0.201186 -0.149868 -2.93068e-19)
(0.512453 -0.0192543 1.81095e-18)
(0.511658 -0.0075324 -3.90248e-18)
(0.292797 -0.0289851 -1.35867e-20)
(0.503347 -0.00205339 -4.35128e-21)
(0.491562 -0.0101134 9.98518e-19)
(0.529607 0.00361646 2.08618e-18)
(0.499435 0.000135307 -2.27304e-18)
(0.491238 -0.00947399 4.41954e-18)
(0.297403 -0.313421 2.57535e-19)
(0.499027 1.98775e-05 1.02007e-18)
(0.257275 -0.292199 -5.608e-19)
(0.496874 0.00263142 -1.1999e-18)
(0.22576 0.268937 -3.749e-19)
(0.508845 0.00230447 0)
(0.499183 -0.00291578 -4.03163e-18)
(0.495649 0.010523 -9.70003e-19)
(0.200835 0.162736 -3.12734e-19)
(0.203328 -0.160211 3.61166e-19)
(0.515583 -0.0041667 2.73921e-18)
(0.470024 0.0267528 0)
(0.478906 0.0226322 0)
(0.499097 0.000419102 -3.7363e-18)
(0.358432 -0.171451 0)
(0.464739 -0.0276495 2.3151e-18)
(0.149428 0.267489 -1.39121e-18)
(0.149879 -0.267522 1.06219e-19)
(0.137135 0.295531 1.48718e-18)
(0.137524 -0.295108 -2.86194e-18)
(0.493594 0.00172467 0)
(0.301927 -0.534308 -1.56992e-19)
(0.508331 -0.00842663 -3.63652e-18)
(0.507421 -0.006147 0)
(0.501412 -0.00318879 -2.52018e-18)
(0.494549 -0.00185979 -2.99048e-19)
(0.474854 0.0217342 0)
(0.491065 0.00697399 0)
(0.492481 -0.00946495 8.54841e-19)
(0.504471 0.00385901 2.07014e-18)
(0.507727 -0.00927769 4.35474e-20)
(0.211629 0.175639 0)
(0.211985 -0.175782 -1.30278e-18)
(0.495932 -0.00394622 -3.20819e-18)
(0.132283 -0.323588 -2.74641e-19)
(0.132356 0.323676 2.40145e-19)
(0.291672 0.0670761 3.26945e-21)
(0.187286 -0.166122 3.791e-19)
(0.185897 0.167254 -4.13941e-19)
(0.495131 -0.00404519 0)
(0.240853 0.173738 0)
(0.488579 0.0290974 -2.11504e-18)
(0.498095 0.000963612 2.33661e-18)
(0.49164 -0.00371894 -2.1249e-18)
(0.496284 -0.0220028 4.76074e-19)
(0.50255 -0.00131707 1.02904e-18)
(0.498429 0.00284772 0)
(0.498048 0.000844959 -1.40386e-19)
(0.4819 -0.0215986 7.06842e-19)
(0.49395 -0.00637897 8.73232e-19)
(0.513665 0.00709003 0)
(0.212422 0.17727 2.1407e-19)
(0.214381 -0.171657 1.04117e-19)
(0.501129 1.2988e-05 5.49574e-18)
(0.488466 -0.00195047 5.4552e-19)
(0.186423 0.178369 2.8624e-19)
(0.188184 -0.177772 -2.63468e-19)
(0.502477 -0.00361186 -1.20358e-18)
(0.506272 0.000625525 1.16846e-18)
(0.499779 -0.00141191 -2.55026e-18)
(0.490401 -0.00386844 -2.89851e-20)
(0.280768 0.0153485 -2.65199e-19)
(0.175774 0.184392 0)
(0.177479 -0.183627 0)
(0.470194 0.0297579 -1.75209e-18)
(0.519506 -0.0171138 -4.47512e-18)
(0.509746 -0.0605123 0)
(0.496573 -0.00488295 2.37355e-18)
(0.497727 -0.000546168 2.73282e-18)
(0.495738 -0.00149083 -1.90814e-18)
(0.501069 -0.00282731 -1.11447e-18)
(0.495318 -0.00294137 0)
(0.498398 -0.00111337 -2.48391e-18)
(0.495344 0.000547258 0)
(0.504311 0.00568573 -1.93205e-18)
(0.486669 -0.00102228 -2.24955e-18)
(0.158407 -0.288884 9.78368e-19)
(0.505629 -0.000536142 0)
(0.139589 -0.300862 0)
(0.49497 -0.000588587 0)
(0.293355 -0.0643117 5.31352e-20)
(0.498155 -0.00196512 0)
(0.505238 0.00916181 -2.99586e-20)
(0.158163 -0.256296 -2.08122e-18)
(0.159179 0.25548 -1.13274e-18)
(0.466743 0.00513507 7.83517e-19)
(0.522568 0.12637 1.00144e-18)
(0.359369 -0.246091 0)
(0.191496 -0.130327 0)
(0.188855 0.132146 -6.13318e-20)
(0.498556 -0.0140102 -1.89252e-18)
(0.202026 0.140195 -2.6823e-19)
(0.202535 -0.136872 0)
(0.496558 -0.000986132 2.26965e-18)
(0.498362 0.00206508 0)
(0.359812 -0.274965 -3.11361e-19)
(0.276721 0.0285682 0)
(0.123935 -0.347998 1.63198e-18)
(0.500495 -0.000647641 5.09577e-18)
(0.129071 -0.332834 1.8958e-18)
(0.48937 0.00199066 -2.31467e-18)
(0.502469 -0.000493664 0)
(0.497557 -0.00615527 0)
(0.476102 0.0291082 0)
(0.196078 -0.141697 1.23881e-19)
(0.194416 0.144318 -1.30389e-19)
(0.493602 0.00121502 -4.69537e-18)
(0.210295 -0.191362 -2.81587e-19)
(0.210047 0.191462 3.12128e-19)
(0.489029 -0.0300765 0)
(0.50094 0.00783334 -2.33943e-18)
(0.309341 0.0185772 -1.19368e-20)
(0.467785 -0.0577818 0)
(0.45875 -0.0776011 0)
(0.494034 0.000272833 2.21194e-18)
(0.499694 0.00260651 1.86364e-18)
(0.49904 0.000998662 -2.44865e-18)
(0.512498 -0.040364 6.8497e-19)
(0.508011 -0.0131171 9.04569e-19)
(0.512013 -0.000427995 4.73024e-18)
(0.223271 -0.153954 5.642e-20)
(0.222927 0.154569 -7.11215e-20)
(0.478164 -0.00455062 -1.41669e-18)
(0.500356 0.000403196 1.77894e-18)
(0.496202 -0.00177642 0)
(0.506517 -0.00654275 1.20083e-18)
(0.492198 -0.00375898 2.17757e-18)
(0.347043 -0.0404191 4.76724e-20)
(0.349666 -0.0594378 0)
(0.346805 0.0376275 -1.08163e-19)
(0.344681 0.0584663 0)
(0.038044 -0.407584 0)
(0.498359 0.000572602 -1.89321e-18)
(0.484113 0.0145632 -1.24373e-18)
(0.486059 -0.00811721 2.20943e-18)
(0.485912 0.0349531 0)
(0.496308 -0.0243042 0)
(0.516716 -0.0312275 1.84109e-18)
(0.51176 -0.0388378 -9.72823e-19)
(0.490774 -0.0112204 1.09996e-18)
(0.476656 0.00626759 0)
(0.499858 -0.118483 0)
(0.49601 0.00307455 5.73416e-19)
(0.48576 -0.00130056 3.47179e-21)
(0.489386 0.00308425 0)
(0.18521 -0.146598 1.50072e-19)
(0.184115 0.149095 -1.5224e-19)
(0.473656 -0.00275462 9.01546e-19)
(0.182285 -0.166798 2.24562e-19)
(0.18112 0.167523 -2.45794e-19)
(0.497805 0.00147885 0)
(0.486981 0.00425601 -1.72637e-18)
(0.499238 -0.00196923 -4.01619e-18)
(0.500587 0.00340883 2.60248e-18)
(0.495594 -0.00469079 2.42729e-18)
(0.501166 -0.000733171 0)
(0.326592 -0.00233165 2.89215e-21)
(0.323619 -0.0103401 1.66599e-21)
(0.146267 -0.265825 2.47081e-18)
(0.147269 0.265919 1.30947e-18)
(0.499038 0.00532226 -1.65574e-18)
(0.498314 -0.0107669 0)
(0.519486 -0.00335945 0)
(0.4945 -0.000848225 2.60666e-18)
(0.500892 7.88153e-05 -4.56466e-18)
(0.314351 -0.17615 -1.31524e-19)
(0.500301 -0.00108959 -5.39792e-19)
(0.508456 -0.0151938 1.94719e-18)
(0.46042 0.0848794 0)
(0.457504 0.0888164 1.60664e-19)
(0.186008 -0.151185 0)
(0.185104 0.153218 0)
(0.466604 -0.0785948 -9.41092e-19)
(0.485767 -0.00516586 -3.54877e-18)
(0.503792 0.00529433 -1.21925e-18)
(0.505342 0.00069213 0)
(0.456105 -0.105615 4.9685e-19)
(0.505037 -0.000733317 1.30114e-18)
(0.247839 -0.351502 9.62823e-19)
(0.244862 -0.484342 1.5456e-19)
(0.48768 -0.0215264 -2.47282e-19)
(0.485483 -0.00512496 0)
(0.264345 -0.151071 0)
(0.302575 0.323917 6.63043e-19)
(0.230852 0.366765 -1.24263e-18)
(0.504643 0.0103144 -1.0613e-18)
(0.199144 -0.162926 -2.12766e-19)
(0.198341 0.163737 2.32882e-19)
(0.507462 0.00181903 0)
(0.4621 -0.100443 4.77608e-19)
(0.495554 0.00390471 -5.14746e-19)
(0.497107 0.000451918 -1.41963e-18)
(0.542043 0.0113296 1.71572e-18)
(0.476007 0.00430258 -1.1911e-19)
(0.301392 0.00971364 -4.26739e-20)
(0.49453 1.06818e-05 1.98369e-18)
(0.500826 -0.0188103 -1.90252e-18)
(0.156521 0.383939 2.21791e-18)
(0.510426 -0.0110452 -3.81895e-18)
(0.233657 -0.144704 -1.27346e-19)
(0.233374 0.145844 1.35426e-19)
(0.48612 -0.00345198 0)
(0.495767 -0.00324428 1.2718e-18)
(0.504987 0.00332081 1.20917e-18)
(0.495139 -0.00765207 4.3391e-18)
(0.498615 -0.0033495 2.68144e-19)
(0.49584 -0.0182154 1.81743e-18)
(0.504395 0.00399351 -2.56994e-18)
(0.498198 -0.00319095 1.74352e-18)
(0.2032 0.142716 -5.17865e-20)
(0.207976 -0.139759 0)
(0.516002 0.0283874 1.44326e-18)
(0.494371 -0.000205916 -1.185e-18)
(0.497044 -0.0310624 -1.32323e-19)
(0.193687 0.182969 -6.10838e-19)
(0.19424 -0.182672 1.8044e-18)
(0.509411 0.00748635 -1.68918e-18)
(0.501332 -0.0222348 0)
(0.29042 -0.0395323 1.12311e-19)
(0.486177 -0.00737847 -1.06231e-19)
(0.178075 0.192015 2.08285e-18)
(0.17956 -0.192448 -1.93012e-18)
(0.515607 0.0228747 2.45797e-18)
(0.499409 -0.00137845 2.67251e-18)
(0.495908 0.00177779 2.3809e-18)
(0.176681 0.206936 -1.84008e-18)
(0.177468 -0.207434 1.70291e-18)
(0.497363 -0.00346598 -2.14212e-18)
(0.495084 0.00290541 -4.94408e-18)
(0.267119 -0.0491847 -1.38199e-19)
(0.471639 -0.00721167 0)
(0.481104 0.003245 -2.38732e-18)
(0.499996 0.00545084 2.30521e-18)
(0.495576 -0.00296652 -3.73813e-18)
(0.513092 0.0131594 -9.99647e-19)
(0.478401 -0.116407 0)
(0.469734 -0.0615723 0)
(0.500312 0.000684038 7.10307e-21)
(0.152882 0.390844 -3.78647e-18)
(0.455253 0.049946 6.84158e-19)
(0.488937 -0.0154782 0)
(0.514244 0.000644753 -6.14662e-18)
(0.514738 -0.00394766 0)
(0.492706 0.00438035 1.0854e-18)
(0.502378 0.0012507 0)
(0.49679 -0.00085468 -3.26371e-18)
(0.491 0.00499325 2.41238e-18)
(0.203865 0.17073 5.05371e-19)
(0.207249 -0.167308 -1.77642e-19)
(0.23135 0.0863716 0)
(0.234245 -0.0847463 0)
(0.494178 0.00311117 0)
(0.32605 -0.157602 1.47845e-20)
(0.497831 0.0018333 1.2243e-18)
(0.486086 -0.0154284 0)
(0.487531 -0.00191398 -2.94105e-20)
(0.133334 -0.419053 0)
(0.496549 -0.0375234 -4.03833e-20)
(0.231459 -0.281208 -1.3176e-18)
(0.49951 -0.00051005 -5.83337e-19)
(0.499395 -0.00042638 0)
(0.513665 -0.00750769 -1.1891e-18)
(0.465542 -0.00269538 3.09759e-18)
(0.203467 -0.292501 9.60036e-19)
(0.496031 -0.0224326 0)
(0.496057 -0.000506115 -3.53598e-18)
(0.501139 0.00200073 5.99757e-19)
(0.443658 -0.124159 5.11994e-19)
(0.219114 -0.118471 0)
(0.216217 0.124844 2.12728e-19)
(0.498372 0.00151077 4.38766e-18)
(0.497179 -0.00481666 1.09465e-18)
(0.503066 -0.00420908 1.2954e-18)
(0.46722 -0.020262 1.61297e-18)
(0.194238 -0.135422 0)
(0.192688 0.139961 0)
(0.502918 -0.00569366 4.59664e-18)
(0.511499 -0.00622436 1.74224e-18)
(0.432747 0.0972963 0)
(0.322068 -0.0357751 -6.16309e-20)
(0.478788 0.00783713 0)
(0.312216 0.0501143 -3.22879e-20)
(0.495186 -0.0031938 -2.35648e-18)
(0.494971 -0.000601007 4.5446e-18)
(0.506573 -0.00135713 0)
(0.219722 0.163799 0)
(0.221992 -0.158942 -6.33931e-19)
(0.164502 -0.268167 0)
(0.164558 0.267741 0)
(0.180192 -0.192697 1.63984e-19)
(0.179401 0.192342 2.20863e-19)
(0.421183 -0.137792 4.24619e-21)
(0.497855 0.004356 1.1556e-18)
(0.211019 0.166447 0)
(0.211557 -0.165962 0)
(0.488326 -0.000250078 3.50071e-18)
(0.492068 -0.00316368 -2.98452e-19)
(0.49605 0.00552039 -2.25039e-18)
(0.50182 -0.00200957 4.38569e-18)
(0.50239 0.000136174 -2.36166e-18)
(0.228604 -0.182411 -2.23443e-19)
(0.221811 0.187324 -2.18081e-19)
(0.20647 0.167225 2.64976e-19)
(0.206922 -0.166658 -2.38933e-19)
(0.226641 -0.154582 -1.10714e-19)
(0.22628 0.155031 1.27765e-19)
(0.209324 -0.155149 0)
(0.208576 0.155952 0)
(0.185465 -0.151137 -2.12197e-19)
(0.184158 0.153843 2.18203e-19)
(0.184694 -0.149372 6.29642e-19)
(0.183243 0.151564 -6.63314e-19)
(0.505614 -0.00107001 2.41305e-18)
(0.494822 0.00114202 0)
(0.501182 -0.0246672 -7.07214e-19)
(0.461871 -0.106251 -5.54527e-20)
(0.292841 0.0453956 -1.50725e-19)
(0.489128 -0.00105186 0)
(0.503691 0.00356314 0)
(0.492736 -0.0173412 1.19451e-18)
(0.501254 -0.000347727 -2.35579e-18)
(0.497838 0.00231726 0)
(0.456144 -0.00650443 1.71715e-18)
(0.455134 -0.00544318 -1.57679e-18)
(0.309829 -0.0481213 -1.60971e-20)
(0.503203 -0.00389933 -8.69909e-19)
(0.222187 -0.173463 8.32778e-19)
(0.221935 0.173441 -9.30459e-19)
(0.498173 0.00446033 2.57678e-18)
(0.500942 0.00311352 -2.46298e-18)
(0.245046 -0.232293 0)
(0.244919 0.23228 0)
(0.445996 0.234547 0)
(0.219368 -0.152435 0)
(0.219003 0.153535 0)
(0.487772 0.0409523 2.19241e-18)
(0.325615 -0.0480799 0)
(0.325997 0.0516682 -5.67468e-20)
(0.214321 0.165784 3.82423e-19)
(0.214784 -0.16563 -3.49441e-19)
(0.216618 -0.161101 -1.98681e-19)
(0.2164 0.161553 2.22975e-19)
(0.489507 -0.00426082 1.14538e-18)
(0.503342 -0.00817642 -9.99035e-19)
(0.250438 -0.143998 2.55742e-19)
(0.202474 -0.180958 0)
(0.198816 0.183574 -5.59992e-19)
(0.494405 0.0128989 1.1668e-18)
(0.486666 -0.00320825 0)
(0.301232 0.153949 0)
(0.488762 0.00969427 3.37538e-18)
(0.515226 -0.024464 2.25176e-18)
(0.487256 0.000322648 -2.30793e-18)
(0.20679 -0.15623 -2.21402e-19)
(0.203653 0.159322 0)
(0.0329726 0.400124 -4.12507e-18)
(0.319425 -0.124051 8.14354e-19)
(0.319635 0.124174 -7.91561e-19)
(0.497994 0.00695368 1.1473e-18)
(0.500397 0.00691141 0)
(0.34359 0.0397449 -2.51372e-21)
(0.505262 -0.00780244 -2.45962e-18)
(0.498743 -0.00659666 -1.20028e-18)
(0.159153 -0.249739 2.35305e-18)
(0.159169 0.248312 1.82362e-18)
(0.484338 0.0117049 -2.65287e-19)
(0.461529 -0.00670764 0)
(0.500767 -0.015959 -4.99821e-19)
(0.292246 0.034572 -7.46986e-20)
(0.512953 0.000106036 3.38905e-18)
(0.499397 -0.00143746 0)
(0.495458 0.00103393 -2.36383e-18)
(0.499107 -0.00607605 2.47331e-18)
(0.487045 0.00176007 0)
(0.48515 0.0035607 -2.5073e-18)
(0.512423 0.00884196 4.44554e-18)
(0.496364 0.0196631 -1.45678e-18)
(0.204104 -0.142416 0)
(0.204128 0.143852 0)
(0.474254 -0.00987725 2.42633e-18)
(0.497691 0.00993574 -1.48084e-20)
(0.500168 -0.000163341 8.17026e-19)
(0.500338 0.000312923 -7.85735e-19)
(0.504324 0.00121548 2.23998e-18)
(0.502617 0.00227656 0)
(0.526227 0.0925557 1.58305e-18)
(0.384111 -0.105544 -6.158e-20)
(0.507423 -0.00250811 8.98247e-19)
(0.228068 -0.219327 -7.79585e-19)
(0.464406 -0.0145386 4.23171e-19)
(0.496991 -0.00650495 -8.39672e-20)
(0.500551 0.000637449 0)
(0.509861 -0.000349039 2.08411e-18)
(0.32154 0.205757 3.30807e-19)
(0.486524 0.00467336 0)
(0.497364 0.0022579 0)
(0.498973 -0.000597561 0)
(0.502637 -0.00433486 -1.19719e-18)
(0.495259 5.73045e-05 2.38468e-18)
(0.487478 -0.00189107 -2.39403e-18)
(0.471056 -0.00656245 1.75132e-18)
(0.371554 -0.141234 7.7602e-20)
(0.530738 0.165537 -3.69265e-18)
(0.499233 0.00027176 -6.35826e-19)
(0.500019 -0.000429082 -2.20525e-18)
(0.19319 -0.136524 0)
(0.191309 0.139725 0)
(0.407977 -0.0366158 -2.73854e-19)
(0.408679 0.036579 -2.64832e-19)
(0.500114 0.00247214 0)
(0.472649 0.0152175 9.72952e-19)
(0.510299 -0.00554306 -2.30149e-18)
(0.21689 0.145027 7.01033e-19)
(0.216458 -0.139612 0)
(0.490361 0.00385336 3.05878e-19)
(0.49575 0.00736272 -1.09179e-18)
(0.497978 0.00865796 -5.71117e-19)
(0.506388 -0.00587681 -3.50398e-18)
(0.418659 -0.0432921 8.23645e-19)
(0.419202 0.0433813 0)
(0.401031 -0.180605 1.71608e-19)
(0.332755 -0.0256681 -9.22079e-21)
(0.484342 -8.35425e-05 1.92095e-20)
(0.498839 0.000565687 -2.55401e-18)
(0.499211 -0.000407121 2.49879e-18)
(0.530268 -0.0170339 0)
(0.495792 0.000866371 0)
(0.26533 -0.167023 0)
(0.500309 0.00115331 3.26416e-18)
(0.490986 0.000643978 1.13982e-18)
(0.497776 0.00118551 6.24837e-19)
(0.312919 -0.237921 -4.96657e-19)
(0.48168 0.0151528 -1.82672e-18)
(0.296227 -0.253216 6.72688e-19)
(0.492217 -0.0252667 0)
(0.500032 -0.000433859 0)
(0.500828 0.000122339 8.57844e-19)
(0.500174 -0.000730519 -1.3113e-18)
(0.499469 0.000623936 0)
(0.455234 0.102114 2.36414e-19)
(0.486482 0.107101 -1.16306e-18)
(0.480633 -0.0112702 2.26601e-18)
(0.479332 0.00207417 -2.20735e-18)
(0.170055 0.251199 0)
(0.170115 -0.251395 0)
(0.499067 -0.00157834 -2.85554e-18)
(0.484393 -0.0107181 0)
(0.446767 0.0315009 2.67804e-20)
(0.497164 -0.00235516 2.33711e-18)
(0.244107 0.194621 -4.64285e-19)
(0.225017 0.187976 0)
(0.254172 -0.193285 2.24124e-19)
(0.313262 0.0345474 -2.4182e-20)
(0.303309 0.0354014 7.91439e-20)
(0.228936 -0.179663 -1.32372e-19)
(0.512608 -0.0218833 1.23939e-18)
(0.299933 0.171747 0)
(0.457272 0.0346186 8.19667e-19)
(0.482419 0.00651729 2.27819e-18)
(0.0820448 -0.372375 -9.96651e-19)
(0.0811944 0.369184 0)
(0.303911 0.229477 0)
(0.0683532 0.543621 4.4111e-18)
(0.500438 0.000877204 8.08778e-21)
(0.500078 -0.000426157 1.73743e-18)
(0.522548 -0.042509 -7.05762e-20)
(0.487416 0.007001 -2.80744e-18)
(0.242308 -0.164639 3.56825e-19)
(0.491689 0.055697 -1.14799e-18)
(0.257354 -0.137936 -1.24441e-19)
(0.257351 0.138292 1.7201e-19)
(0.497408 -0.00154946 -2.45566e-18)
(0.499473 0.00218152 -7.49891e-22)
(0.307367 0.151723 0)
(0.497269 -0.00494948 0)
(0.504434 -0.00502167 1.94034e-18)
(0.490403 -0.0581108 0)
(0.478974 -0.000935976 1.74967e-18)
(0.497699 -0.00137006 -2.56815e-18)
(0.497303 -0.00126515 1.27544e-18)
(0.505435 0.00561336 -1.98516e-18)
(0.172089 0.218172 -1.24394e-18)
(0.17265 -0.219282 0)
(0.215057 0.248189 0)
(0.495562 0.00619258 -6.16222e-19)
(0.271033 -0.148838 0)
(0.458471 0.0142085 5.72562e-19)
(0.50732 0.0138888 0)
(0.497528 -0.00400553 2.00573e-18)
(0.379988 0.026399 1.61421e-19)
(0.36177 0.0285737 1.54059e-19)
(0.498492 0.00129248 2.43037e-18)
(0.4967 0.00117394 6.25772e-19)
(0.503742 0.00410944 0)
(0.499914 -0.000393035 0)
(0.500177 -0.00019025 -1.69806e-18)
(0.500841 -0.00632353 -3.99039e-18)
(0.488784 0.00130915 2.20433e-18)
(0.506946 0.00812709 0)
(0.501571 -0.000268008 -4.41828e-18)
(0.514741 0.00692761 -1.03467e-18)
(0.384037 0.0214951 -6.26358e-19)
(0.389927 0.0111266 1.02192e-21)
(0.0798948 -0.571276 0)
(0.472084 -0.00743315 3.49717e-18)
(0.49214 0.0138075 1.26788e-18)
(0.498976 -0.00125845 2.38672e-18)
(0.391385 -0.0175772 2.12519e-19)
(0.391638 -0.00301341 0)
(0.498226 1.06202e-05 3.96544e-18)
(0.505071 -0.010853 0)
(0.309069 -0.139219 -1.60819e-20)
(0.300815 -0.140461 -2.2464e-21)
(0.499129 -0.00483315 -2.37196e-18)
(0.497397 -0.00190814 0)
(0.357611 -0.19789 0)
(0.496065 -0.00362867 -2.07041e-18)
(0.211143 0.157837 -5.00146e-19)
(0.212159 -0.153056 2.21166e-19)
(0.502549 0.00683618 0)
(0.500011 -0.00167857 1.19965e-18)
(0.499763 -0.000618674 0)
(0.500847 0.000137966 -6.4968e-19)
(0.484027 -0.000271905 4.68365e-19)
(0.475434 0.00693559 -6.13213e-19)
(0.377436 -0.0271359 0)
(0.214637 0.215366 8.6083e-19)
(0.316294 0.16099 1.03526e-18)
(0.316253 -0.160926 -3.39932e-19)
(0.4975 -0.00226378 -5.99828e-19)
(0.146933 0.291862 -1.61496e-18)
(0.144915 -0.291702 1.1367e-19)
(0.24069 -0.156437 0)
(0.240795 0.157711 0)
(0.487158 -0.00727313 -1.10552e-18)
(0.260144 0.181544 0)
(0.260217 -0.181528 0)
(0.288793 -0.0817866 9.5467e-20)
(0.288448 0.0824234 1.14802e-19)
(0.377289 -0.0367147 1.1636e-19)
(0.496082 0.00416118 0)
(0.498242 -0.0165636 1.22749e-19)
(0.480716 -0.00472995 0)
(0.265343 0.0969146 -1.2306e-19)
(0.498489 -0.00029495 -1.62193e-19)
(0.320821 -0.0223993 -1.25329e-20)
(0.488261 -0.00370452 0)
(0.496604 -0.00438529 4.65085e-18)
(0.505661 -0.00321042 -1.27873e-18)
(0.501099 0.000139749 1.29717e-18)
(0.486501 0.00116267 0)
(0.498757 -0.0038273 -3.76115e-18)
(0.49426 -0.0121818 0)
(0.506721 -0.00235601 0)
(0.492592 -0.00231018 0)
(0.479497 -0.00752862 0)
(0.493259 -0.00122395 -2.70926e-18)
(0.15609 -0.31797 -2.04741e-18)
(0.156009 0.317973 1.94805e-18)
(0.488408 0.000772437 1.16868e-18)
(0.484454 0.0532486 6.97416e-19)
(0.347903 -0.371174 -8.18775e-19)
(0.492026 0.00178058 -2.35294e-18)
(0.492683 0.00138791 5.36101e-19)
(0.502487 0.0183695 0)
(0.234521 -0.261774 -4.13196e-19)
(0.494651 -0.00124116 -2.14132e-18)
(0.193103 0.144177 0)
(0.194577 -0.141058 0)
(0.270685 -0.0391918 0)
(0.498951 0.00130272 0)
(0.501465 -0.000486268 -2.76502e-18)
(0.131786 -0.341283 -2.05514e-18)
(0.504035 -0.00133803 0)
(0.360008 0.179883 0)
(0.495445 0.000759754 0)
(0.499477 -0.00253883 2.6002e-18)
(0.34764 -0.0201952 -2.94091e-20)
(0.358811 0.181254 -2.22978e-20)
(0.0803735 -0.362157 0)
(0.500686 0.00122971 0)
(0.47942 0.000472121 1.22691e-18)
(0.393978 -0.238005 9e-20)
(0.490556 -0.00376617 -4.67878e-18)
(0.50716 -0.0131866 1.58934e-18)
(0.449016 -0.00579735 -9.63864e-19)
(0.340134 0.215351 2.66707e-20)
(0.497532 0.00425255 -4.64987e-19)
(0.495055 -0.00117821 1.23612e-18)
(0.237267 -0.148303 7.13455e-20)
(0.23727 0.149429 -7.17976e-20)
(0.489491 -0.00695926 0)
(0.483579 -0.00361194 -2.85071e-18)
(0.498377 0.0039379 2.33248e-18)
(0.362721 0.047623 2.12534e-19)
(0.364379 0.0442446 1.27837e-19)
(0.178299 0.261628 7.65288e-19)
(0.178398 -0.261827 -6.96524e-19)
(0.31895 -0.03536 6.17332e-20)
(0.378991 0.348922 6.15688e-19)
(0.157538 0.280085 -4.2316e-19)
(0.157532 -0.280299 4.50846e-19)
(0.470858 0.0794808 1.49699e-19)
(0.36446 -0.0263186 1.78824e-19)
(0.4405 0.108107 0)
(0.178732 -0.261042 -1.11702e-18)
(0.573657 0.109312 4.57717e-18)
(0.480769 -0.00656882 0)
(0.485478 0.0069518 0)
(0.49671 -0.000797461 1.30733e-18)
(0.500881 -0.00666656 -7.66845e-20)
(0.499516 0.00463241 0)
(0.30462 -0.029491 -5.98322e-20)
(0.487385 -0.0045634 1.18898e-18)
(0.501807 0.00478574 3.51157e-18)
(0.48614 -0.000617614 0)
(0.497373 0.00944636 -1.96527e-18)
(0.498338 0.000661947 -3.18216e-18)
(0.478505 0.00667495 -1.11806e-18)
(0.222185 0.48573 1.80404e-18)
(0.4958 0.00276172 -5.4982e-18)
(0.492292 -0.0149776 2.28269e-19)
(0.49721 0.021988 -2.48337e-19)
(0.325687 0.167677 1.36121e-19)
(0.29523 0.0481324 7.62144e-20)
(0.503798 -0.00844977 1.84465e-18)
(0.506293 -0.00636877 2.02357e-18)
(0.501981 -0.00270004 0)
(0.503656 0.00107442 0)
(0.495875 0.00128997 3.65836e-18)
(0.488672 0.00419764 -5.83869e-19)
(0.236728 -0.142942 -5.2283e-20)
(0.236558 0.143577 6.27022e-20)
(0.257716 -0.176254 0)
(0.497054 -0.00722745 -2.38764e-18)
(0.485231 -0.000211263 0)
(0.497304 -0.00304616 0)
(0.407846 -0.129882 2.39066e-19)
(0.305681 -0.0459598 0)
(0.295247 -0.0454891 -3.79375e-20)
(0.316552 -0.01794 1.3119e-20)
(0.493995 0.0082049 -6.02539e-19)
(0.256259 0.155043 0)
(0.256366 -0.154982 0)
(0.30011 0.414587 -2.34058e-18)
(0.182677 0.250455 2.09638e-18)
(0.226474 -0.145897 1.29435e-19)
(0.223 0.145359 -1.44331e-19)
(0.495947 0.00157558 -3.32781e-19)
(0.499163 -0.00344699 -2.31184e-18)
(0.504708 -0.00528888 0)
(0.506469 0.00241423 -7.19985e-18)
(0.189839 0.241243 -5.0998e-19)
(0.189984 -0.241447 4.72337e-19)
(0.462815 -0.00258951 -1.52296e-18)
(0.204166 -0.266988 4.48455e-19)
(0.204058 0.266777 -4.14811e-19)
(0.297736 0.248264 -2.42277e-19)
(0.431787 0.114395 1.91249e-19)
(0.495334 0.000630162 0)
(0.492492 -0.0026382 8.1433e-20)
(0.515474 0.00647642 4.96013e-20)
(0.200707 -0.392978 -3.53884e-19)
(0.492925 0.000152684 2.76025e-18)
(0.496885 0.00235981 -3.67284e-18)
(0.268064 0.121783 1.36582e-20)
(0.267933 -0.121242 1.71184e-20)
(0.480466 -0.0071353 1.4191e-19)
(0.491573 0.000792282 -1.19215e-18)
(0.494227 0.00181579 5.65309e-19)
(0.500596 0.00054982 4.93658e-18)
(0.498964 0.00251732 -3.82792e-18)
(0.304737 0.0228779 -3.25771e-20)
(0.490157 -0.0168189 0)
(0.468385 -0.00423878 0)
(0.390406 -0.0697094 -5.77598e-20)
(0.389172 -0.067813 -4.87462e-20)
(0.513247 0.00323441 2.22775e-18)
(0.500256 0.000766579 -2.34116e-18)
(0.483205 -0.00674865 5.15365e-19)
(0.472146 -0.0103236 6.66029e-20)
(0.295103 0.0146756 -9.80338e-20)
(0.293916 0.0218868 1.74639e-19)
(0.494876 0.00542482 6.97059e-20)
(0.488426 0.00615467 1.18191e-18)
(0.492146 0.00430102 1.2424e-18)
(0.49754 -0.000149374 0)
(0.308506 0.050436 8.40871e-21)
(0.327385 0.141324 0)
(0.500612 -0.000376842 -2.15115e-18)
(0.502807 -0.00403544 -2.84956e-18)
(0.497818 -0.00708976 -4.99183e-18)
(0.494461 0.00698929 4.3153e-18)
(0.306528 -0.0189675 0)
(0.490348 0.0126194 0)
(0.492619 0.0055778 4.38865e-18)
(0.494662 -0.00106576 -6.52017e-19)
(0.340692 0.135987 -2.10735e-19)
(0.496243 0.00285728 0)
(0.494801 -0.00206038 0)
(0.493666 -0.00130269 -3.56607e-18)
(0.50327 0.000527925 -3.08573e-19)
(0.490868 -0.00631808 -1.14661e-18)
(0.362817 -0.00706904 1.83443e-19)
(0.322739 0.196149 -3.21708e-19)
(0.487441 0.00283771 0)
(0.263967 0.241949 0)
(0.493045 -0.0114388 2.54519e-18)
(0.48302 -0.00194314 0)
(0.290027 0.185282 0)
(0.324857 0.168591 -1.42928e-19)
(0.463789 -0.00714538 1.64336e-18)
(0.468487 0.00506485 -5.3638e-19)
(0.509542 -0.0101894 4.84354e-19)
(0.480221 0.000800298 -1.13599e-18)
(0.497387 0.00548415 2.56263e-18)
(0.293654 0.56214 8.50658e-19)
(0.483603 -0.0107408 1.17856e-18)
(0.498211 0.00114294 -7.4015e-20)
(0.454198 -0.0267874 -1.22295e-18)
(0.496991 0.00189065 -2.49166e-18)
(0.48099 0.00362311 0)
(0.473399 -0.00572932 5.54404e-19)
(0.392786 -0.0860532 0)
(0.38422 -0.0952255 6.46226e-20)
(0.483055 -0.010465 -4.57634e-19)
(0.50648 0.00012961 0)
(0.499834 0.00380349 -2.21006e-18)
(0.176471 -0.153117 -1.93661e-20)
(0.175532 0.155458 1.98919e-20)
(0.497977 -0.00156082 2.85197e-18)
(0.423282 0.14064 0)
(0.486329 -0.00235317 3.49973e-18)
(0.384306 0.174836 1.22476e-19)
(0.494825 0.0266967 -1.61392e-18)
(0.485661 0.0441182 2.44676e-18)
(0.486506 0.0102979 -4.16889e-18)
(0.507925 -6.47635e-05 -2.22935e-18)
(0.510305 -0.0121764 -2.55082e-18)
(0.491585 -0.013113 3.81694e-18)
(0.498729 0.0122263 -5.60158e-19)
(0.275435 -0.0341879 5.7171e-20)
(0.284067 -0.0386159 -2.16692e-20)
(0.477712 0.0126175 1.61385e-18)
(0.394496 0.00810214 -1.95486e-19)
(0.394669 0.00878084 3.04875e-19)
(0.477056 -0.0129884 9.06693e-19)
(0.497846 -0.0027631 2.40602e-18)
(0.497533 -0.00366464 -6.56911e-19)
(0.170335 0.264052 0)
(0.170279 -0.264299 0)
(0.490769 -0.00502745 0)
(0.495777 -0.000799868 0)
(0.498581 0.000210755 2.2688e-18)
(0.49606 0.0012376 2.68729e-18)
(0.490572 -0.00172448 2.60909e-18)
(0.487656 0.203932 1.0103e-18)
(0.48863 -0.00339967 0)
(0.479616 -0.00877977 -1.37573e-18)
(0.499149 0.00659118 -1.61453e-19)
(0.479063 -0.0665315 0)
(0.500801 -0.00578219 -2.56417e-18)
(0.48642 -0.0173285 -9.82912e-19)
(0.505772 -0.00992809 4.94304e-18)
(0.48601 -0.0145222 -1.26788e-18)
(0.49015 0.00207313 -2.57244e-18)
(0.291248 0.0288416 -5.06729e-20)
(0.457321 0.061421 6.46473e-19)
(0.466744 0.0688432 0)
(0.516391 0.00819094 -5.26496e-19)
(0.485573 -0.000852877 9.0006e-19)
(0.355292 -0.151774 5.09762e-20)
(0.347279 -0.16219 -7.55985e-21)
(0.352192 -0.00936436 -4.00734e-20)
(0.207119 -0.159782 2.00511e-19)
(0.204489 0.162919 -9.50125e-20)
(0.503093 0.00330322 0)
(0.501018 -0.00429088 -5.89118e-19)
(0.261209 0.115499 -4.10806e-19)
(0.265451 0.118412 -3.93225e-20)
(0.246513 -0.143602 -1.68659e-20)
(0.246822 0.144645 1.79797e-20)
(0.482031 -0.0038616 2.90624e-18)
(0.490421 0.0107809 -1.5207e-18)
(0.498623 -0.00549521 0)
(0.498467 -0.000307849 2.22642e-18)
(0.495779 0.000369383 4.20571e-18)
(0.493017 -0.00757579 3.00568e-18)
(0.49725 -0.00104348 -1.37183e-20)
(0.507128 -0.00766963 -2.60663e-18)
(0.482003 0.0023892 0)
(0.375436 0.0536379 4.05901e-19)
(0.376757 0.0350243 0)
(0.459826 -0.0694224 -1.81431e-18)
(0.492903 0.00163764 -1.31651e-18)
(0.34053 0.0301783 -4.617e-20)
(0.344422 0.0197554 2.23731e-19)
(0.364444 -0.0323179 -1.09451e-19)
(0.531608 0.0159763 2.43521e-18)
(0.516751 0.0234777 -2.62071e-19)
(0.36431 -0.140528 -4.52746e-20)
(0.30802 -0.0319633 3.30978e-20)
(0.50991 -0.000887344 -2.24729e-18)
(0.504939 0.000603925 0)
(0.494499 -0.00155198 1.85744e-18)
(0.377077 -0.046768 0)
(0.193975 -0.185953 -3.94035e-19)
(0.193389 0.185991 5.1759e-20)
(0.46236 0.0414449 -2.27825e-19)
(0.477765 0.0489715 0)
(0.361582 -0.0394995 4.26795e-20)
(0.370284 -0.0552573 0)
(0.394716 0.029468 0)
(0.405871 0.0353034 0)
(0.237956 0.222822 -3.08392e-19)
(0.486959 -0.00310343 2.92646e-19)
(0.480247 -0.00093148 0)
(0.400954 -0.0314932 4.96906e-19)
(0.39992 -0.0307989 -7.17445e-19)
(0.461777 0.0167907 4.55445e-19)
(0.497194 0.00163468 0)
(0.401382 0.0104841 -8.81262e-19)
(0.401452 0.0214826 5.94855e-19)
(0.390727 0.0216287 7.94227e-19)
(0.397788 0.0159292 -5.87559e-19)
(0.168731 -0.233147 0)
(0.167675 0.230967 7.31432e-19)
(0.388866 -0.0470211 -1.88726e-19)
(0.39742 -0.0564155 1.02363e-19)
(0.496896 -0.000300475 0)
(0.497415 0.00416486 -1.29426e-18)
(0.397837 0.0355091 0)
(0.393797 0.0546866 0)
(0.494302 -0.00420178 0)
(0.482145 0.00916469 -1.301e-18)
(0.489883 -0.0126766 5.72776e-19)
(0.492785 -0.000109036 -1.24118e-18)
(0.490679 0.00421542 3.07824e-18)
(0.493639 0.000910857 0)
(0.484773 -0.0176047 -1.54588e-20)
(0.500426 -0.00463665 0)
(0.498752 0.00139896 -6.27718e-19)
)
;

boundaryField
{
    frontandback
    {
        type            empty;
    }
    simetry
    {
        type            symmetry;
    }
    inlet
    {
        type            fixedValue;
        value           uniform (0.5 0 0);
    }
    outlet
    {
        type            zeroGradient;
    }
}


// ************************************************************************* //
