/*--------------------------------*- C++ -*----------------------------------*\
  =========                 |
  \\      /  F ield         | OpenFOAM: The Open Source CFD Toolbox
   \\    /   O peration     | Website:  https://openfoam.org
    \\  /    A nd           | Version:  7
     \\/     M anipulation  |
\*---------------------------------------------------------------------------*/
FoamFile
{
    version     2.0;
    format      ascii;
    class       surfaceScalarField;
    location    "0.05";
    object      phi;
}
// * * * * * * * * * * * * * * * * * * * * * * * * * * * * * * * * * * * * * //

dimensions      [0 3 -1 0 0 0 0];

internalField   nonuniform List<scalar> 
3982
(
1.16199e-06
-4.56925e-07
-7.05062e-07
-1.19383e-06
4.94549e-07
6.99284e-07
1.21082e-06
-4.97091e-07
-7.13729e-07
-1.16835e-06
4.59991e-07
7.08357e-07
-1.2152e-06
7.71759e-07
4.43444e-07
1.26954e-06
-9.03813e-07
-3.65726e-07
1.35678e-06
-8.46516e-07
-5.10268e-07
-1.33454e-06
8.56143e-07
4.78392e-07
5.24471e-07
-1.24916e-06
7.24687e-07
-7.84277e-07
-4.30926e-07
3.91447e-07
8.78092e-07
-8.10529e-07
-5.24006e-07
9.157e-07
4.41083e-07
1.01704e-06
-9.0606e-08
-9.26432e-07
-9.96091e-07
8.40776e-08
9.12013e-07
1.01726e-06
-8.761e-08
-9.2965e-07
6.82597e-07
-1.25795e-06
5.75356e-07
-5.45226e-07
1.19398e-06
-6.48753e-07
-1.28556e-06
6.35826e-07
6.49737e-07
1.28449e-06
-6.28905e-07
-6.55585e-07
-1.23389e-06
5.23742e-07
7.10151e-07
-1.15266e-06
5.34058e-07
6.18602e-07
9.42527e-07
3.04391e-07
-1.24692e-06
3.46533e-08
9.07873e-07
-2.96026e-07
-8.97807e-07
5.00283e-07
6.61704e-07
9.93633e-07
1.94679e-07
-1.18831e-06
-9.75539e-07
-2.41619e-07
1.21716e-06
1.06795e-06
-1.16621e-06
9.82566e-08
9.5972e-07
1.86166e-07
-1.14589e-06
7.55538e-07
-1.26785e-06
5.1231e-07
2.9176e-07
9.19059e-07
-4.99001e-07
-6.69346e-07
5.46652e-07
-1.10587e-06
5.59215e-07
-5.42918e-07
1.11847e-06
-5.75554e-07
9.93633e-07
-9.75539e-07
9.71765e-07
2.41324e-07
-1.21309e-06
-9.62581e-07
-2.20978e-07
1.18356e-06
-1.34834e-06
9.0139e-07
4.46954e-07
-9.76363e-07
-2.01406e-07
1.17777e-06
-1.46197e-06
7.00261e-07
7.61705e-07
-8.58678e-07
-4.89666e-07
-2.57269e-07
1.07663e-06
-8.19364e-07
2.43895e-07
-1.09306e-06
8.49166e-07
-9.62581e-07
9.71765e-07
-7.98953e-07
-3.90665e-07
1.18962e-06
7.40045e-07
3.65994e-07
-1.10604e-06
-7.31769e-07
-4.03236e-07
1.13501e-06
-5.48005e-07
9.23123e-07
-3.75118e-07
4.38975e-07
-9.8698e-07
-5.06896e-07
-5.30913e-07
1.03781e-06
-7.08873e-07
1.33992e-06
-6.31049e-07
7.12502e-07
-1.34303e-06
6.30526e-07
1.18347e-06
-1.03998e-06
-1.43482e-07
7.09587e-07
-1.34109e-06
6.31501e-07
-7.11163e-07
1.33875e-06
-6.27582e-07
1.17354e-07
-8.26227e-07
-1.17715e-07
8.30217e-07
9.61451e-07
1.96652e-07
-1.1581e-06
1.28311e-06
-3.21659e-07
-1.21729e-07
8.31315e-07
1.11744e-07
-8.22908e-07
-5.23288e-07
-7.16236e-07
1.23952e-06
-1.03553e-06
-1.70962e-07
1.20649e-06
3.86877e-07
-1.42241e-06
4.65423e-07
7.34207e-07
-1.19963e-06
6.38676e-07
4.99104e-07
-1.13778e-06
-6.66667e-07
-4.29063e-07
1.09573e-06
-3.10771e-07
-8.5523e-07
-6.06735e-07
-1.24926e-07
1.47202e-06
-1.3471e-06
1.31386e-07
-1.4653e-06
1.33392e-06
-1.25738e-07
1.46709e-06
-1.34135e-06
1.29479e-07
-1.46634e-06
1.33686e-06
1.43991e-07
8.73047e-07
-4.38283e-07
-5.63189e-07
1.00147e-06
-1.2601e-07
-8.70081e-07
1.37001e-07
8.80258e-07
-9.23588e-07
-4.26819e-08
9.6627e-07
-1.06392e-06
1.40335e-07
-8.2194e-07
-3.3072e-07
9.26657e-07
3.73615e-07
-1.30027e-06
-1.03426e-06
-1.5419e-07
1.18845e-06
1.36246e-06
-8.37988e-07
-1.03357e-06
1.1163e-06
-8.27276e-08
-1.21855e-06
6.80247e-07
5.38305e-07
-2.50947e-07
1.17333e-06
-9.22382e-07
-1.12481e-06
6.01525e-07
-5.99592e-07
1.16639e-06
-5.66799e-07
-6.14991e-07
1.17206e-06
-5.57067e-07
5.92847e-07
-1.12685e-06
5.34001e-07
3.97685e-07
-9.97277e-07
-7.08366e-07
1.21321e-06
-5.04843e-07
-4.32574e-07
1.02542e-06
3.83162e-07
-9.98153e-07
9.10955e-08
-9.60835e-07
8.6974e-07
7.51096e-07
-1.16319e-06
4.12094e-07
1.28812e-06
-6.99868e-07
-5.88252e-07
1.13245e-06
-2.35773e-07
-8.96679e-07
-9.25869e-07
2.59202e-07
5.01115e-07
8.38073e-07
-1.33919e-06
-5.8316e-07
1.08427e-06
1.83003e-07
8.8495e-07
3.52242e-07
5.41936e-07
-8.94178e-07
-3.97978e-07
-5.18133e-07
9.1611e-07
7.73692e-07
1.33374e-06
-8.59138e-08
-1.24782e-06
2.6054e-07
1.0732e-06
3.58919e-07
5.46257e-07
-9.05177e-07
-3.88937e-07
-5.14326e-07
9.03263e-07
-1.36538e-06
1.15368e-07
1.25001e-06
-2.90663e-07
-1.07472e-06
-4.07765e-07
-5.00388e-07
9.08153e-07
5.51604e-07
-9.89887e-07
4.27265e-07
4.69509e-07
-8.96775e-07
-1.36022e-06
3.25959e-07
-5.90685e-07
1.44293e-06
-8.5225e-07
-1.35127e-06
8.44374e-07
-3.7068e-07
1.23174e-06
-8.61064e-07
4.49181e-07
-1.03987e-06
-6.28924e-07
1.44084e-06
-8.11913e-07
4.59695e-07
-1.08862e-06
6.11369e-07
6.73121e-07
-6.14649e-07
-6.70913e-07
-1.58533e-06
7.86374e-07
1.51989e-06
-7.79845e-07
-1.52702e-06
7.95251e-07
9.48646e-07
-1.15988e-06
2.11239e-07
-9.60794e-07
1.20884e-06
-2.48042e-07
-9.61604e-07
1.20887e-06
-2.47261e-07
9.51152e-07
-1.16343e-06
2.12277e-07
4.27348e-07
4.07145e-07
-8.34493e-07
-4.15199e-07
-4.27124e-07
8.42323e-07
-8.95751e-07
3.59773e-08
8.59773e-07
-1.04855e-06
1.01376e-06
3.47872e-08
-6.48026e-07
1.31771e-06
-6.69688e-07
-1.44628e-06
3.5298e-07
1.0933e-06
1.43246e-06
-4.78762e-07
-9.53701e-07
-1.46847e-06
5.06595e-07
9.6188e-07
1.41873e-06
-3.46113e-07
-1.07262e-06
-1.21705e-06
2.00273e-07
1.01678e-06
-1.37124e-06
-3.24789e-07
-6.53164e-07
9.77953e-07
1.13504e-06
-7.49156e-07
-3.85888e-07
-1.11733e-06
7.48261e-07
3.69073e-07
1.03671e-06
3.94532e-07
-1.43124e-06
-5.78542e-07
-5.38791e-07
5.81963e-07
5.53081e-07
1.20284e-07
-8.90239e-07
7.69955e-07
-1.3439e-07
8.88161e-07
-7.53771e-07
9.00452e-07
2.47742e-07
-1.14819e-06
-4.51525e-07
1.35198e-06
-7.54213e-07
8.71567e-07
7.65394e-07
-8.83109e-07
-8.31595e-07
-3.86958e-07
7.62368e-07
-8.84097e-07
-7.57497e-07
8.69241e-07
-5.28982e-07
-3.95459e-07
9.24441e-07
8.08393e-07
-4.61076e-08
-7.62285e-07
-8.17396e-07
5.38106e-08
7.63586e-07
5.08563e-08
-6.6317e-07
6.12313e-07
9.20579e-07
-8.69722e-07
-3.29717e-07
-5.44662e-07
8.74378e-07
2.96456e-07
5.69147e-07
-8.65603e-07
6.04188e-07
-9.51221e-07
3.47033e-07
-1.42913e-06
7.75788e-07
6.53342e-07
-1.38866e-06
1.26232e-06
1.26346e-07
-6.92769e-07
1.26897e-06
-5.76202e-07
-1.04906e-06
7.19339e-07
1.04111e-06
-7.44649e-07
5.4496e-08
-9.03265e-07
8.48769e-07
6.63526e-07
-6.0903e-07
5.21705e-07
3.73504e-07
-8.95209e-07
-5.24849e-07
-3.7445e-07
8.99299e-07
-3.56745e-07
8.7845e-07
3.83048e-07
-9.07897e-07
-7.59348e-07
1.00324e-06
7.10932e-07
-9.68201e-07
-1.17979e-06
8.09107e-07
-5.73308e-07
1.16354e-06
-5.90232e-07
-9.95319e-07
8.6004e-07
1.35279e-07
1.26326e-06
2.29719e-08
-1.28623e-06
-1.25216e-06
-3.82656e-08
1.29042e-06
8.24976e-07
-1.00529e-06
1.80316e-07
1.35279e-07
-8.28048e-07
6.61602e-07
5.69602e-07
-1.2312e-06
-6.03436e-07
-4.11175e-07
1.01461e-06
1.18202e-06
-1.18202e-06
-8.05456e-07
1.03938e-06
-2.3392e-07
-9.16141e-07
-5.12989e-07
-1.18618e-06
1.18618e-06
5.73444e-07
-1.15671e-06
5.83268e-07
6.72309e-08
-8.98825e-07
-5.90852e-07
9.44711e-07
-3.53859e-07
-8.70239e-07
1.283e-07
7.41938e-07
-2.37794e-07
-6.78348e-07
7.5211e-07
2.84598e-07
-1.04331e-06
1.73074e-07
-4.40848e-07
-8.11311e-07
4.26611e-07
8.36648e-07
-9.09275e-07
3.66357e-07
9.04684e-07
-3.58032e-07
-5.3551e-07
1.11899e-06
-5.83478e-07
4.0643e-07
-9.4194e-07
-5.16204e-07
-6.90788e-07
1.20699e-06
2.1337e-08
-1.05491e-06
5.69604e-08
9.0276e-07
-5.97996e-08
-9.16563e-07
-8.52315e-07
8.44884e-07
-1.07875e-06
2.26433e-07
1.0691e-06
-2.24214e-07
-1.13652e-06
3.31069e-07
9.25125e-07
-3.51681e-07
3.35988e-07
8.46029e-07
-5.8912e-07
-8.57157e-07
5.80883e-07
8.51579e-07
5.68824e-07
8.49909e-07
-6.08642e-07
-8.59833e-07
2.91104e-07
8.09746e-07
-1.10085e-06
-5.59086e-07
8.5019e-07
-3.37194e-07
-8.48987e-07
-9.15721e-08
-9.03747e-07
1.05853e-06
-8.88144e-07
-1.7039e-07
-5.04904e-07
1.28104e-06
-7.76133e-07
-1.24758e-06
7.42678e-07
7.22051e-07
-1.25942e-06
5.37366e-07
-1.30455e-06
7.80526e-07
5.24025e-07
1.28921e-06
-6.06316e-07
-6.8289e-07
-1.16288e-06
1.03158e-06
1.31303e-07
-5.16332e-07
1.15501e-06
-6.06818e-08
1.11922e-06
8.37595e-08
1.25616e-06
-7.27505e-08
-1.27028e-06
-7.24315e-08
-1.26866e-06
8.37721e-08
1.25497e-06
9.69642e-07
-6.174e-07
-9.65152e-07
5.67174e-07
1.06925e-06
-2.59501e-07
9.78624e-07
-6.19705e-07
-9.60891e-07
5.71954e-07
1.15007e-06
-1.56309e-07
8.7836e-07
1.57203e-07
9.12045e-07
3.99198e-08
-9.23773e-07
8.83853e-07
2.65582e-08
-9.25891e-07
8.99332e-07
-3.15903e-08
9.21586e-07
-8.89996e-07
-4.24364e-08
9.20857e-07
-8.7842e-07
-1.17312e-06
1.24566e-07
-7.58169e-07
-4.90989e-07
-6.71721e-07
-5.01395e-07
-9.64405e-07
4.35423e-07
-5.95455e-07
7.84575e-07
-1.02639e-06
2.41816e-07
1.75941e-07
-9.88529e-07
8.12588e-07
-7.47896e-07
-2.47561e-07
9.95457e-07
-3.86529e-07
-9.64741e-07
6.71093e-07
-9.2204e-07
1.12424e-06
-6.58818e-07
-8.27049e-07
1.01322e-06
-7.89273e-07
-3.76936e-07
-7.75963e-08
8.99869e-07
-8.22273e-07
-5.7732e-07
1.31153e-06
-9.94916e-07
1.23644e-06
-2.4152e-07
9.77108e-07
-1.22602e-06
2.48909e-07
5.00499e-07
2.90391e-07
-7.9089e-07
8.29356e-07
-1.03076e-06
9.78531e-07
-1.22555e-06
2.47024e-07
-9.89732e-07
1.23385e-06
-2.44115e-07
-2.81972e-07
9.51328e-07
-6.69356e-07
-7.06877e-07
6.38956e-07
-1.34583e-06
8.77418e-07
4.10702e-07
-2.44836e-07
-1.14383e-06
-1.16085e-07
-9.89782e-07
1.11869e-07
1.0066e-06
5.47196e-07
-1.37443e-06
8.2723e-07
4.61006e-07
-1.21972e-06
7.58715e-07
-5.81642e-07
1.4612e-06
-8.79558e-07
-5.00909e-07
1.29149e-06
-7.90581e-07
-1.35626e-06
5.88756e-07
7.675e-07
5.57779e-07
4.55983e-07
-8.39382e-07
5.5741e-07
-1.15641e-06
1.15445e-06
1.96424e-09
1.16568e-06
-1.17655e-06
1.08705e-08
-1.3749e-06
9.42327e-07
-5.9003e-07
1.09053e-06
-9.76353e-07
-1.80062e-07
9.91962e-07
1.73721e-07
3.76679e-07
-1.0484e-06
1.13954e-06
-7.12272e-07
-1.18358e-06
7.68384e-07
1.22983e-06
-2.04261e-07
-1.02557e-06
-1.10282e-06
6.95056e-07
1.20805e-06
-7.80698e-07
1.36237e-06
-9.64689e-07
-6.696e-07
7.89883e-07
6.57489e-07
-7.91879e-07
-1.25543e-06
1.10854e-06
1.46891e-07
1.35442e-06
-9.71256e-07
7.31251e-07
5.3772e-07
-3.92051e-07
-8.63383e-07
-1.10313e-06
1.29282e-06
-1.89692e-07
2.43667e-07
7.33441e-07
-2.57249e-07
-7.37667e-07
-2.53905e-07
-7.35827e-07
2.44417e-07
7.34114e-07
-2.11552e-07
6.4667e-07
9.9508e-07
-1.22143e-06
2.26346e-07
1.43619e-07
1.21876e-06
1.23706e-06
-1.04603e-07
-1.91079e-07
1.09027e-06
-8.99194e-07
1.88665e-07
-1.07497e-06
8.86307e-07
4.90256e-07
5.52606e-07
-1.04286e-06
1.30026e-07
1.22439e-06
-1.31164e-06
9.72032e-07
3.39608e-07
6.1251e-07
3.93093e-07
-1.0056e-06
-5.15508e-07
-5.11561e-07
-5.35921e-07
9.8648e-07
-4.50559e-07
-9.98222e-07
9.66902e-07
4.76033e-07
8.82091e-07
-8.31115e-07
-5.09759e-08
-4.14283e-07
-7.71169e-07
1.18545e-06
-9.61766e-07
-5.26674e-08
1.01443e-06
-1.2673e-06
3.05537e-07
9.7408e-07
4.66757e-07
-7.43267e-07
1.38222e-06
4.64196e-07
-1.20746e-06
6.50957e-07
3.84382e-07
-1.03534e-06
3.97734e-07
7.7574e-07
-1.17347e-06
3.39853e-07
-9.68758e-07
-3.2599e-07
9.61816e-07
1.1805e-06
-8.40646e-07
-1.15582e-06
8.29826e-07
-1.29644e-06
4.03529e-07
8.92911e-07
-4.16366e-07
-8.80074e-07
6.4671e-07
3.84962e-07
-1.03167e-06
-6.44516e-07
-3.87901e-07
1.03242e-06
-3.47018e-07
1.17199e-06
1.12519e-06
-3.35165e-07
-7.90023e-07
1.13281e-06
-3.29799e-07
-8.03016e-07
-1.11059e-06
3.30111e-07
7.80476e-07
-9.56763e-07
1.29715e-07
-9.72955e-07
1.56136e-07
8.16819e-07
1.28279e-06
-9.05019e-07
-3.77767e-07
-5.14401e-07
-8.41854e-07
-4.03211e-07
-5.69744e-07
-9.55882e-07
6.31092e-07
1.07766e-06
-8.77305e-09
-1.06888e-06
9.62784e-07
-1.33428e-07
-1.10808e-06
1.03133e-06
7.67536e-08
6.20142e-07
-1.19746e-06
-1.17087e-06
1.10774e-06
6.31231e-08
-1.19429e-06
1.13202e-06
6.22747e-08
1.16006e-06
-1.08803e-06
-7.20318e-08
1.19482e-06
-1.13566e-06
-5.91597e-08
-7.86838e-07
8.57915e-07
-7.10763e-08
1.38249e-06
-4.24657e-07
-9.57833e-07
-1.40202e-06
8.24353e-07
5.77671e-07
-1.357e-06
4.17238e-07
9.39766e-07
1.43641e-06
-8.40414e-07
-5.95998e-07
-4.69595e-07
9.93338e-07
-1.86282e-07
8.47883e-07
-8.79076e-07
-3.15219e-07
-8.8418e-07
-2.86685e-07
8.75604e-07
2.84453e-07
8.73445e-07
3.2137e-07
4.49354e-08
-9.40686e-07
1.11404e-06
-3.2946e-07
4.37197e-07
-9.82422e-07
-1.0762e-06
-7.96119e-08
1.09345e-06
8.70537e-08
4.7042e-07
-1.28461e-06
8.14191e-07
-4.87939e-07
1.29303e-06
-8.05096e-07
-4.79689e-07
1.28817e-06
-8.08483e-07
4.75822e-07
-1.28577e-06
8.09949e-07
8.40974e-07
-8.34776e-07
3.3835e-07
-8.34842e-07
8.39509e-07
4.62976e-07
-1.14143e-06
6.78454e-07
-9.69514e-07
5.28688e-07
4.40826e-07
-8.70822e-08
-9.89122e-07
8.11325e-08
1.01231e-06
9.59995e-07
-4.01077e-08
-9.19888e-07
5.48763e-07
-1.13961e-06
9.15959e-07
-1.21284e-06
2.96883e-07
-9.14053e-07
1.22311e-06
-3.0906e-07
-5.64744e-07
1.16893e-06
1.08677e-06
-5.87666e-07
-9.27876e-07
1.10763e-06
-1.79758e-07
-1.04531e-06
7.6634e-07
-1.12308e-06
3.56744e-07
-7.17733e-07
1.01306e-06
-2.95325e-07
6.89431e-07
-9.91582e-07
3.02151e-07
-7.74816e-07
1.13907e-06
-3.6425e-07
-1.01503e-06
5.14644e-07
1.11932e-06
-1.19649e-06
1.19603e-06
-1.12093e-06
-5.62527e-08
9.8291e-07
-9.97461e-07
5.09523e-07
9.80028e-07
-5.09608e-07
-9.87598e-07
5.07909e-07
9.87608e-07
-5.11786e-07
9.86366e-07
-5.16857e-07
-8.47784e-07
-1.21729e-07
9.15959e-07
-9.14053e-07
5.60351e-07
5.591e-07
-5.60439e-07
7.88638e-07
-2.5458e-07
3.63182e-07
-9.3649e-07
9.23103e-07
-5.24301e-07
-3.98803e-07
-3.75967e-07
9.64723e-07
1.22723e-06
-2.57583e-07
-1.2214e-06
2.56246e-07
-1.21438e-06
2.5349e-07
1.23101e-06
-2.5239e-07
8.85606e-07
-1.0895e-06
2.03893e-07
4.99201e-07
-1.03512e-06
-1.22985e-06
6.86588e-07
5.43264e-07
-1.02676e-08
-1.38754e-09
-8.5846e-07
1.28132e-06
-4.2286e-07
1.23393e-06
-7.02159e-07
-5.31772e-07
-8.89406e-07
1.10328e-06
-2.13871e-07
9.11493e-07
-5.04348e-07
-9.38086e-07
5.10962e-07
3.65574e-07
8.43261e-07
-3.73472e-07
-7.86413e-07
3.62151e-07
8.46714e-07
-3.77332e-07
-7.86098e-07
-7.55823e-07
-1.06502e-06
8.29242e-07
7.37428e-07
4.30479e-07
-9.72438e-07
5.41959e-07
-4.19609e-07
9.7317e-07
-5.53561e-07
-1.20655e-06
1.34828e-07
1.07172e-06
1.20138e-06
-1.21906e-07
-1.07948e-06
-6.43886e-07
-1.05488e-06
6.78911e-07
-1.223e-06
1.68124e-07
-3.96497e-07
1.40492e-06
-1.00842e-06
-9.17156e-07
4.20066e-07
8.82445e-07
-4.22454e-07
-8.85914e-07
4.28989e-07
9.0558e-07
-4.11031e-07
-2.14385e-07
-7.13491e-07
9.84638e-07
-1.10105e-06
9.44746e-07
-1.04452e-06
4.09481e-07
-1.06264e-06
-8.58016e-07
-3.21772e-07
3.8675e-07
-1.1413e-06
7.54553e-07
8.11374e-07
1.80615e-07
-9.91989e-07
-6.72094e-07
7.08071e-07
7.66581e-07
-7.29774e-07
1.11652e-06
-5.46323e-07
8.36714e-07
-7.8148e-07
1.19096e-06
1.0599e-06
-2.51509e-07
-1.06085e-06
2.4345e-07
-4.56298e-07
8.4068e-07
8.08131e-07
3.26014e-07
-7.69729e-07
-3.17171e-07
6.11257e-07
2.70833e-07
7.46989e-07
-5.71048e-07
-7.17636e-07
-1.72603e-07
7.20139e-07
1.68022e-07
1.35631e-06
4.87782e-07
-1.09122e-06
-4.53222e-07
8.38184e-07
4.55151e-07
-8.43051e-07
-9.36284e-07
5.2511e-07
-8.94262e-07
-3.73586e-07
5.69818e-07
-7.48215e-07
6.70619e-07
-1.27189e-06
9.61425e-07
3.10465e-07
-3.00998e-07
-9.70892e-07
1.31875e-06
5.2241e-07
-1.04952e-06
5.27105e-07
-3.22688e-07
8.45097e-07
-9.99768e-07
5.80158e-07
1.00403e-06
-5.7355e-07
1.13115e-06
-1.14142e-06
-1.10634e-06
1.10495e-06
1.00057e-06
-4.30971e-07
-8.02075e-07
5.54514e-07
8.46703e-07
5.35787e-07
-8.37129e-07
-5.64895e-07
8.34829e-07
3.66553e-07
-8.5768e-07
-3.48868e-07
8.61032e-07
5.7538e-07
-8.22315e-07
-5.3469e-07
9.87349e-07
-2.67211e-07
-9.84501e-07
2.66865e-07
3.06355e-07
-1.21137e-06
-1.12518e-06
1.15061e-06
-2.5428e-08
1.09595e-06
-1.10087e-06
4.91506e-09
-1.11052e-06
8.77433e-07
2.33088e-07
-1.10411e-06
8.83088e-07
2.21018e-07
-1.33328e-07
3.27147e-07
9.09909e-07
-2.54009e-07
5.48501e-07
4.58548e-08
-3.55658e-08
4.47006e-07
-1.27117e-06
8.24168e-07
9.73044e-07
-5.26037e-07
-5.59029e-07
5.10951e-07
3.49089e-07
-4.65247e-07
-3.65867e-07
1.2109e-06
-5.9076e-07
2.79526e-07
8.16988e-07
1.06115e-07
4.41532e-08
-2.29025e-08
9.38039e-07
-7.55036e-07
-1.05273e-07
-1.3317e-06
5.73345e-07
7.58354e-07
9.71452e-07
2.39449e-07
4.63897e-07
-1.22703e-06
7.63132e-07
-1.01346e-06
-2.98183e-07
1.17499e-06
-1.79532e-07
2.19287e-08
-9.8667e-07
-5.00115e-07
-7.22887e-07
-1.14714e-06
9.76173e-07
-1.04107e-06
-2.1835e-07
-1.21771e-06
1.14893e-07
1.22672e-06
-1.86703e-08
1.22811e-06
-8.85697e-08
-1.205e-06
2.14141e-08
-2.09995e-07
-8.31072e-07
4.42567e-07
-9.42682e-07
-3.79804e-07
1.18794e-06
3.76068e-07
-1.1458e-06
1.10478e-07
8.49518e-07
-1.33047e-06
1.83337e-07
8.80654e-07
1.97004e-07
1.22386e-06
-9.76117e-07
-1.2249e-06
6.93184e-07
5.31716e-07
-1.54557e-07
8.01228e-07
8.8208e-07
-1.00007e-06
1.17985e-07
1.29145e-06
-6.75868e-08
-7.23803e-07
1.06215e-06
6.02841e-07
-5.9435e-07
-6.3055e-07
6.28179e-07
-7.82737e-07
1.218e-06
-1.218e-06
-1.21948e-06
1.21948e-06
1.22439e-06
-1.22439e-06
-9.63533e-07
9.63533e-07
-1.18797e-07
9.54016e-07
-8.35219e-07
-7.4204e-07
-5.04878e-07
1.12589e-06
-3.72705e-07
-7.53185e-07
3.79678e-07
-9.69708e-07
-1.10221e-06
1.05769e-06
8.11785e-07
3.40977e-08
-8.45883e-07
-8.33247e-07
-2.07243e-08
8.53972e-07
-3.44182e-07
7.2386e-07
2.33254e-07
8.57275e-07
3.03949e-07
-5.94539e-07
-9.87026e-08
6.93242e-07
1.50385e-06
-8.91338e-07
5.8558e-07
8.98246e-08
-6.75405e-07
1.08059e-06
-7.53748e-07
-3.26841e-07
-8.89737e-07
4.94278e-07
-9.48934e-07
1.21804e-06
-2.69102e-07
5.17414e-07
-1.11195e-06
-7.93925e-07
-5.37774e-07
-4.98477e-07
1.08406e-06
-8.86083e-07
1.97289e-07
-7.56375e-07
-8.14112e-07
1.93467e-08
7.94765e-07
-3.29116e-07
7.92091e-07
3.53327e-07
-3.5445e-07
3.4975e-07
-3.56314e-07
9.73807e-07
-4.27479e-07
8.88485e-07
-1.02249e-06
4.57908e-07
-9.58817e-07
1.17548e-06
-2.93402e-07
-9.72136e-07
6.13924e-07
3.58213e-07
9.37761e-07
-1.26139e-07
-8.11622e-07
-9.21112e-07
1.29799e-07
7.91313e-07
-5.30726e-07
1.23099e-06
-1.4975e-06
9.66778e-07
-2.14309e-07
8.25678e-07
-3.27652e-07
3.60732e-07
-7.91863e-07
-5.5397e-07
-9.18318e-07
-5.38183e-08
1.00418e-06
-3.49154e-08
-9.69268e-07
-1.00794e-06
3.03423e-08
9.77595e-07
-1.18989e-06
2.71576e-07
-7.86344e-07
-6.44896e-07
-1.58785e-07
-7.9015e-07
4.00847e-07
7.49223e-07
1.14599e-06
-5.93226e-07
-5.52767e-07
6.27637e-07
-6.05708e-07
-7.88874e-07
8.0576e-07
-1.68854e-08
2.24784e-07
-8.39433e-07
1.17008e-06
-7.52529e-07
-4.17549e-07
8.21088e-07
1.04579e-06
-1.25734e-06
9.80822e-07
6.49689e-08
7.18553e-07
-3.99287e-07
-3.94113e-08
1.03881e-06
-1.06496e-06
2.61523e-08
-1.15737e-06
3.68496e-07
-2.29581e-07
-1.14485e-06
2.49434e-07
1.04206e-06
-2.30528e-07
-9.89192e-07
2.45497e-07
1.2157e-06
6.86289e-07
1.81068e-08
-7.04396e-07
5.2671e-07
6.66117e-07
-1.19283e-06
-9.10086e-07
-3.94465e-07
8.83543e-07
4.05663e-07
-1.33332e-06
2.30191e-07
2.2608e-08
-8.81068e-07
-8.90934e-07
-1.28788e-08
7.88073e-07
-1.63143e-08
-8.01956e-07
-4.45595e-08
8.17015e-07
3.91286e-08
1.17795e-06
-4.84674e-07
-6.93275e-07
-7.50662e-07
7.16278e-07
7.9564e-07
-8.53e-07
-1.09422e-06
7.03553e-07
1.06144e-06
-6.95447e-07
-9.96598e-07
-1.28305e-06
1.88829e-07
1.24338e-06
-1.81934e-07
1.10126e-06
-7.08166e-07
-1.10927e-06
7.06036e-07
1.27182e-06
-1.70557e-07
-1.29848e-06
1.89204e-07
1.45098e-07
7.92664e-07
-1.36601e-07
-7.84511e-07
6.5968e-07
-1.03315e-06
6.44743e-07
-1.02208e-06
-6.86529e-07
1.04868e-06
-6.72735e-07
1.03831e-06
1.02967e-06
-1.36485e-06
8.71812e-07
4.93038e-07
1.36594e-06
-8.7647e-07
-4.89472e-07
-1.12139e-06
1.31868e-06
-1.36474e-06
8.72304e-07
4.92436e-07
1.37304e-06
-8.79494e-07
-4.93543e-07
-6.71482e-07
-5.761e-07
-1.3471e-06
1.33392e-06
-1.34135e-06
1.33686e-06
7.06386e-07
-1.24792e-06
5.41534e-07
-4.41735e-08
-7.69938e-07
5.51168e-07
5.94652e-07
-1.14582e-06
1.19454e-06
-5.08253e-07
7.58658e-07
1.87408e-07
-1.22275e-06
-8.8168e-07
1.3797e-07
7.43711e-07
1.17334e-06
-3.98058e-07
-7.75281e-07
-4.90233e-07
1.82751e-07
-1.21442e-06
-1.93e-07
1.22542e-06
1.71377e-07
-1.94244e-07
1.00562e-06
1.3899e-06
-3.94818e-07
-8.28057e-07
1.37923e-06
-8.19911e-07
4.90112e-07
8.2116e-07
-4.9105e-07
5.65851e-07
3.63914e-07
-9.29765e-07
-6.49031e-07
-3.02576e-07
9.51607e-07
-6.07671e-09
-8.44439e-07
8.50516e-07
9.26582e-07
-9.76683e-07
-9.63085e-07
-5.93706e-07
-6.73597e-07
6.8733e-07
-9.88195e-07
1.04201e-06
1.00531e-06
-1.05142e-06
8.93533e-07
-1.36313e-06
-7.25743e-07
-6.38672e-08
7.8961e-07
7.03068e-07
5.65006e-08
-7.59569e-07
-1.4743e-06
5.94851e-07
8.79452e-07
1.01855e-06
4.36899e-08
-1.06224e-06
-9.15959e-07
-1.15676e-07
1.03163e-06
-1.07497e-06
9.14053e-07
1.73007e-07
-1.08706e-06
1.09027e-06
7.12598e-07
-5.31983e-07
-1.11714e-06
3.91398e-07
1.09282e-06
-3.89748e-07
-8.94832e-07
1.27444e-06
-3.79605e-07
-1.89724e-08
-8.75859e-07
-1.01024e-06
1.83851e-07
8.26386e-07
1.04275e-06
-1.78588e-07
-8.64159e-07
-6.23973e-07
1.03619e-06
-4.12217e-07
-9.38868e-07
-2.00251e-07
1.13912e-06
-5.26735e-07
-1.60341e-07
9.04052e-07
-9.38363e-07
-1.11152e-07
-6.99638e-07
9.84988e-07
6.12099e-07
-9.82005e-07
3.69906e-07
1.18633e-06
-6.1302e-07
-5.73311e-07
-1.20312e-06
6.43408e-07
5.59709e-07
-5.90836e-07
1.34949e-06
4.82114e-07
5.09848e-07
-4.94825e-07
-4.81528e-07
-1.31472e-07
1.24082e-07
1.63243e-07
-1.18825e-06
1.02501e-06
4.50011e-07
-4.61878e-07
-2.90078e-08
-9.35398e-07
9.76201e-07
1.69792e-07
-8.27545e-07
4.9238e-07
-7.95393e-07
1.00407e-06
-1.01014e-06
-7.57995e-07
7.54254e-07
4.24046e-07
-4.39531e-07
8.46904e-07
3.26435e-07
1.42959e-07
8.75595e-07
1.41581e-07
-8.65384e-07
-7.13444e-07
-4.27859e-07
-7.75242e-07
5.65246e-07
7.96171e-07
3.81778e-07
5.62477e-08
9.7533e-07
-5.91095e-07
-4.95905e-07
6.01401e-07
4.89256e-07
-3.0669e-08
8.04361e-07
-4.66277e-07
9.57099e-07
-4.90822e-07
1.05913e-06
-8.76728e-08
-5.2272e-07
9.23179e-07
-4.00459e-07
-1.18251e-06
1.76974e-07
-1.11584e-06
6.01521e-07
-2.50104e-07
1.06189e-06
2.64185e-07
-1.09743e-06
1.56249e-07
1.54753e-07
-1.66103e-07
-1.65414e-07
-1.62273e-07
8.33366e-07
-5.08239e-07
4.97616e-07
-4.78269e-07
1.12359e-06
-1.66846e-07
-9.56742e-07
-1.15112e-06
1.70016e-07
9.81106e-07
6.04493e-07
6.35031e-07
-3.46018e-08
-8.24076e-07
1.98084e-07
-8.56903e-07
-4.82805e-07
-5.42765e-07
1.73167e-07
-9.26938e-07
-1.77211e-07
9.47167e-07
9.19375e-07
1.42778e-07
2.12642e-07
-1.15296e-06
9.40315e-07
8.593e-07
3.34679e-07
1.72784e-07
7.46592e-07
9.31667e-08
1.35574e-06
-8.12703e-07
-5.43034e-07
6.75004e-07
-1.10366e-06
4.12868e-07
8.99774e-07
1.61599e-09
-9.89692e-07
-2.68261e-07
-8.6232e-08
-6.85846e-08
-8.25678e-07
6.90004e-07
6.9222e-07
-6.94676e-07
8.6746e-07
1.20695e-06
-6.55343e-07
-7.0536e-07
1.33354e-06
1.10241e-06
-9.67726e-07
-1.34686e-07
8.77511e-07
-1.17851e-06
1.25113e-06
-8.1508e-07
1.0972e-07
5.37862e-07
-7.00135e-07
-8.67834e-07
1.33173e-06
-6.64841e-07
-2.8638e-07
6.86381e-07
1.11432e-06
-1.42288e-07
-7.99264e-07
1.49876e-08
-4.80606e-07
6.78691e-07
7.7736e-07
2.53968e-07
9.76513e-08
8.18049e-07
-8.18048e-07
7.51852e-09
-1.14629e-06
3.15216e-07
-1.27579e-06
2.03167e-07
1.19769e-06
-2.3581e-07
-5.61247e-07
1.17517e-06
3.18286e-08
8.20916e-07
-8.52745e-07
-1.36936e-06
6.35472e-07
7.3389e-07
1.29782e-06
-2.04528e-07
-1.18085e-06
2.27146e-07
-1.04616e-06
1.61558e-07
8.84606e-07
9.70833e-07
1.92706e-07
8.72775e-07
-8.68071e-07
-8.64631e-07
8.74701e-07
4.9371e-07
-5.24379e-07
4.16282e-07
6.70489e-07
-1.05166e-06
1.11393e-06
1.05033e-06
-1.10949e-06
5.62127e-07
7.56549e-07
-9.29473e-07
4.95148e-07
-1.32088e-06
9.0555e-07
4.15326e-07
2.87741e-07
-9.11714e-07
1.32085e-06
-5.66716e-07
-7.54132e-07
-1.37932e-06
5.52685e-07
8.26637e-07
-1.47875e-07
-9.0378e-07
1.66175e-07
8.84155e-07
8.50652e-07
3.5634e-07
6.13785e-08
-8.00551e-07
-1.9691e-07
7.86099e-07
1.93929e-07
7.92438e-07
1.9517e-07
-7.92798e-07
-1.948e-07
-8.15529e-07
-3.22251e-07
4.15458e-07
-9.41309e-07
-2.5191e-07
1.19322e-06
9.80025e-07
2.29785e-07
-1.20981e-06
-1.24054e-06
1.09108e-06
-1.07938e-06
1.63521e-07
-9.91579e-07
-3.06916e-07
9.19014e-07
2.9885e-07
-2.98914e-07
-4.30548e-07
-3.56751e-07
7.87299e-07
-8.93954e-07
4.63406e-07
3.02177e-07
-3.5861e-07
-1.21664e-06
3.78651e-07
1.48911e-08
1.08752e-06
1.11682e-06
-7.01365e-07
6.00491e-07
5.16269e-07
-8.38957e-07
-7.17354e-07
7.49182e-07
7.81339e-07
4.25607e-07
2.48701e-07
-8.39537e-07
1.11856e-06
-1.11856e-06
-8.56831e-07
8.61251e-07
-8.55328e-07
8.56335e-07
-1.27089e-06
8.31688e-07
4.39204e-07
-7.48593e-07
-2.567e-07
-1.23512e-06
1.23512e-06
-6.59017e-07
-4.03194e-07
1.06221e-06
9.0164e-07
-6.52939e-07
8.53182e-07
-8.35075e-07
-5.72296e-08
-7.87408e-07
8.44637e-07
-7.7089e-07
-5.00285e-07
-5.4012e-07
-1.14919e-06
8.0501e-07
-1.01768e-06
-1.31511e-07
-1.06046e-06
5.52224e-07
-5.12352e-07
1.15811e-06
-3.77583e-07
-1.06984e-06
3.86951e-07
7.63346e-07
4.49864e-07
-1.12565e-06
-1.32386e-06
9.14144e-07
4.0972e-07
1.31213e-06
-9.13902e-07
-3.98229e-07
2.04306e-08
8.81209e-07
-9.06659e-07
7.87862e-07
-7.2662e-07
-5.44272e-07
-7.96484e-07
-5.33989e-07
-6.69607e-07
-4.93583e-07
-4.5082e-07
-7.0655e-07
-1.05224e-06
1.05224e-06
1.05026e-06
-1.05026e-06
1.05642e-06
-1.05642e-06
-1.05163e-06
1.05163e-06
-1.06593e-06
5.36711e-07
5.29222e-07
8.09801e-07
-8.23215e-07
-8.23857e-07
8.30865e-07
-8.38215e-07
1.17562e-06
-3.37406e-07
2.38755e-08
-5.2061e-07
6.64601e-07
-1.37879e-07
-8.0343e-07
1.75265e-07
8.0476e-07
-8.73201e-07
-1.79036e-07
8.65709e-07
1.84555e-07
3.43201e-07
1.09576e-07
5.56555e-07
-6.82565e-07
-6.00048e-07
7.37049e-07
-1.28284e-07
-9.62619e-07
2.62751e-07
8.76357e-08
2.38043e-08
-8.64063e-07
-1.87568e-07
8.69674e-07
1.86747e-07
4.70585e-07
-1.06604e-06
1.3088e-06
-3.47379e-07
-1.16818e-06
3.04495e-07
5.61202e-07
-8.65697e-07
9.27194e-07
1.96394e-07
-9.48364e-07
-2.02758e-07
2.41763e-07
9.36204e-07
-1.17797e-06
1.0231e-06
-2.27669e-07
1.18442e-06
-9.56749e-07
-2.53006e-07
9.39387e-07
-7.77334e-07
-1.129e-06
-7.8969e-07
9.86342e-07
-6.72926e-07
7.33792e-07
-4.02466e-07
4.33704e-07
8.77822e-07
-6.73436e-07
-7.31313e-07
1.20735e-06
1.23334e-06
-1.04517e-06
4.88786e-09
-1.05754e-06
-1.14929e-06
4.61465e-07
6.87828e-07
7.33186e-07
-3.27277e-07
6.75935e-07
2.68775e-07
1.13232e-06
-3.3109e-07
6.84572e-07
6.36276e-07
-1.68971e-07
-3.65339e-07
1.08389e-06
-6.9896e-07
-6.80363e-07
7.87144e-07
7.66363e-07
6.26693e-07
-9.67626e-07
3.40934e-07
3.18538e-07
8.59896e-07
-5.41358e-07
-3.7352e-07
-8.64764e-07
4.91243e-07
1.00931e-06
-8.38613e-07
7.70028e-07
-1.20366e-06
3.6505e-07
8.19137e-07
9.73819e-07
-1.0345e-06
7.96666e-07
-8.52918e-07
-2.08938e-07
1.00101e-06
9.53064e-07
-1.01425e-06
6.11882e-08
1.14724e-06
-4.06671e-07
-7.40568e-07
7.12707e-07
-7.52815e-07
9.02786e-07
3.88659e-07
7.84092e-07
-5.82255e-08
7.45029e-07
-6.86803e-07
8.0974e-08
1.14672e-06
-7.31507e-07
-4.15212e-07
-1.12392e-06
7.32328e-07
3.91594e-07
3.17956e-07
6.91353e-07
4.88219e-08
-8.87037e-07
-1.00069e-06
1.12549e-07
1.0606e-07
-1.15123e-06
-7.67759e-07
-4.80062e-07
1.03707e-06
7.8751e-07
4.62503e-07
-5.96061e-07
8.56601e-07
5.23247e-07
6.51742e-07
-7.51182e-07
5.88588e-07
-8.79251e-07
7.1607e-07
-7.35276e-07
6.14434e-07
5.76527e-07
-9.78843e-07
-8.20036e-08
-2.09177e-07
9.78712e-07
-7.69535e-07
-7.80658e-07
-6.41748e-07
9.34067e-07
4.45158e-07
-3.79405e-07
-4.95037e-07
8.74442e-07
-9.12662e-07
-5.84842e-07
-2.48483e-07
8.52975e-07
-8.04332e-07
-3.41956e-07
-5.6212e-07
1.05336e-06
-4.91242e-07
-7.26589e-07
6.68364e-07
-4.11354e-07
-7.66613e-07
8.47092e-08
-7.5333e-07
6.68621e-07
-3.82022e-07
9.57377e-07
-1.56708e-07
7.83401e-07
4.54116e-07
4.2572e-07
-8.79836e-07
-5.79607e-07
1.04426e-06
-4.64653e-07
-8.17401e-07
-7.4925e-07
-9.85341e-08
1.34964e-06
-4.56111e-07
-9.54371e-07
-9.17937e-08
4.45046e-07
-1.03852e-06
5.93479e-07
-6.88984e-07
-5.38045e-07
5.43678e-07
-6.40909e-07
-6.43702e-07
6.45652e-07
6.47382e-07
6.39368e-07
6.48804e-07
-6.40498e-07
-6.45273e-07
3.56505e-07
-1.00526e-06
-7.20765e-07
8.49065e-07
7.68087e-07
-1.68605e-08
-9.46673e-07
7.64776e-07
-7.64331e-07
-2.1204e-07
-8.01418e-07
-6.98036e-08
7.82511e-07
7.39024e-07
3.95981e-07
-7.19013e-07
-3.87026e-07
7.46898e-07
4.4272e-07
5.94166e-07
7.55478e-07
-8.25925e-07
-3.77737e-07
-1.00747e-06
1.23726e-06
1.01124e-06
-1.26315e-06
8.43504e-07
1.18311e-07
-8.57192e-07
-1.11566e-07
1.22985e-06
-8.76441e-07
-3.53413e-07
8.88674e-07
-9.0391e-07
7.771e-07
1.9607e-07
-7.45522e-07
-2.26917e-07
1.46743e-07
-1.25964e-07
-7.44033e-07
8.69996e-07
1.63152e-07
-1.23619e-06
4.6911e-08
8.34298e-07
7.32165e-07
2.54314e-07
4.46624e-07
-1.01596e-06
5.69339e-07
-9.91683e-07
9.73977e-07
8.59254e-08
-6.69748e-07
1.28085e-07
7.77466e-07
1.0564e-06
1.04877e-06
-6.7201e-07
-3.76764e-07
-6.64541e-07
5.72845e-07
-7.16327e-07
1.25655e-06
-4.52191e-07
-3.38053e-07
9.72274e-07
-6.34221e-07
-5.97949e-07
5.28145e-07
-9.83431e-07
1.91569e-07
4.5873e-07
4.18703e-07
1.48301e-07
4.77096e-07
4.05992e-07
-3.59286e-07
-3.40535e-07
-3.40952e-07
-1.06598e-06
4.74883e-07
1.09097e-06
-4.89569e-07
-1.00689e-06
4.80857e-07
-1.84167e-07
-3.47938e-07
-1.03396e-06
1.40006e-07
-3.32672e-07
1.06434e-06
-4.35042e-07
-4.10426e-07
8.45468e-07
5.46706e-07
-9.81748e-07
4.94115e-07
-1.24744e-06
8.25341e-07
4.46476e-07
-8.36739e-07
-4.61738e-07
-8.39784e-07
-4.43262e-07
6.19895e-07
6.23481e-07
1.1267e-06
-5.29222e-07
-5.97477e-07
-8.15815e-07
7.98929e-07
7.79827e-07
3.49573e-07
-9.42799e-07
5.42446e-07
-9.21852e-07
4.27486e-07
7.60449e-07
-4.1184e-07
-7.33957e-07
-3.18774e-07
-6.89645e-07
4.31939e-07
6.75695e-07
7.37494e-07
-4.32999e-07
6.76887e-07
-1.13005e-06
4.53161e-07
-5.05049e-07
9.59164e-07
1.14714e-06
-3.03632e-07
-1.14199e-06
2.848e-07
-9.30168e-08
-6.93081e-07
1.27833e-07
7.18881e-07
1.27223e-07
7.16038e-07
-9.20843e-08
-6.94329e-07
-1.15419e-06
3.2851e-07
-1.02068e-06
8.26439e-07
-1.01086e-06
-9.82228e-09
-6.01101e-07
1.19042e-06
-5.89315e-07
-8.2877e-07
1.00867e-06
8.24161e-08
-9.95225e-07
-8.41547e-08
-9.18453e-07
1.13109e-06
3.79961e-07
7.24938e-07
5.68828e-07
-4.04453e-07
-6.82547e-07
-5.17803e-07
-1.82884e-07
-8.05644e-07
-6.79668e-07
-3.86265e-07
7.1246e-07
3.80356e-07
-7.25176e-07
-3.91965e-07
-9.74573e-07
6.78547e-07
1.08614e-06
-5.85852e-07
8.94263e-07
1.41927e-07
9.70834e-07
-6.79074e-07
-1.09058e-06
5.91578e-07
-1.07288e-06
-5.83011e-07
6.39512e-07
5.92521e-07
-6.56389e-07
1.22888e-07
6.48913e-07
-7.71802e-07
-9.02287e-07
2.46944e-07
9.50268e-07
1.14076e-07
4.02017e-07
5.84025e-07
-9.86042e-07
-3.11046e-07
5.07593e-07
3.07665e-07
-5.08616e-07
5.68686e-07
-4.21943e-07
-9.7094e-07
7.61763e-07
9.47511e-07
1.00578e-06
-8.82896e-07
1.02775e-06
-4.00767e-07
-6.26987e-07
3.67589e-07
-9.61299e-07
5.93709e-07
3.01145e-07
4.59027e-07
-7.60171e-07
9.23281e-07
-9.23281e-07
-9.07273e-07
9.07273e-07
-9.07526e-07
9.07526e-07
9.24734e-07
-9.24734e-07
-6.45857e-07
-3.15542e-07
9.61398e-07
-8.58455e-07
7.34788e-07
-9.25309e-07
8.46755e-07
-4.11257e-07
-6.22703e-07
7.69696e-07
5.82281e-07
-6.12235e-07
3.18343e-07
-8.80463e-07
-8.12792e-07
-1.69213e-07
7.32204e-08
8.26648e-07
-6.39543e-07
7.00922e-07
-9.44314e-07
4.49489e-07
9.44517e-07
-4.62403e-07
-6.37494e-07
6.72147e-07
-5.16712e-07
-5.1087e-07
5.29969e-07
1.10958e-06
9.03983e-08
-3.60555e-07
9.55406e-07
1.26674e-06
-6.00623e-07
-7.72777e-07
-3.81411e-07
-9.04532e-07
-3.97821e-08
9.00596e-07
4.39207e-08
7.73343e-07
-4.72198e-07
8.79013e-07
2.68226e-07
2.95587e-07
-8.4357e-07
5.47983e-07
-9.64887e-08
-8.21964e-07
1.13778e-06
-7.85429e-07
-3.52352e-07
6.82206e-07
4.55575e-07
7.89702e-07
-1.03024e-06
7.90679e-07
2.39562e-07
-8.19694e-07
9.62377e-08
7.23456e-07
6.26619e-07
-6.03735e-07
7.99601e-07
-7.34632e-07
1.10978e-06
9.46832e-07
-5.00209e-07
-8.77215e-07
5.39162e-07
3.13423e-07
8.76993e-07
-9.16778e-07
-3.19923e-07
-4.25404e-07
7.45326e-07
-8.08519e-07
4.88596e-07
8.65255e-08
9.17542e-07
-6.77907e-07
7.64433e-07
2.86799e-07
7.52578e-07
-3.88695e-07
-7.62535e-07
8.36765e-07
1.90988e-07
-1.37273e-06
6.51967e-07
1.04654e-06
-6.63489e-07
-1.02863e-06
6.71886e-07
-8.96123e-07
-1.13258e-06
8.10327e-07
-1.658e-07
-6.34343e-07
5.63266e-07
-2.22962e-07
8.0312e-07
2.39752e-07
-8.13301e-07
1.88209e-07
-9.00381e-07
7.12172e-07
8.714e-07
-6.83192e-07
1.00966e-06
3.68738e-08
-1.00021e-06
-2.84249e-08
2.94624e-07
4.82841e-07
-5.80157e-07
8.74781e-07
8.76089e-07
6.42262e-08
8.75048e-07
-6.92472e-07
-4.56821e-07
-2.6872e-07
6.06864e-07
-6.00895e-07
-1.62691e-07
-8.2643e-07
1.75077e-07
8.37237e-07
-6.51349e-08
-1.03852e-06
8.62904e-07
-1.02975e-06
-8.67917e-07
1.03793e-06
8.50524e-07
-8.55686e-07
1.03722e-06
-5.3809e-07
-4.79591e-07
-1.21313e-06
6.75043e-07
-1.17847e-06
4.32946e-07
1.18826e-06
-4.11155e-07
8.5298e-07
2.66236e-07
2.63491e-07
5.89489e-07
4.72307e-07
6.60011e-07
-5.29596e-07
-7.30001e-07
1.15106e-06
-4.21057e-07
-9.16998e-07
2.15633e-07
-6.12988e-08
1.00452e-06
-9.4322e-07
1.07456e-06
1.64095e-08
-1.04629e-06
-1.96862e-08
7.30109e-08
-1.008e-06
9.34991e-07
-9.17389e-07
3.29723e-07
1.18615e-06
-7.47179e-07
-8.83488e-07
9.45413e-07
-1.63928e-07
-8.05779e-07
-9.32169e-07
9.30438e-07
-4.68394e-07
1.1434e-06
5.38554e-07
7.94985e-07
-4.71199e-07
8.87481e-07
-1.14198e-06
3.90793e-07
7.51185e-07
-1.32966e-07
8.95253e-07
-7.62287e-07
1.21618e-07
-8.84528e-07
7.6291e-07
5.19114e-07
5.84163e-07
-5.0854e-07
-5.80959e-07
-2.94488e-07
-4.74506e-07
6.40505e-07
-1.1999e-06
5.59394e-07
-6.53174e-07
-5.56637e-07
6.51671e-07
5.41548e-07
-6.92835e-07
-8.5054e-07
4.89985e-07
-6.00037e-07
1.03183e-06
8.51893e-07
-7.84662e-07
7.40085e-07
1.00828e-06
-4.98437e-07
-1.00797e-06
5.26439e-07
-1.31429e-07
-6.43074e-07
7.74503e-07
-6.54307e-07
-9.48169e-07
-1.6132e-07
9.58403e-07
1.55527e-07
-1.71387e-07
8.81539e-07
-9.49039e-07
7.77652e-07
-9.02599e-07
-9.5494e-07
5.50487e-07
9.14024e-07
-5.34064e-07
7.03176e-07
-8.25081e-07
-6.78466e-07
8.13294e-07
-5.06285e-07
1.15411e-06
-6.47825e-07
1.02196e-06
-1.06548e-06
4.35176e-08
-1.19569e-07
8.95309e-07
-1.00203e-06
7.53552e-07
-6.83008e-07
-4.58969e-07
8.71812e-07
-8.76471e-07
6.61037e-07
-7.80605e-07
8.7203e-07
3.47452e-07
-8.66706e-07
-3.51293e-07
-8.67455e-07
-3.56931e-07
8.50095e-07
1.13438e-07
6.97937e-07
6.99381e-09
-7.04931e-07
7.81871e-07
-8.79494e-07
8.72304e-07
9.42268e-07
2.47725e-09
8.29494e-07
-1.31556e-07
1.46978e-07
-1.65316e-07
-4.52195e-07
-5.61595e-07
1.01379e-06
5.24006e-07
-9.87607e-07
7.222e-07
2.65408e-07
2.80132e-07
-9.92404e-07
-1.96976e-07
9.6536e-07
-2.67902e-07
9.62957e-07
1.91203e-07
-9.71902e-07
1.13428e-06
-1.18032e-06
4.60406e-08
-1.138e-06
4.92147e-07
1.09008e-06
-1.00546e-06
1.00539e-06
-1.073e-06
-2.84713e-07
7.25796e-07
1.91279e-07
-7.15285e-07
6.5195e-07
-9.36663e-07
-5.62854e-07
-8.7959e-08
9.95832e-07
2.96082e-07
-7.27008e-07
-2.18616e-07
1.09671e-06
-6.84405e-07
9.80487e-07
6.08022e-07
-4.34857e-07
-9.33381e-07
2.40909e-07
5.99566e-08
1.28877e-07
-2.49639e-07
-1.15978e-07
2.59991e-07
9.57209e-07
-1.64772e-07
-9.51503e-07
1.58704e-07
9.33039e-07
-1.4694e-07
-1.13876e-06
3.38209e-07
4.95472e-07
-5.05027e-07
4.89776e-07
-5.1528e-07
6.99407e-07
5.30447e-07
2.17796e-08
-7.72962e-07
-1.19928e-06
7.94764e-07
4.04515e-07
-6.44559e-07
-7.5905e-07
1.15651e-06
-3.97459e-07
7.58613e-07
-1.18292e-06
4.24309e-07
-1.08399e-06
4.18716e-07
6.65274e-07
-6.30469e-07
-1.89442e-07
6.11603e-07
2.09557e-07
1.59479e-07
-8.80573e-07
8.75789e-07
2.18114e-07
8.36094e-07
8.03957e-07
-9.83084e-07
9.88746e-07
-1.09567e-06
3.51637e-07
-3.32538e-07
-6.40631e-07
-6.42931e-07
-4.80991e-07
6.63131e-07
4.83588e-07
-4.1729e-07
1.19916e-06
8.91213e-07
5.67349e-07
5.68147e-07
-2.46934e-07
-4.20258e-07
3.26328e-07
-8.89517e-07
-8.31634e-07
8.78545e-07
7.102e-08
-7.31999e-08
7.83586e-07
-5.20095e-07
1.07633e-06
-1.06139e-06
-2.42981e-07
-7.26288e-07
2.29234e-07
7.48362e-07
-5.32272e-07
2.72738e-07
-3.09528e-07
-2.29605e-07
-1.26571e-06
9.50165e-07
1.17309e-06
-7.04935e-07
-2.73908e-07
1.03481e-06
-6.186e-07
-4.16211e-07
-1.07407e-06
6.21908e-07
4.52163e-07
8.49079e-07
-7.27461e-07
4.88817e-07
-1.16225e-06
-8.68913e-07
7.35947e-07
8.22993e-07
-8.36853e-07
1.10978e-06
1.0535e-06
-8.30048e-07
-2.23449e-07
-9.16778e-07
-3.51739e-07
-1.16812e-06
8.32427e-07
3.35694e-07
-2.23494e-07
-7.9076e-07
-4.08518e-07
1.18968e-06
-3.18279e-07
6.26796e-07
2.22283e-07
-9.28497e-07
7.06214e-07
-1.76681e-07
8.17187e-07
-6.18911e-07
-1.85643e-07
-7.82083e-07
6.34827e-07
-8.13415e-07
-6.02906e-07
7.86756e-07
-1.25417e-06
1.02713e-07
-1.18292e-07
1.2384e-06
-8.26963e-07
1.83889e-07
9.98154e-07
-5.08898e-07
-1.03232e-06
5.36413e-07
-1.09145e-06
-5.50748e-07
-6.56715e-07
9.8096e-07
-9.8096e-07
-9.78916e-07
9.78916e-07
-6.45875e-07
9.58693e-07
-3.12817e-07
5.00251e-08
8.00491e-07
-1.02172e-06
1.02172e-06
9.81999e-07
-9.81999e-07
-6.08832e-07
9.85016e-07
-3.76183e-07
-8.20872e-07
-3.85234e-07
-4.84846e-07
9.08684e-07
6.40187e-07
-6.41982e-07
-2.13033e-07
9.00363e-07
-5.18791e-07
-5.96838e-07
5.92431e-07
5.00736e-07
7.36522e-07
-5.33905e-07
-7.29242e-07
8.15788e-07
3.15307e-07
1.06596e-06
-7.14468e-07
-3.5149e-07
-1.08018e-06
7.25047e-07
3.55135e-07
-7.01694e-07
6.89014e-07
-2.75802e-07
-5.0886e-07
1.00551e-06
-5.42102e-07
9.61649e-07
-6.62888e-07
8.61482e-07
-1.98593e-07
6.53681e-07
-8.5247e-07
1.9879e-07
3.71567e-07
6.65503e-07
4.75913e-07
8.4486e-07
-1.83824e-07
-1.08344e-06
2.03363e-07
1.81972e-07
-1.73282e-07
-1.43176e-07
7.8526e-07
1.9007e-07
1.09663e-06
-1.51212e-07
-1.12963e-06
2.46146e-07
-3.26535e-07
-8.86307e-07
4.1222e-07
-5.21613e-07
1.26284e-06
-9.13265e-07
-1.05629e-06
1.24124e-07
1.09859e-06
-1.68155e-07
-4.04343e-07
5.35739e-07
7.81272e-08
-8.53408e-07
3.23919e-07
8.99194e-07
1.31465e-06
1.05003e-06
-6.57829e-07
-3.81967e-07
-7.76135e-07
1.74134e-08
9.36367e-07
-1.00469e-06
1.19115e-06
-6.21334e-07
5.10583e-07
5.73309e-07
-9.41495e-07
4.69337e-07
5.542e-07
-9.77921e-07
4.2372e-07
-4.67465e-07
8.96823e-07
-8.79306e-07
7.97318e-07
2.0819e-07
7.18042e-07
-7.11361e-07
-2.11693e-08
7.79783e-07
1.91661e-08
-7.78216e-07
-5.80151e-07
8.68559e-07
-2.80327e-07
-5.88232e-07
7.63582e-07
-1.12161e-06
-7.58059e-07
1.12442e-06
2.09555e-07
-3.71393e-07
-1.52981e-07
1.44701e-07
-5.69721e-07
8.58552e-07
6.36682e-07
-8.0603e-07
-2.8097e-07
8.10641e-07
2.65663e-07
8.06508e-07
2.64484e-07
-8.07055e-07
-2.79905e-07
-8.0603e-07
8.10641e-07
8.06508e-07
-8.07054e-07
9.50544e-07
2.25077e-07
-8.29995e-07
1.05721e-06
-8.78379e-07
8.8565e-07
7.18284e-07
4.08414e-07
1.09749e-07
8.33594e-07
-5.32178e-07
-4.67887e-07
-8.38282e-07
8.7203e-07
-8.66706e-07
-8.67455e-07
8.50095e-07
7.10812e-07
2.63165e-07
-7.53396e-07
-8.46029e-07
-3.67061e-07
-1.15858e-06
8.48987e-07
3.68171e-07
8.8283e-08
-1.33819e-07
-1.38222e-07
1.58685e-07
1.59888e-07
9.84066e-07
-4.22864e-07
-4.17677e-07
6.56604e-07
-9.09331e-07
2.52726e-07
-2.86078e-07
-4.57104e-07
4.24755e-07
-8.10521e-07
7.93661e-07
4.31076e-07
-4.47452e-07
-6.45864e-07
-4.56346e-07
6.38015e-07
4.19672e-07
9.15023e-07
3.23377e-07
-9.23942e-07
-3.30231e-07
9.14144e-07
-1.16313e-06
5.72901e-07
-7.17918e-07
-4.45215e-07
-9.13902e-07
3.57539e-07
3.68698e-07
5.80519e-07
-7.18397e-07
-5.70619e-07
7.45884e-07
-6.39739e-07
-6.29455e-07
9.15447e-08
7.8405e-07
-5.97948e-07
6.17637e-07
-7.11618e-07
-3.00789e-07
1.01241e-06
-2.55958e-07
1.07175e-06
1.85025e-08
-1.36312e-09
-9.9197e-07
4.98388e-07
-5.10814e-08
8.02266e-07
6.07599e-07
3.58671e-07
9.33927e-07
5.24979e-07
-2.22684e-07
-8.15841e-07
-9.29288e-07
6.12117e-07
9.43181e-07
-6.17168e-07
1.13133e-06
-9.51015e-07
-9.52896e-07
-8.94031e-07
5.46496e-08
-1.0062e-06
1.22914e-06
1.0663e-06
5.66016e-07
1.0422e-06
-9.55626e-07
9.32301e-07
1.45313e-08
-5.76503e-07
4.92628e-07
5.84096e-07
-4.7249e-07
-6.43214e-08
9.2567e-07
-8.61348e-07
6.08727e-08
-9.42826e-07
8.81953e-07
9.46371e-07
-4.04837e-07
-8.60484e-07
4.20412e-07
-4.18715e-07
5.57353e-07
9.14069e-07
6.43468e-07
-6.24086e-07
-6.73852e-07
-3.26348e-07
9.69817e-07
3.35276e-07
-9.59362e-07
-8.95509e-07
3.2512e-07
5.70389e-07
-4.75086e-07
8.39509e-07
-8.34842e-07
-8.34776e-07
8.40974e-07
-9.32009e-08
9.77807e-07
-9.54417e-07
4.79331e-07
9.498e-07
-5.17861e-07
1.84513e-07
8.02837e-07
5.83694e-07
8.91995e-07
-7.45104e-07
8.87068e-07
-8.61792e-08
-8.00889e-07
-8.86598e-07
7.89708e-08
8.07627e-07
4.10019e-09
-8.04993e-07
7.51264e-07
-8.74579e-07
1.23315e-07
-9.48974e-07
9.59591e-07
8.63737e-07
-1.1866e-06
7.85831e-07
1.18712e-06
-6.26769e-07
5.47382e-07
-5.51567e-07
-1.18891e-06
6.28466e-07
1.1811e-06
-6.21999e-07
5.51645e-07
-5.48718e-07
-6.36369e-07
6.31397e-07
-9.65333e-07
1.78994e-07
7.70806e-07
-8.07835e-07
1.29927e-07
-1.06385e-06
1.08931e-06
5.05002e-07
-4.65052e-07
-1.0918e-06
3.38402e-07
-7.82968e-07
1.10958e-07
-8.79523e-08
7.63563e-07
-6.75611e-07
4.21509e-07
-8.69502e-07
4.47992e-07
-4.06254e-07
8.5663e-07
-4.50377e-07
4.17601e-07
-8.59379e-07
4.41778e-07
-4.13027e-07
8.71126e-07
-4.58099e-07
1.0198e-06
-5.66642e-07
-1.10677e-07
8.53355e-07
-3.08793e-07
-7.35729e-07
-4.63487e-07
8.84997e-07
4.61608e-07
-8.67861e-07
5.69852e-07
5.93795e-07
-4.63687e-07
8.81289e-07
4.56928e-07
-8.69955e-07
-7.76233e-07
-1.09105e-06
7.09249e-07
3.81797e-07
3.39194e-07
1.17963e-06
-6.08608e-07
-5.2039e-07
7.76578e-07
-9.55251e-07
1.78672e-07
-2.85268e-07
-9.50922e-07
-1.09162e-07
-7.98365e-07
1.13027e-07
8.11707e-07
-1.09205e-07
-7.98069e-07
1.13428e-07
8.09854e-07
9.03552e-07
-1.16416e-07
1.06696e-06
-4.79747e-07
4.78043e-07
7.54006e-07
4.29554e-07
7.85596e-07
6.45941e-08
-7.4339e-07
-4.44923e-07
-2.02186e-07
-7.82314e-07
7.23801e-07
-7.35276e-07
1.60654e-10
7.1607e-07
-8.38834e-07
9.63961e-07
-4.31331e-07
-9.0253e-07
7.69411e-07
-8.78616e-07
-7.58841e-07
8.72269e-07
-7.59502e-07
8.72529e-07
7.70577e-07
-8.79739e-07
-6.31738e-07
8.98602e-07
-2.35716e-07
-9.42784e-07
2.76917e-07
5.89819e-07
-8.66736e-07
-5.17697e-07
1.10928e-06
2.32464e-07
-9.11538e-07
-5.37692e-07
8.14608e-07
5.2949e-07
-1.11534e-06
-2.29002e-07
9.07549e-07
-9.92961e-07
-3.21771e-07
1.3568e-07
-8.69637e-07
-1.34509e-07
8.94959e-07
-4.22671e-07
9.76871e-07
6.57291e-07
-1.07996e-06
2.30217e-07
-2.13727e-07
-2.30133e-07
2.16132e-07
-9.47478e-07
1.03523e-06
3.89989e-07
2.97553e-07
-3.70682e-07
-2.9126e-07
-4.61522e-07
1.03487e-06
7.42529e-07
2.38432e-07
-7.44928e-07
-2.33988e-07
1.92593e-07
-7.34695e-07
5.10744e-07
-4.42942e-07
-6.48508e-07
-5.80303e-07
7.38663e-07
2.43335e-07
-7.57719e-07
-2.64004e-07
5.54931e-07
2.87629e-08
-5.5921e-07
-1.14184e-07
3.48671e-07
-7.91342e-07
-6.2013e-07
1.19332e-06
-5.41357e-07
3.03587e-07
6.75797e-07
8.32471e-07
3.58681e-07
-2.16476e-07
8.10185e-07
6.96046e-07
-9.12522e-07
7.89125e-07
-1.1182e-06
6.67638e-07
7.17514e-07
1.57533e-07
-4.62904e-07
-2.65857e-07
7.28761e-07
3.33238e-07
-9.33285e-07
-3.46958e-07
9.03513e-07
7.23277e-07
4.21445e-07
6.83506e-07
-4.19502e-07
-7.21919e-07
4.58581e-07
2.78548e-07
-7.37129e-07
-7.23436e-07
1.21075e-06
-4.93232e-07
-8.16964e-07
3.81638e-07
-9.02247e-07
-6.86941e-07
-9.57228e-07
8.89952e-07
-5.8016e-09
7.1892e-07
-7.13119e-07
9.53536e-07
-1.39688e-08
2.21959e-09
-1.17065e-09
-9.96797e-10
3.69479e-07
5.9192e-07
-5.91365e-07
5.85563e-07
6.22741e-07
-8.93876e-07
-7.00758e-07
2.97547e-07
-7.64156e-07
1.03486e-07
9.30406e-07
-7.11841e-07
7.11841e-07
-9.82165e-08
7.76531e-07
-7.76531e-07
8.14813e-07
8.0294e-07
-1.4173e-07
1.03373e-06
7.54006e-07
-2.88677e-08
-9.47249e-07
-1.09434e-06
9.38158e-07
-5.68679e-07
-7.4339e-07
-6.03859e-07
-2.49048e-07
8.52907e-07
-8.49265e-07
-4.39036e-07
8.41774e-07
7.40886e-07
2.17806e-07
-1.06961e-06
1.00368e-06
-6.40498e-07
-2.09453e-07
-9.43252e-07
9.66785e-07
9.87077e-07
-9.13857e-07
-9.07963e-07
9.21215e-08
3.80504e-07
-9.23538e-07
-5.40558e-08
8.44735e-07
9.22118e-07
5.70195e-07
-6.34516e-07
-5.82917e-07
6.43789e-07
4.28132e-07
-8.71074e-07
6.88241e-07
5.10752e-07
-6.94972e-07
-9.03074e-07
-1.32752e-07
8.56831e-07
-8.61251e-07
-8.44104e-07
-1.03145e-07
8.55328e-07
-8.56335e-07
-9.3489e-07
-7.44928e-07
7.42529e-07
1.00968e-06
8.30888e-07
9.30932e-07
7.38663e-07
-7.57719e-07
-7.80466e-07
-2.74446e-07
4.79488e-09
-5.20276e-08
7.27824e-07
-9.28392e-07
-5.18801e-07
9.77827e-07
1.02149e-06
-6.65155e-07
8.71079e-07
-8.71079e-07
-8.76401e-07
8.76401e-07
4.64965e-07
-4.76346e-07
-5.13527e-07
7.8074e-07
4.825e-08
-7.35191e-07
1.13882e-06
-6.77208e-07
-1.14124e-06
6.77753e-07
1.13317e-06
-6.76246e-07
-1.14042e-06
6.76733e-07
-2.99781e-08
-6.78188e-07
-6.04008e-07
9.98439e-07
-7.75295e-08
-6.512e-07
7.2873e-07
9.22828e-07
-6.57421e-07
-4.13197e-07
-9.92686e-07
9.56148e-07
-5.92234e-07
-8.74987e-07
5.72411e-07
5.27067e-07
-3.36612e-07
6.6985e-07
2.79445e-07
-6.26403e-07
-8.21932e-08
-7.61911e-07
5.3589e-07
1.07062e-07
9.05345e-07
-3.76411e-07
-4.98576e-07
-2.99533e-07
6.8117e-07
9.81232e-07
1.0207e-06
-4.78736e-07
-1.0389e-06
4.85337e-07
-1.03886e-06
7.96095e-07
-1.24274e-07
4.16297e-07
-5.5186e-07
-2.32347e-08
3.45836e-07
7.4295e-07
1.0392e-06
5.32547e-07
-1.04026e-06
-7.84074e-07
-4.80882e-09
1.01848e-06
-6.89972e-07
-5.9633e-07
-1.81429e-07
8.5005e-07
2.48705e-07
-2.3301e-07
-4.99244e-07
4.96132e-07
-8.7584e-07
-4.99701e-07
4.9666e-07
7.40327e-07
-7.5695e-07
-7.53149e-07
7.40549e-07
2.14047e-07
-2.23918e-07
5.71734e-07
4.94224e-07
-5.97534e-07
-4.82648e-07
-9.46673e-07
7.68087e-07
8.91306e-07
-8.41281e-07
7.64776e-07
-7.64331e-07
-1.2814e-07
-7.50476e-07
1.29406e-07
7.42863e-07
-9.76524e-07
-1.28047e-07
-7.51692e-07
1.27534e-07
7.44994e-07
1.01629e-06
-6.53266e-07
1.07198e-06
9.23168e-07
-4.73304e-07
1.06754e-06
1.05624e-06
-8.95314e-07
7.12429e-07
7.37909e-07
-7.4541e-07
8.17736e-07
-1.12851e-06
1.00565e-06
7.40085e-07
-6.92835e-07
-8.60881e-07
5.03602e-08
8.34324e-07
3.43643e-07
6.68247e-07
-6.40925e-07
-6.61465e-07
6.38891e-07
-7.80186e-07
8.42374e-07
3.19793e-07
8.72203e-07
-3.10529e-07
-1.01677e-06
6.55126e-08
-1.08228e-06
6.04633e-07
-9.86655e-07
3.3245e-07
-7.78643e-07
1.04775e-06
-3.79384e-07
-1.02643e-06
3.61893e-07
-1.16012e-06
1.15351e-06
1.1631e-06
-1.14686e-06
6.81853e-07
-5.37294e-07
6.33277e-07
-7.12128e-07
7.0313e-07
7.05004e-07
-7.0508e-07
3.33251e-07
-1.05853e-06
8.28393e-07
9.68599e-07
-7.52467e-07
-9.67845e-07
7.54118e-07
1.05813e-06
-8.27917e-07
-2.04937e-07
7.63682e-07
6.411e-07
-7.27279e-07
-6.7146e-07
7.50431e-07
-6.00056e-07
-1.72721e-07
3.73985e-07
-5.98609e-08
-6.87318e-07
-1.08883e-06
8.8664e-07
-2.61064e-07
-9.13705e-07
9.31765e-07
6.30322e-07
-7.23339e-07
-6.31802e-07
7.59635e-07
-6.33157e-07
7.6038e-07
6.2801e-07
-7.20094e-07
-4.40877e-07
-7.98797e-07
-1.56829e-07
9.42691e-07
8.1366e-07
-8.38514e-07
-5.08616e-09
-7.01296e-07
-1.37217e-07
6.84595e-07
1.29065e-07
-4.65146e-07
7.44137e-07
-7.16776e-07
7.02113e-07
7.03707e-07
-7.13344e-07
1.01178e-06
-9.77173e-07
2.51036e-07
5.16487e-07
-4.90565e-07
8.21144e-07
-1.18195e-07
-5.06266e-07
8.09854e-07
-7.98069e-07
8.11707e-07
-7.98365e-07
-1.02087e-06
7.02027e-07
-7.13778e-07
-7.23436e-07
6.61765e-07
-7.50502e-08
2.13912e-07
7.23277e-07
1.11092e-07
1.20962e-06
-1.22239e-06
-4.53278e-07
-3.14973e-07
7.6825e-07
5.61156e-07
2.16185e-07
-2.14585e-07
1.06342e-06
-8.78904e-07
7.90717e-07
-8.15571e-07
9.77114e-07
7.90076e-07
-7.82706e-07
-9.06529e-07
4.15707e-07
-8.82331e-07
2.96952e-07
5.29433e-07
-3.26382e-07
-5.37777e-07
-8.05214e-07
7.86225e-07
-8.74097e-07
-5.13611e-07
6.61871e-07
8.63714e-07
-8.285e-07
9.54138e-07
6.99558e-07
6.54907e-07
-7.81972e-07
-2.22722e-07
6.99579e-07
-1.01469e-06
3.15111e-07
-4.78295e-07
6.81922e-07
9.36494e-07
1.23439e-07
-7.79025e-07
-1.36543e-07
7.8628e-07
6.87757e-07
-8.92694e-07
-6.92595e-07
6.82219e-07
6.74331e-07
-6.94316e-07
7.63275e-07
-7.16776e-07
-7.13344e-07
7.02113e-07
7.03707e-07
5.34109e-07
5.06252e-07
-5.47569e-07
-5.39381e-07
-5.48777e-07
-5.38123e-07
5.30926e-07
5.03419e-07
3.75266e-07
3.05904e-07
3.5157e-07
7.8653e-07
1.35588e-07
-7.42583e-08
9.08745e-07
-1.22215e-07
7.70592e-07
4.41408e-07
-3.27442e-07
6.36785e-07
4.92268e-07
-6.22715e-07
3.31046e-07
6.07439e-07
-4.10097e-08
-1.74618e-07
1.01133e-06
-1.52966e-07
1.47802e-07
-3.59278e-07
-8.28416e-08
1.19924e-07
-4.20221e-07
6.12682e-07
7.57234e-07
7.94692e-07
-3.74575e-08
-1.76461e-07
-9.05819e-07
-7.28321e-07
-2.65686e-07
-3.60717e-07
-3.06793e-07
-6.35148e-07
5.50482e-07
-9.48251e-07
-5.61964e-07
1.04409e-06
-4.82129e-07
-5.72807e-07
2.06507e-07
-1.55294e-07
-9.46216e-07
5.71098e-07
-8.91566e-07
-1.96751e-07
1.52665e-07
8.34518e-07
-4.66756e-07
6.08273e-07
4.57417e-07
1.16294e-07
-1.06331e-07
-4.648e-07
4.7526e-07
2.73953e-07
9.67721e-07
7.26663e-07
-4.12089e-07
-3.60873e-07
3.28493e-07
4.58263e-07
-3.42158e-07
-4.71257e-07
-2.80749e-07
5.22191e-07
4.44037e-07
-5.48575e-07
-3.94209e-07
-2.92039e-07
5.22774e-07
-6.02529e-08
-8.90762e-07
7.13963e-07
-7.74216e-07
-1.70755e-07
-6.78511e-07
1.59896e-07
6.81878e-07
-5.39854e-07
6.76497e-07
-1.02502e-06
1.03603e-06
8.70656e-07
7.03782e-07
1.30736e-07
9.46188e-07
-2.31229e-08
7.37618e-07
7.30429e-07
5.45206e-07
-8.54733e-07
-4.69484e-07
5.53664e-07
3.76742e-07
2.25989e-07
-3.7123e-09
-7.99303e-07
6.94862e-09
7.73527e-07
-9.89168e-07
3.31748e-07
9.40894e-07
9.28766e-07
5.68165e-07
-7.42091e-07
7.14193e-07
-8.79308e-07
8.43258e-07
1.34104e-07
9.20724e-07
5.02481e-07
-4.90748e-07
9.87696e-07
-1.00903e-06
-1.17403e-07
-6.6468e-07
-9.56417e-07
6.6193e-07
6.87175e-07
6.88862e-07
-7.14191e-07
-7.13672e-07
-4.73254e-07
-4.62144e-07
-8.08363e-07
-1.00324e-06
-8.87125e-07
-4.40547e-07
7.44134e-07
-5.54672e-07
5.52418e-07
-5.59458e-07
-6.62936e-07
5.93739e-07
6.15882e-07
8.28148e-07
-1.40973e-07
-8.75927e-07
1.62255e-07
-8.77565e-07
1.63374e-07
8.31303e-07
-1.42441e-07
4.53279e-07
7.98094e-07
1.85859e-07
-1.01621e-07
-7.91056e-07
6.89435e-07
9.89055e-07
-9.12695e-07
7.76525e-07
-8.01456e-07
1.36301e-07
2.95035e-07
-1.0035e-06
-1.16265e-07
4.93367e-08
1.22913e-07
-4.90382e-08
4.84514e-07
-3.7212e-07
8.11286e-07
8.86816e-07
1.38223e-07
-9.51613e-07
-4.68772e-07
3.65107e-07
5.77583e-07
-3.88589e-07
7.95869e-07
1.63326e-07
-1.01525e-06
6.49523e-07
1.07454e-06
-1.09375e-06
8.73642e-07
-6.84438e-07
-8.77121e-07
7.06564e-07
8.62163e-07
-6.73334e-07
-8.77421e-07
6.95487e-07
-8.65435e-07
-1.04882e-06
9.84954e-07
8.78291e-07
-1.96413e-07
-8.72223e-07
1.93713e-07
9.9414e-07
1.52732e-07
-9.08138e-07
-9.00212e-07
8.25526e-07
-3.31248e-07
-7.68299e-07
-6.15177e-07
7.66326e-07
-8.2842e-07
6.77227e-07
-3.11055e-07
-6.77864e-08
7.39393e-08
7.37436e-08
-6.6617e-08
3.73005e-07
8.79489e-07
-2.99718e-08
-2.04599e-07
-6.53477e-07
6.16019e-07
-3.36213e-07
-1.52775e-07
-1.82778e-07
6.91959e-07
-6.70298e-07
-4.12886e-07
-6.48935e-07
8.78113e-07
-3.01586e-07
1.03916e-07
6.55719e-07
-9.31643e-08
-6.2693e-07
1.03347e-07
6.57032e-07
-9.38649e-08
-6.29474e-07
-1.35115e-07
5.19668e-07
-1.90716e-07
7.71915e-07
-8.19287e-07
7.67903e-07
-8.19093e-07
2.58381e-07
5.9469e-07
6.08323e-07
6.37303e-08
7.52539e-07
7.59148e-07
3.4453e-07
2.38548e-07
-9.23034e-07
-2.94013e-07
1.37785e-07
8.88071e-07
-5.46902e-07
-3.97838e-07
)
;

boundaryField
{
    frontandback
    {
        type            empty;
        value           nonuniform 0();
    }
    simetry
    {
        type            symmetry;
        value           uniform 0;
    }
    inlet
    {
        type            calculated;
        value           nonuniform List<scalar> 
23
(
1.0869e-06
1.0869e-06
1.08696e-06
1.087e-06
1.087e-06
1.08696e-06
1.087e-06
1.0869e-06
1.08696e-06
1.087e-06
1.087e-06
1.08695e-06
1.08695e-06
1.087e-06
1.08696e-06
1.08696e-06
1.08696e-06
1.0869e-06
1.087e-06
1.08699e-06
1.08695e-06
1.0869e-06
1.0869e-06
)
;
    }
    outlet
    {
        type            calculated;
        value           nonuniform List<scalar> 
23
(
-1.09167e-06
-1.13414e-06
-1.07502e-06
-1.08344e-06
-1.09066e-06
-1.08214e-06
-1.07853e-06
-1.03314e-06
-1.08462e-06
-1.13915e-06
-1.1049e-06
-1.11349e-06
-1.08348e-06
-1.0763e-06
-1.07099e-06
-1.1236e-06
-1.14065e-06
-1.15055e-06
-1.10674e-06
-1.01912e-06
-1.04036e-06
-1.03435e-06
-1.04296e-06
)
;
    }
}


// ************************************************************************* //
