/*--------------------------------*- C++ -*----------------------------------*\
  =========                 |
  \\      /  F ield         | OpenFOAM: The Open Source CFD Toolbox
   \\    /   O peration     | Website:  https://openfoam.org
    \\  /    A nd           | Version:  7
     \\/     M anipulation  |
\*---------------------------------------------------------------------------*/
FoamFile
{
    version     2.0;
    format      ascii;
    class       volVectorField;
    location    "0.05";
    object      U;
}
// * * * * * * * * * * * * * * * * * * * * * * * * * * * * * * * * * * * * * //

dimensions      [0 1 -1 0 0 0 0];

internalField   nonuniform List<vector> 
2700
(
(1.00521 -0.0111897 1.03195e-18)
(1.01139 0.0140742 1.35905e-17)
(1.03493 0.0236604 -1.19276e-18)
(1.00047 -0.00801484 -6.69519e-18)
(0.986359 -0.000818435 8.40846e-18)
(1.03293 0.0205584 1.63661e-17)
(0.989992 0.0299345 8.29883e-18)
(1.01793 0.0246052 -2.98725e-18)
(1.03001 -0.00861645 -9.94191e-18)
(0.955413 0.0133317 1.27178e-18)
(1.02531 -0.0100064 5.36122e-18)
(0.970928 -0.0211449 2.72855e-18)
(0.961836 0.0508514 -4.36777e-18)
(0.997133 0.0162101 0)
(1.00175 0.026478 -9.48793e-18)
(0.998738 -0.0208259 1.05122e-18)
(1.0041 0.0137458 -1.96376e-18)
(1.02421 -0.0259083 5.8022e-18)
(1.01322 -0.0211971 1.93364e-17)
(1.02757 -0.0344125 8.75514e-19)
(0.987921 0.00765387 1.05167e-17)
(0.990681 0.0280516 -4.22191e-18)
(1.01723 -0.0464353 -1.44517e-18)
(1.0157 -0.0422178 0)
(1.00578 -0.000486025 0)
(0.964419 0.00623177 -8.33478e-19)
(1.01228 -0.010488 6.08113e-19)
(1.02441 0.0118969 0)
(1.01175 0.00496573 0)
(1.03111 0.0195143 0)
(1.02133 -0.00480817 -1.07055e-17)
(1.01949 0.00878235 3.32402e-18)
(0.980125 0.0050804 6.69134e-18)
(0.985938 -0.0117035 6.9986e-19)
(0.99564 -0.00400584 -6.44767e-18)
(1.00814 0.0353018 0)
(1.02064 -0.0461565 0)
(1.02485 0.010233 -2.71591e-18)
(1.00774 -0.0169106 0)
(1.0008 -0.0311198 -5.45303e-18)
(1.05289 0.0336038 -7.01025e-19)
(1.05294 0.0139393 0)
(1.00641 -0.00638708 -5.57579e-18)
(0.984902 -0.0052533 1.82384e-17)
(1.04972 0.00748036 -4.71334e-19)
(1.00351 0.0401093 0)
(1.01881 -0.0382015 0)
(1.09296 -0.0268824 2.30615e-18)
(1.04969 0.0208511 -1.6144e-18)
(1.08676 0.0164209 -3.48505e-18)
(0.993793 -0.0121298 5.51079e-18)
(0.983517 -0.0174614 -5.07786e-18)
(1.03534 0.018512 0)
(0.98165 -0.00733515 -1.43301e-18)
(0.991653 0.00496283 -1.24639e-17)
(1.01458 0.0102907 -4.37278e-18)
(0.991064 -0.00679879 3.68335e-17)
(0.98065 0.00574052 -1.92277e-18)
(0.980229 0.0105818 5.77079e-19)
(0.993879 0.000300243 0)
(1.07676 -0.0217057 2.23288e-18)
(1.03864 -0.0182742 -8.11767e-18)
(0.993161 -0.00245464 -1.2514e-17)
(0.978962 -0.0141099 1.51593e-18)
(1.04755 -0.00721906 0)
(1.05821 0.020016 0)
(1.04505 0.0206296 -5.66219e-18)
(1.0557 -0.0181715 -2.77182e-18)
(1.09135 0.0242031 -8.39628e-18)
(1.06199 0.0334752 -1.87177e-18)
(0.975694 0.00612542 -5.36895e-18)
(0.999358 0.0377149 0)
(1.02326 0.0213056 0)
(1.00929 -0.00474643 5.81969e-18)
(1.01968 -0.0221767 4.08168e-18)
(1.01125 0.00432881 -2.8872e-18)
(1.02672 -0.0222775 1.15569e-18)
(1.02085 0.0208361 7.9739e-19)
(1.0107 -0.00788934 1.56563e-17)
(1.0411 0.0113673 1.05423e-18)
(0.985929 0.0213537 0)
(1.03653 0.020604 0)
(1.07019 0.0019914 -1.20253e-17)
(1.03984 -0.00867391 -1.20134e-17)
(1.06437 0.0146576 1.28624e-17)
(1.07196 -0.00442015 2.57682e-17)
(1.01529 0.00869798 1.71547e-17)
(1.01785 -0.013636 0)
(1.04081 0.0112183 -1.69061e-17)
(1.03826 0.00671868 0)
(0.97571 0.0146793 0)
(0.976381 -0.0279263 3.87862e-18)
(0.988849 0.000952216 -4.74503e-18)
(1.03161 -0.0244853 3.25733e-18)
(1.05922 0.0219072 2.7287e-18)
(1.02447 -0.0212207 5.05866e-18)
(1.03241 0.0138733 -5.55547e-18)
(1.07633 0.0487997 -1.83e-18)
(1.02623 0.00690864 -2.36126e-17)
(1.01115 0.00918757 -6.63098e-18)
(1.07683 -0.0368317 0)
(1.02864 0.0863708 -1.07514e-18)
(1.0679 0.00749346 7.29947e-18)
(1.06398 -0.00714783 -6.96774e-18)
(1.00621 0.0068684 0)
(0.932117 0.0382918 8.82528e-20)
(0.985876 -0.00730376 1.47001e-18)
(1.05535 0.00867944 0)
(1.02304 -0.0502329 -1.38987e-17)
(1.00018 0.00579097 1.21562e-17)
(0.935438 -0.0436383 1.36948e-19)
(0.98009 0.00465678 0)
(1.02753 -0.02595 0)
(1.01068 0.035927 8.92531e-18)
(1.01775 0.0200097 -1.25759e-17)
(1.06985 0.0503851 0)
(1.03313 0.0441089 2.04283e-18)
(1.03078 0.00143405 -9.23906e-18)
(1.01408 0.0154999 6.33425e-18)
(1.03755 0.0118194 0)
(1.05157 0.0186319 1.13908e-17)
(1.05816 -0.0196755 -6.10707e-18)
(1.01866 -0.011982 -5.07963e-18)
(1.04407 0.0185864 0)
(0.971897 -0.0188993 -2.57606e-18)
(0.988972 -0.013768 6.66777e-18)
(1.12 -0.00939541 -2.49495e-18)
(1.05998 0.000529263 6.18465e-18)
(1.0988 -0.00546215 1.65778e-18)
(0.947689 -0.0798574 1.30278e-18)
(0.989015 0.0167978 1.20637e-17)
(0.989321 -0.0182897 1.2102e-17)
(0.950695 0.0750535 5.1501e-19)
(0.990777 -0.0430672 -1.37594e-19)
(1.00248 -0.0270241 8.51027e-19)
(0.98694 -0.010149 0)
(0.986318 0.0223185 1.55682e-19)
(1.01573 -0.0185728 -1.23158e-17)
(1.05837 -0.0205389 6.50166e-19)
(1.03026 0.0206145 -6.18375e-18)
(1.07849 0.049248 0)
(1.01752 -0.00921984 6.18564e-18)
(1.06807 -0.0352009 0)
(1.04165 -0.0315087 0)
(1.01376 0.0143834 6.32799e-18)
(0.982621 -0.0203843 -1.20683e-17)
(0.965384 -0.0325357 -2.6151e-18)
(0.965264 0.0098192 0)
(0.954706 -0.0313333 6.20815e-19)
(0.975993 -0.019851 -6.98369e-18)
(0.97644 -0.0145765 -1.26376e-17)
(0.962721 -0.0295084 2.21834e-18)
(1.05078 0.0795684 -1.23279e-18)
(1.05308 0.0404741 1.03149e-18)
(0.947211 -0.0236455 -5.73102e-19)
(0.985781 0.00992679 -6.2429e-18)
(1.02462 -0.00610999 -5.18774e-18)
(0.982907 -0.0144536 6.20994e-18)
(0.947608 0.017277 0)
(0.990992 -0.0213239 2.92607e-18)
(1.0224 0.0203133 -9.4899e-19)
(1.0166 0.0136948 0)
(1.00987 0.0319632 -1.36352e-18)
(0.986068 0.0417915 0)
(0.999401 0.00875818 0)
(0.981594 0.00033924 1.42412e-17)
(1.02602 0.0217565 -1.50739e-17)
(1.06187 -0.0122198 0)
(1.08131 -0.0240293 1.03764e-17)
(0.953642 -0.00564273 -2.75594e-18)
(0.99626 0.065541 0)
(0.988748 0.00845311 1.24136e-17)
(0.986379 0.0223756 -5.91792e-18)
(0.999845 0.0202754 0)
(0.999062 -0.0224021 0)
(1.01444 -0.0475828 0)
(1.01694 -0.0113623 6.46616e-18)
(1.03451 -0.0215 -1.17742e-18)
(1.06338 0.00638624 0)
(0.983891 -0.00666224 0)
(0.994363 -0.0331729 -1.00425e-17)
(1.01599 -0.0161691 0)
(0.979835 0.0125064 1.55421e-18)
(1.00383 -0.0117496 -1.24173e-17)
(0.990583 -0.0364896 1.34833e-18)
(1.01302 -0.0148544 -1.86443e-18)
(1.04421 0.0237029 5.29056e-18)
(1.04268 -0.0407168 9.3106e-19)
(0.98758 -0.0162303 3.17437e-18)
(1.06027 0.025724 -1.22085e-17)
(1.00414 -0.0146347 -4.98747e-20)
(1.03 0.0133299 6.76786e-18)
(1.06534 0.0306887 0)
(0.994394 -0.00219622 -8.28683e-18)
(1.01591 -0.0270888 5.05831e-18)
(1.0005 0.0328543 -3.9427e-18)
(0.956354 0.0368277 -6.88816e-18)
(0.993738 -0.00534012 -7.466e-18)
(0.970872 0.00589087 -4.90928e-18)
(0.955173 0.0242995 4.02779e-18)
(1.01027 -0.0193024 -1.36596e-18)
(1.00437 -0.0115816 -7.15164e-20)
(1.00574 -0.000547285 1.56908e-17)
(1.01091 0.00437636 8.94372e-19)
(1.04521 0.00149358 4.76579e-18)
(0.971481 0.0115428 0)
(1.03947 0.0203528 -4.90102e-18)
(1.07422 0.00778227 -1.23662e-17)
(1.03898 -0.0272409 8.20829e-19)
(1.06149 -0.0476726 -8.67804e-19)
(1.00654 0.0270134 -2.49141e-18)
(0.998677 0.0451056 1.75069e-19)
(0.98789 -0.00745046 2.99042e-18)
(0.982541 -0.00475118 -5.80715e-19)
(1.01029 -0.0180436 0)
(0.996158 0.0207357 6.31312e-18)
(1.02725 -0.0323848 4.8455e-19)
(0.974639 -0.0187772 0)
(0.998713 0.010927 7.99674e-21)
(0.987773 -0.00921774 0)
(0.988558 0.0284677 0)
(0.988555 0.0215521 0)
(0.960666 0.0306045 0)
(1.03159 -0.0305261 -5.32451e-18)
(1.01399 0.0270702 0)
(1.00716 0.0131753 0)
(1.08334 0.0707863 -1.17166e-18)
(1.0604 0.0240137 0)
(1.02379 -0.00685438 5.36586e-18)
(1.06397 -0.016671 2.74192e-18)
(1.03327 -0.00521169 0)
(1.03378 -0.0113996 0)
(1.09596 -0.00953753 8.01782e-18)
(1.01452 0.0367209 -2.3742e-18)
(0.99438 0.0128571 2.96338e-19)
(0.996867 -0.00431258 1.1534e-17)
(0.996047 0.00289322 -2.14146e-17)
(0.992676 -0.0140445 9.88527e-19)
(1.03464 0.0273275 2.20285e-18)
(1.00756 -0.00814454 1.39249e-17)
(1.01559 -0.00149613 8.7148e-18)
(1.04652 -0.0303318 2.31593e-18)
(1.0021 0.00510025 0)
(0.996434 -0.0260905 8.4301e-18)
(1.03244 0.00346762 2.78312e-18)
(0.996886 0.0170756 -9.75688e-18)
(1.05491 -0.0287988 -1.55226e-18)
(1.06394 0.0297323 -1.41461e-18)
(0.985099 0.00937936 -2.47797e-17)
(0.985277 -0.00528703 -1.24179e-17)
(0.991216 -0.00817536 0)
(0.941674 0.0175346 -1.78444e-19)
(1.01858 -0.0161725 1.12165e-17)
(1.01661 -0.032399 3.37825e-18)
(1.03457 0.00627182 0)
(1.03022 0.0248572 -6.03146e-18)
(1.00151 0.0091807 -5.96447e-18)
(0.977816 -0.0264795 0)
(1.06956 0.0237802 5.93555e-18)
(1.01837 -0.0205398 0)
(1.02809 -0.0179227 5.4427e-18)
(1.04762 -0.0106449 0)
(1.01248 0.0411228 -8.01603e-20)
(1.00856 0.0347808 2.25886e-18)
(1.05465 -0.0321698 -4.36085e-18)
(0.994085 0.0238254 1.69983e-18)
(0.983505 -0.051458 1.28201e-18)
(0.976349 -0.0135676 0)
(1.06785 -0.0134882 7.52319e-19)
(0.980994 0.0481129 -8.5001e-20)
(0.992472 -0.0276064 1.00949e-17)
(1.02702 -0.0194602 1.14636e-17)
(1.07231 -0.00210398 0)
(1.06336 -0.0151247 8.13687e-18)
(0.989473 0.0307277 -2.1177e-18)
(0.998916 -0.0136246 -1.09819e-17)
(0.969675 0.00434601 0)
(1.06753 -0.0135697 -1.98556e-17)
(0.997585 0.0114595 -1.46687e-17)
(0.994294 -0.0326211 0)
(0.989749 -0.006687 -1.72561e-18)
(0.992983 -0.00812229 3.15373e-18)
(1.00954 -0.00288307 -1.31426e-17)
(1.00737 -0.00846045 0)
(1.0607 -0.0379639 -3.52989e-18)
(1.04365 0.0299861 2.37516e-18)
(0.9852 0.0134373 -2.08756e-19)
(0.945934 -0.0136126 -5.97524e-18)
(1.02279 -0.0373449 0)
(1.00389 0.00301487 2.97045e-18)
(1.0047 0.025273 2.97194e-18)
(1.00001 0.000131953 -4.70216e-18)
(0.981279 0.00528692 1.47801e-17)
(1.00638 0.00448668 9.29852e-18)
(1.03934 0.0362119 -3.13749e-18)
(1.0048 -0.00386559 -1.10398e-17)
(1.04851 -0.0226682 0)
(1.03223 0.0147832 -6.96999e-18)
(1.01047 0.0120292 7.05039e-18)
(1.02872 -0.0124967 1.46091e-17)
(1.0408 0.0116307 0)
(1.0048 0.0312817 -3.27469e-18)
(1.00281 -0.0140864 -6.64615e-18)
(1.01573 -0.0203303 0)
(1.01963 -0.00620699 -5.75187e-18)
(1.00624 -0.0500002 5.56819e-18)
(0.993266 0.0409462 4.69363e-18)
(1.01863 0.0579168 -4.1735e-18)
(1.05805 -0.0107561 0)
(0.975983 0.00389283 -2.53945e-18)
(0.991455 -0.00448178 0)
(0.987414 0.00226839 -1.22045e-17)
(0.978254 -0.00586673 2.89384e-19)
(1.03666 -0.0101689 0)
(0.997825 0.0112676 7.13726e-18)
(1.09312 0.0182808 0)
(1.02579 -0.00733674 6.62148e-18)
(1.00732 0.0214222 -3.36884e-18)
(1.01638 0.0227498 -1.63776e-17)
(1.00089 0.021856 0)
(1.04741 0.00740553 8.83321e-19)
(1.02074 8.73626e-05 -8.60686e-18)
(1.03541 0.0330035 5.15904e-18)
(1.05339 0.0108004 2.46374e-17)
(1.01335 -0.0171319 0)
(1.021 0.0100238 7.09201e-20)
(0.972069 -0.0328678 4.87023e-18)
(0.975896 -0.0338131 -9.83179e-18)
(1.02778 -0.00081903 5.1365e-18)
(0.932269 -0.00647345 1.24849e-19)
(1.02793 -0.00758442 -1.56696e-18)
(1.02252 -0.00579569 1.16207e-18)
(1.06668 0.0163484 1.22608e-18)
(1.0163 -0.0108748 -4.4467e-18)
(1.02479 0.0158867 -5.65837e-18)
(1.01473 -0.0297546 3.76606e-18)
(0.943555 0.0219597 0)
(1.02741 -0.00981616 0)
(1.05126 -0.0576101 0)
(1.03047 -0.0306949 7.30456e-18)
(1.03277 0.0290512 0)
(1.01888 0.00976051 -2.09825e-17)
(0.975766 0.0100947 0)
(0.987105 0.0018707 -6.54919e-18)
(0.938641 -0.0257378 0)
(0.951373 0.0224199 -1.72615e-17)
(0.975591 -0.0162033 8.41458e-19)
(1.0239 0.0245687 0)
(0.99239 -0.00906826 0)
(0.980471 -0.0436904 -4.29669e-19)
(1.03608 -0.0279869 0)
(0.981102 -0.00144348 0)
(1.04456 -0.0180809 1.08363e-17)
(0.974963 0.013366 1.14995e-17)
(0.946496 -0.0153069 0)
(1.02543 -0.00851361 3.21551e-18)
(0.994829 0.000631457 7.40845e-18)
(1.06111 -0.0526746 3.41421e-19)
(0.936556 -0.0247315 3.29708e-18)
(1.05175 -0.00986953 2.99163e-18)
(1.00239 0.00271349 1.28463e-17)
(1.00015 -0.0110564 -3.27656e-18)
(0.990114 0.00145253 6.84137e-19)
(1.00175 -0.0236804 9.07915e-19)
(0.968174 0.00213952 3.00246e-18)
(1.05426 -0.0263258 -9.60965e-20)
(1.02439 -0.00523583 -2.27759e-20)
(1.00891 -0.00801556 -5.86886e-18)
(1.08022 -0.00777852 0)
(1.03915 0.0128827 0)
(1.03875 -0.0869845 0)
(0.988478 0.0115129 5.94334e-18)
(0.99778 -0.00618306 -5.99497e-18)
(0.991196 -0.0121096 -2.60375e-19)
(0.981703 0.0285767 -1.44588e-18)
(0.986857 0.00502629 0)
(1.04205 0.0434372 8.14245e-19)
(1.07119 -0.0364253 6.34844e-18)
(1.04389 -0.024996 -1.36336e-17)
(1.08674 -0.0338389 0)
(0.981987 -0.00905654 3.10601e-18)
(0.991952 0.0131098 -1.26898e-17)
(0.99052 -0.0033233 1.30612e-17)
(0.99109 0.0132093 2.17364e-18)
(1.00566 -0.00719204 -1.71831e-18)
(1.0056 0.000459483 -1.98365e-17)
(1.03898 0.0162221 -6.36095e-18)
(1.0062 -0.00171412 0)
(1.00311 0.005488 -6.63168e-19)
(0.997325 0.0220855 0)
(0.954258 0.0220763 -6.74713e-18)
(1.01456 -0.0150858 2.64395e-17)
(1.02369 -0.0239949 -1.68723e-18)
(1.00461 0.0215832 -3.5241e-19)
(0.926777 -0.00572743 3.91074e-18)
(1.00817 -0.0586259 -1.26456e-17)
(1.01016 -0.0545864 -1.64963e-17)
(0.950607 -0.0060802 1.48936e-17)
(1.03052 -0.0211167 0)
(0.964479 -0.0314405 -7.16032e-18)
(1.00957 0.029496 0)
(0.976622 -0.0101581 -3.8093e-19)
(0.996013 0.0163605 0)
(0.981794 0.0394273 -4.69278e-19)
(0.987805 -0.00552817 6.01858e-18)
(0.998082 0.00730698 2.31854e-20)
(1.02608 -0.00697348 7.18983e-19)
(0.997875 0.0178545 0)
(0.999649 0.0389374 0)
(1.00509 -0.00598965 -6.6191e-18)
(1.03683 0.014039 1.39213e-17)
(1.00062 -0.0193821 3.66747e-18)
(1.00148 0.0330702 0)
(0.996542 0.0230901 -1.86489e-17)
(1.00711 -0.0326553 -2.46e-18)
(1.00076 0.0181637 -2.59156e-18)
(0.971478 -0.0269117 0)
(1.03032 0.0834666 1.49227e-17)
(1.02853 0.0851563 1.9464e-17)
(1.0566 -0.0163241 0)
(1.0526 0.0150508 -2.51215e-18)
(1.03983 -0.0118143 1.21664e-17)
(1.01306 -0.00109172 9.5868e-18)
(1.02649 -0.0184951 4.30274e-18)
(0.936417 0.0182437 -3.25535e-18)
(1.02541 0.00383959 0)
(0.977821 0.0104969 -1.8922e-18)
(0.995051 0.00308161 -1.21046e-17)
(0.988222 -0.00405138 -1.17855e-17)
(0.984487 -0.00621144 1.33004e-19)
(1.01541 -0.0197789 -1.03544e-17)
(1.02593 0.0114174 -5.88514e-18)
(0.966781 0.00965827 1.8361e-17)
(1.03098 -0.000539559 -2.16524e-17)
(1.01201 0.00814905 0)
(1.03342 -0.0271761 6.03092e-18)
(0.968337 -0.016973 0)
(1.02503 -0.0253935 0)
(0.977726 -0.0343639 1.13361e-18)
(0.988159 -0.0191988 0)
(0.984345 -0.00520412 -1.31557e-17)
(0.938076 -0.00496603 0)
(0.98401 0.00305002 0)
(0.94151 0.00213197 -1.07516e-18)
(1.0216 0.00481613 2.52305e-18)
(1.0724 -0.0334202 0)
(1.00438 0.0099132 -3.87698e-18)
(1.02578 -0.00889751 -8.5435e-19)
(1.018 -0.00664832 6.59613e-18)
(0.998748 0.0126646 2.43129e-17)
(0.992977 0.0116889 0)
(0.961282 -0.00616884 -7.71725e-18)
(1.02258 0.0110459 0)
(0.98902 0.0164638 -3.03814e-18)
(0.994427 -0.0156888 0)
(1.05007 0.00243233 1.35621e-18)
(1.01642 -0.000985089 0)
(1.02902 -0.00404729 0)
(1.02374 -0.00139703 -1.90254e-17)
(0.972038 0.0224696 7.71595e-18)
(1.09367 -0.0739489 1.49544e-18)
(0.973533 0.00472886 -4.88796e-18)
(1.03867 0.0214019 0)
(1.04479 -0.0109214 -6.09324e-18)
(0.931207 0.00707724 -5.36432e-18)
(0.996222 -0.00775978 1.26862e-19)
(0.99243 0.011812 0)
(1.02803 -0.00469082 0)
(1.03499 -0.0052884 -5.81067e-19)
(1.02032 0.00841354 -6.03753e-18)
(0.998562 -0.00853696 -5.19935e-18)
(1.01449 0.051703 8.64388e-19)
(0.990882 0.0155869 1.35131e-18)
(0.99934 0.00667402 -1.38751e-17)
(0.994609 -0.0185424 0)
(1.02568 -0.0348373 0)
(1.0041 -0.00777623 -5.5393e-18)
(0.978845 -1.06951e-05 -1.79651e-18)
(1.00708 -0.0138038 -5.96592e-18)
(0.998627 -0.0120195 -1.48967e-17)
(0.997136 -0.00636351 0)
(1.03383 0.02536 0)
(1.03776 0.0223085 -8.90514e-18)
(0.989397 0.016769 0)
(0.992662 -0.0134478 0)
(1.00104 0.0364742 5.79832e-18)
(0.974451 -0.00934824 5.91021e-18)
(1.01971 0.00635784 1.31745e-17)
(1.01862 0.00649407 0)
(0.978849 -0.0107735 -2.27248e-17)
(0.997052 0.0159472 2.98242e-17)
(1.04982 0.0299819 4.97877e-18)
(0.950565 -0.000780548 7.53711e-18)
(0.971328 -0.0194695 -6.29476e-18)
(1.00611 -0.0122328 6.60992e-18)
(1.01412 -0.0104072 1.16863e-18)
(0.990853 -0.0177461 3.81588e-19)
(1.01303 -0.0567779 1.69519e-19)
(1.06261 0.00250571 0)
(1.0255 0.0137787 4.29719e-18)
(0.978895 0.00908441 1.89235e-18)
(0.997304 -0.000198498 6.85978e-18)
(0.989777 -0.0135841 0)
(0.993529 -0.00282729 -1.83078e-17)
(0.992352 0.00579381 0)
(0.985598 0.000506755 0)
(0.984238 -0.00823707 -9.73307e-20)
(1.07626 -0.00634138 -2.6746e-19)
(0.986065 -0.00588001 1.33204e-17)
(1.0283 -0.00804774 -1.17924e-17)
(1.00334 -0.000327393 -6.29139e-18)
(0.994809 -0.0224235 -2.49634e-19)
(0.976227 -0.00226522 -6.01296e-18)
(0.982958 -0.0216405 -1.02795e-18)
(1.00095 -0.0897712 1.55957e-18)
(1.00192 0.0254194 3.58765e-18)
(1.01731 0.00636223 1.12315e-17)
(1.07473 0.0180124 -1.49357e-18)
(1.00106 -0.00516056 0)
(0.98197 0.0247406 6.72915e-19)
(0.992336 -0.00815567 -7.3845e-18)
(1.00204 0.0108664 5.60663e-18)
(1.04512 -0.0232808 -1.7119e-18)
(1.05983 0.0121858 0)
(1.0475 0.00522993 3.24285e-18)
(0.956988 -0.0136949 0)
(0.910887 -0.0378176 0)
(1.04669 -0.0148811 -2.9978e-18)
(1.03476 -0.00309538 4.42966e-18)
(0.96193 -0.0316041 4.47988e-19)
(0.988327 -0.00855332 0)
(0.987529 0.0678662 -2.63577e-19)
(0.960206 0.025442 -5.44444e-18)
(0.971527 -0.0129314 5.43154e-18)
(0.999323 -0.0259555 -1.32026e-18)
(1.03254 -0.0173553 1.3546e-18)
(1.03953 0.0264773 -2.04772e-18)
(1.01947 0.00248644 -9.56301e-18)
(1.00265 -0.0156322 4.30749e-18)
(1.02025 0.00485069 -7.16178e-19)
(1.0184 -0.0094695 0)
(1.04681 0.00284333 0)
(1.01755 0.00236506 0)
(1.05775 0.00274719 -2.30623e-17)
(1.12446 -0.0168578 2.19254e-20)
(1.12306 0.0181033 -6.90854e-18)
(1.08209 -0.00539296 6.00684e-18)
(1.03072 -0.0259428 0)
(0.968931 0.0120761 -8.89728e-18)
(1.08396 0.0246022 0)
(0.978699 0.00243111 0)
(0.979163 0.0108202 0)
(1.0189 0.0141628 3.05077e-18)
(0.982877 0.0338015 -5.80555e-18)
(1.031 0.0233958 -3.47951e-18)
(0.902885 -0.0530429 0)
(0.983856 -0.00035959 9.28906e-18)
(0.998769 0.0192007 1.4517e-18)
(1.03399 0.0393446 8.95954e-18)
(0.980932 0.018391 2.3403e-18)
(0.959419 -0.00941873 4.12888e-18)
(0.935193 -0.0442883 0)
(0.973815 0.0240993 -1.85058e-18)
(1.01163 0.0140227 0)
(1.01386 -0.0124772 1.2429e-17)
(1.01578 -0.0153062 0)
(1.00935 -0.0250198 1.39048e-17)
(1.02801 0.00334028 1.82143e-18)
(1.05087 -0.051941 0)
(1.03274 -0.0219665 -4.29312e-18)
(0.952715 -0.0445171 -1.65539e-17)
(0.997539 -0.00206933 0)
(0.971562 -0.00260731 -4.70499e-20)
(0.993908 -0.00347551 -1.1839e-17)
(1.00411 -0.00130035 0)
(0.984005 0.0298864 -6.0886e-19)
(0.989297 -0.00390266 7.20251e-18)
(0.994192 0.0558335 4.9096e-18)
(0.987062 -0.0292353 5.33807e-19)
(0.985825 0.00288194 -7.03123e-18)
(0.976418 0.0135021 -1.07334e-17)
(0.99489 0.014583 1.17371e-17)
(0.967212 0.00648284 -1.18316e-18)
(1.07109 0.0126247 -6.22395e-18)
(0.944316 0.0146242 0)
(1.01585 0.0334171 0)
(1.01701 0.0112707 -3.21951e-18)
(1.0149 0.0354645 1.60977e-18)
(1.01829 -0.0102669 0)
(1.01309 -0.0613659 -1.54677e-18)
(0.994999 -0.00746782 9.60478e-19)
(1.03031 0.0227547 -1.94301e-18)
(1.01294 0.00281209 0)
(0.946016 0.0174523 -1.98141e-18)
(1.01622 0.0149123 9.37537e-18)
(1.00115 -0.00287623 1.58865e-18)
(1.00407 0.0122483 0)
(0.997879 -0.000819216 0)
(1.00691 -0.0177607 -1.8596e-19)
(1.03287 0.0127664 -6.28465e-18)
(1.01703 -0.00544949 -8.80295e-19)
(1.02227 0.000946978 6.93057e-18)
(1.05038 0.00468601 1.9509e-18)
(1.06919 -0.0147527 -2.90822e-18)
(0.989959 -0.0108786 -2.81756e-18)
(1.00432 0.0209538 3.68214e-18)
(0.964225 -0.00337423 0)
(0.934543 -0.0129068 -6.31318e-19)
(1.11462 0.00951772 -9.32844e-19)
(1.08317 0.0132689 -6.65164e-18)
(1.00709 0.00643741 -4.53292e-19)
(1.01626 0.00142458 1.00798e-17)
(1.01057 -0.00502545 -1.58217e-18)
(1.06306 -0.019804 0)
(1.01398 -0.0187197 1.01142e-18)
(1.00912 -0.0603466 2.25044e-18)
(1.00324 -0.0187997 0)
(1.02914 0.019691 -3.83448e-18)
(0.978885 0.0166922 1.0445e-17)
(0.984502 -0.0263002 -1.29973e-18)
(0.963571 0.0150078 -2.82994e-18)
(0.988195 -0.00195961 8.94148e-18)
(1.03495 -0.0027495 7.38058e-19)
(0.990299 -0.0158911 0)
(0.998913 -0.00187864 0)
(1.01858 0.0706612 1.08307e-18)
(1.02957 0.0221 0)
(1.07132 -0.0363591 0)
(1.00259 0.0110044 0)
(1.01693 0.0394468 -1.23099e-18)
(0.99042 0.0134482 1.24306e-17)
(1.04074 -0.0136299 3.58844e-19)
(0.974547 0.0318335 0)
(0.972416 0.00655359 0)
(1.00807 -0.00651177 0)
(1.05998 -0.00658829 4.16105e-19)
(1.00317 -0.00142765 -1.337e-17)
(1.07106 -0.00465363 0)
(1.01842 0.00397828 2.96311e-18)
(1.0816 -0.00618368 6.68797e-18)
(1.08052 -0.0184653 -7.30509e-18)
(1.02834 0.0226741 -1.30055e-18)
(1.01335 0.00465153 0)
(1.08572 -0.0109815 0)
(1.01881 0.0368017 4.09942e-19)
(1.01414 0.00763823 -1.12717e-17)
(0.970272 -0.026976 -7.69307e-18)
(0.96762 0.0128153 -9.57808e-18)
(0.982541 0.0159475 6.25798e-18)
(1.01469 0.0173588 0)
(1.11082 0.02937 0)
(0.988801 0.000741762 0)
(0.993281 0.00320063 -1.51707e-19)
(1.13019 -0.033992 1.73573e-18)
(1.05026 -0.0623693 0)
(1.03031 0.0432921 -1.20741e-17)
(1.0109 0.0389103 4.41879e-18)
(0.998865 -0.021005 0)
(0.991501 0.0230129 1.3634e-17)
(1.00233 -0.0383152 -5.99245e-18)
(1.06035 0.05842 3.34143e-18)
(1.00427 -0.0135562 2.75587e-18)
(1.01043 0.0192357 1.08592e-18)
(0.990656 -1.34608e-05 -3.23861e-18)
(0.979547 0.00709836 6.02558e-19)
(0.998686 -0.0402484 0)
(1.00354 0.0408141 1.05584e-18)
(0.997223 -0.00178296 1.30067e-17)
(1.00022 0.00204554 0)
(0.994639 0.00707223 0)
(1.00322 -0.0179097 -5.7104e-18)
(1.00846 0.0286866 -5.15733e-19)
(0.982654 0.0270465 0)
(1.00348 0.0172495 -2.94014e-18)
(1.01196 -0.0291054 6.54172e-19)
(0.933134 0.0290402 0)
(1.05125 0.00994067 0)
(1.02085 -0.0035519 6.59788e-18)
(1.04745 -0.0107401 -4.728e-18)
(1.02332 0.00281378 0)
(0.959056 -0.0169682 -3.68946e-18)
(0.943192 0.0173903 -1.51893e-18)
(1.03928 0.00720981 -4.29908e-18)
(0.981573 0.0296495 5.89685e-18)
(1.02046 -0.0358683 7.91772e-18)
(0.984427 0.0621628 0)
(0.946199 -0.0351523 0)
(0.961987 0.051921 -6.07052e-18)
(0.996031 0.0334034 -6.03228e-18)
(0.979975 -0.0638989 0)
(0.983229 0.0419963 1.1099e-17)
(1.01506 0.0276426 -5.40839e-19)
(0.991223 0.000457193 -1.63454e-17)
(1.01348 -0.0193906 -1.69164e-19)
(0.992267 -0.0017027 0)
(1.00465 -0.0121154 5.09483e-18)
(1.02889 0.0276077 1.05286e-18)
(1.12143 0.001115 -1.38875e-18)
(1.02518 -0.014499 0)
(0.981461 -0.00367007 -1.47793e-17)
(1.00015 0.0028209 4.46558e-20)
(0.959344 0.00346951 1.57547e-18)
(0.991522 0.00420549 8.95984e-18)
(1.04843 -0.0116499 -8.15814e-18)
(0.953782 0.0130807 -1.48965e-18)
(0.974815 0.00369675 0)
(1.09573 0.0584904 1.79055e-18)
(0.977188 0.00540016 1.04346e-17)
(1.04593 -0.00525708 8.197e-18)
(1.04532 0.0327512 -1.65981e-17)
(0.97848 0.0518998 -1.12124e-17)
(1.01204 -0.0102 0)
(1.01769 -0.00903846 -2.4685e-18)
(0.96972 0.0237919 -1.2545e-19)
(1.02243 0.0187961 1.00789e-17)
(0.993463 -0.00609836 1.57217e-18)
(0.939703 -0.0206227 0)
(1.03485 0.0395224 0)
(0.984533 -0.0160857 0)
(1.03432 0.0488371 -1.58981e-18)
(1.02613 -0.0257768 0)
(1.03262 0.0477263 -1.60422e-17)
(1.04075 -0.0286439 1.12285e-17)
(0.996855 -0.0121797 -4.54673e-18)
(1.00264 -0.00768829 -6.61225e-18)
(0.993159 -0.00696911 4.35858e-19)
(0.951563 -0.0334233 -7.00992e-18)
(0.95615 -0.0187264 7.23764e-18)
(0.966007 0.0440397 -5.71945e-20)
(0.996654 0.00330056 3.1847e-18)
(0.980792 -8.02991e-05 -1.3544e-18)
(1.00578 0.00552517 0)
(1.05361 -0.0249058 0)
(0.993023 0.00877081 -1.17111e-17)
(0.9787 0.03084 0)
(1.02752 0.0412175 0)
(1.01439 0.0676881 8.78797e-19)
(0.981036 -0.0140397 0)
(0.997721 0.0493929 1.78959e-18)
(1.0003 0.0226228 9.6851e-18)
(1.03731 -0.0052014 -8.79009e-18)
(1.00599 0.0293307 0)
(1.00366 0.00749404 -5.67546e-20)
(1.00581 0.0321932 -1.8528e-18)
(0.996431 0.0116826 3.4389e-18)
(1.04371 0.0252022 1.76472e-17)
(1.03649 0.0161511 0)
(1.01555 0.00138151 1.34325e-17)
(1.0306 -0.0768159 1.90254e-17)
(1.02933 -0.0774456 0)
(0.972881 -0.0141854 2.91576e-18)
(0.99072 0.00853756 0)
(1.05123 0.0409685 3.61009e-18)
(1.01153 -0.0207282 0)
(1.08804 0.00901399 -1.66371e-20)
(1.0318 -0.0223088 -7.00366e-18)
(1.06123 -0.0220943 1.76075e-18)
(0.963547 0.0259631 0)
(0.985084 0.0102783 -3.40882e-18)
(0.963814 0.00712171 6.15297e-18)
(0.967607 -0.0175992 0)
(1.02988 0.0593284 3.8531e-20)
(0.965482 0.00867526 8.90821e-20)
(1.033 -0.00375398 0)
(0.988085 0.0123417 0)
(1.03656 -0.0339276 1.15551e-17)
(1.02527 0.00476539 0)
(0.990838 -0.00522744 0)
(0.984465 -0.00700958 0)
(0.921202 0.000953762 3.46319e-18)
(1.00863 5.33346e-05 5.56048e-18)
(1.02099 0.0440126 -3.58029e-19)
(0.988068 -0.035227 1.65256e-18)
(1.03297 -0.021466 0)
(1.04768 0.0211587 2.91705e-18)
(1.00758 -0.026629 0)
(1.01524 -0.00112417 1.37272e-17)
(1.0164 0.00504806 0)
(0.991803 -0.0303848 0)
(0.990653 0.0346956 0)
(1.009 0.00699087 8.14698e-18)
(1.00894 -0.00346299 1.06568e-17)
(0.972862 -0.0118855 0)
(1.08054 -0.001505 -2.44611e-18)
(1.02127 0.0305956 -3.81361e-18)
(1.0177 0.00286234 -1.00853e-17)
(1.03815 0.00498476 7.82314e-19)
(1.03371 -0.0144553 0)
(0.966342 -0.00706804 0)
(0.944163 0.00635209 -2.30792e-18)
(1.0251 -0.0169467 -7.07358e-18)
(0.986292 -0.00849563 -2.89945e-18)
(0.994813 -0.00969282 1.31914e-17)
(0.994638 -0.0296629 -6.18305e-18)
(0.976963 0.0172115 0)
(0.995348 -0.027513 1.58263e-20)
(0.964964 0.0248491 6.30205e-18)
(0.991973 -0.0191073 1.48664e-17)
(1.05525 -0.0201303 5.26105e-18)
(1.0377 0.00168102 0)
(1.01387 0.0510183 2.55259e-18)
(1.01499 0.048451 0)
(1.00293 0.00646401 -3.32496e-18)
(0.990125 -0.0280447 2.22139e-18)
(0.999229 0.0229581 -1.36374e-18)
(1.01684 0.059182 5.18343e-18)
(0.996189 -0.00300382 -1.21052e-18)
(1.0276 0.00317134 -1.78694e-18)
(0.97852 -0.00955684 0)
(0.989524 -0.0106092 -9.30375e-18)
(1.00132 0.0551981 0)
(1.03247 -0.0108007 -1.95723e-17)
(1.03654 0.0110503 6.51358e-18)
(1.02977 0.0147211 0)
(0.990326 0.000781914 0)
(1.07461 -0.0331535 -8.34161e-18)
(1.01898 0.0106822 6.54857e-18)
(0.991063 -0.0111192 -2.6766e-18)
(1.03497 0.0123085 -2.52492e-17)
(0.986327 -0.00105815 0)
(1.00693 -0.0494361 0)
(0.969659 -0.00274681 0)
(0.962554 0.0368617 3.73088e-18)
(1.0217 -0.0082192 -1.32833e-18)
(1.03738 0.050097 1.06548e-19)
(1.03693 -0.0347668 -5.06397e-18)
(1.00917 -0.00975719 0)
(1.03031 0.0441895 0)
(0.997952 -0.0194145 3.53098e-18)
(0.995038 0.00869512 -1.85447e-18)
(1.03132 -0.0828199 -3.38378e-18)
(1.03745 -0.0279845 0)
(1.00883 0.0160606 3.38127e-18)
(1.01413 0.0680083 2.14901e-18)
(1.00101 -0.0117335 4.40749e-18)
(1.03808 -0.0309594 0)
(1.01247 0.0136984 -6.91605e-18)
(1.00714 -0.0133557 6.67336e-18)
(1.04403 0.0364326 -1.13562e-18)
(1.01716 -0.0235228 -1.4279e-18)
(1.02458 0.00690364 0)
(1.00121 0.000297933 0)
(1.00238 0.00796377 -1.07535e-18)
(1.02145 -0.00238419 -8.78591e-18)
(0.993687 0.0337339 -8.37006e-20)
(1.01137 0.00333408 -4.11099e-19)
(1.02609 0.0058943 4.38761e-18)
(0.981907 -0.0124234 0)
(0.977886 0.0172079 5.49927e-18)
(0.987428 0.00231256 5.724e-20)
(0.987767 -0.0225433 0)
(0.970972 -0.0458058 1.62688e-18)
(1.0096 0.0353711 8.63505e-18)
(1.01047 0.0238688 -7.88524e-18)
(0.980099 0.00431387 -7.48555e-18)
(0.950788 0.00474222 0)
(0.957531 -0.00326449 0)
(0.96828 0.00428374 3.66865e-18)
(1.0957 -0.00465895 0)
(1.07816 0.0157426 4.60755e-18)
(1.02601 0.0167581 0)
(1.00877 -0.00417843 0)
(1.05137 -0.00345456 1.27974e-17)
(1.04247 -0.0194872 8.78275e-19)
(1.02819 -0.0108272 -6.65843e-18)
(0.990683 -0.0323922 8.61492e-18)
(0.989638 -0.0188225 2.70671e-18)
(1.06972 0.0083052 -5.88557e-18)
(1.09269 0.00923403 5.07294e-18)
(0.973537 0.00474828 -4.42268e-18)
(0.982096 0.00214081 -4.53244e-18)
(1.06325 0.00781085 2.31524e-17)
(1.0868 -0.0154087 1.32846e-18)
(1.06777 -0.034726 -2.17518e-17)
(1.00351 -0.0279836 -3.763e-19)
(1.02518 0.00875544 -3.52418e-18)
(0.974165 -0.0449795 0)
(0.991813 -0.0239006 0)
(1.04156 0.0568657 -6.29894e-18)
(1.03109 0.0681583 1.78512e-18)
(1.02716 -0.0167464 0)
(1.02531 0.0426394 -9.61086e-18)
(0.988145 0.00760139 3.14139e-18)
(0.986523 -0.013354 -7.00668e-19)
(0.988451 -0.00956621 0)
(0.981303 0.0147135 5.52594e-19)
(1.00392 -0.0459988 3.67504e-18)
(0.971568 -0.00158788 -4.50272e-20)
(1.05799 0.00554179 9.87383e-18)
(1.02566 -0.0354062 8.09251e-18)
(0.987456 -0.0380572 0)
(1.00977 0.0216226 2.39028e-20)
(1.03045 -0.00401024 5.55407e-18)
(1.00002 -0.00259391 7.33889e-18)
(1.05522 -0.0447651 3.32155e-18)
(0.981666 -0.0285651 9.93769e-18)
(1.02596 0.0239448 -1.20117e-17)
(0.949933 0.0197758 -2.67159e-19)
(1.02918 0.0137477 7.26475e-18)
(1.0368 -0.0108935 -1.38787e-18)
(1.01044 -0.00239954 -7.54291e-18)
(0.99691 -0.000524921 1.77641e-18)
(1.02209 0.00589464 -5.04122e-18)
(1.01672 -6.37457e-05 -4.68001e-18)
(1.0134 -0.00539356 0)
(0.978066 -0.0135182 0)
(1.02501 -0.0321345 -1.98594e-18)
(1.01214 -0.0197362 0)
(1.04922 0.0152395 1.17289e-17)
(0.9948 -0.000437903 -7.33646e-18)
(0.919106 -0.0074201 1.85919e-18)
(1.00143 -0.0195669 6.37605e-18)
(1.00397 0.0308195 2.34172e-18)
(1.0103 -0.0306727 0)
(1.00226 0.021888 0)
(0.96432 -0.000244572 0)
(0.986683 0.00121491 0)
(0.948249 -0.0216561 8.72705e-20)
(1.03538 0.00564439 0)
(1.05848 -0.0132273 3.11024e-18)
(1.04314 -0.0119502 -1.44898e-18)
(1.04017 -0.0132984 6.60956e-18)
(0.990937 -0.00638157 0)
(0.990655 0.00243403 -1.00395e-17)
(0.999796 0.00613042 0)
(0.966684 0.0301854 2.08486e-18)
(1.07351 -0.0260603 1.13781e-18)
(0.961752 0.0268562 4.67211e-19)
(0.994416 0.000946792 -3.21018e-18)
(0.986376 0.0154997 -3.03786e-18)
(0.983214 -0.0181194 -2.07998e-18)
(1.05456 0.0900291 2.52434e-18)
(0.952322 -0.0119103 0)
(1.04331 -0.0164345 0)
(1.08184 0.0246264 -1.14728e-18)
(0.958361 -0.0178065 0)
(0.9725 0.013594 5.75377e-18)
(0.921187 -0.0385435 -1.28194e-18)
(1.01472 0.0316325 8.2037e-19)
(0.983291 -0.0136652 -7.66458e-19)
(0.989437 0.0193246 -7.03831e-19)
(1.0244 0.0161644 3.72342e-18)
(0.997157 -0.0225297 5.76139e-18)
(1.07457 -0.00403312 4.73504e-18)
(0.949051 -0.0184924 -1.79009e-18)
(1.02628 -0.0043903 1.03789e-17)
(1.04516 0.00314573 0)
(0.965333 0.0177798 3.66439e-18)
(1.02283 0.0446734 -5.04544e-19)
(1.01789 -0.0210559 -9.45816e-18)
(1.11185 -0.0760816 1.65806e-17)
(1.03901 -0.0349208 0)
(0.9484 0.0529175 1.26807e-17)
(1.04971 -0.0258223 0)
(1.07562 -5.08416e-05 1.14054e-17)
(1.06749 -0.00146866 -3.57117e-18)
(1.04627 -0.000439498 0)
(1.04729 -0.00925086 -3.94935e-18)
(1.01484 0.0210886 1.36711e-18)
(1.02178 0.00116841 0)
(1.04398 0.0129547 0)
(1.04727 -0.0421048 8.71534e-18)
(1.06748 0.036364 9.23548e-19)
(0.959993 0.00695323 -3.48963e-18)
(1.00204 0.0212552 1.41871e-17)
(1.11619 0.0178909 0)
(0.99589 0.0177844 6.67486e-18)
(1.04729 -0.0176393 0)
(1.00052 0.0272928 -3.51331e-18)
(1.00797 -0.0149329 2.44701e-19)
(0.967126 -0.0104959 8.49698e-18)
(0.981957 0.0307589 -7.09407e-18)
(0.980497 0.0235342 -2.42739e-18)
(1.05408 0.0180723 0)
(1.03867 0.0222824 0)
(0.99336 0.0161285 -5.15423e-18)
(1.04817 0.0159367 1.1434e-17)
(1.02813 0.00408031 -4.60742e-18)
(1.02458 0.0295684 -6.53698e-18)
(1.00383 -0.00177698 0)
(0.991253 -0.0127638 0)
(1.02813 0.00390791 -5.55124e-18)
(1.00356 -0.0100528 5.08719e-18)
(1.00827 0.0545233 0)
(1.01003 -0.00828487 1.3915e-18)
(0.991528 0.0207944 0)
(1.00518 -0.00278342 5.715e-18)
(0.974953 -0.0278796 1.84938e-18)
(0.991173 -0.00759579 -3.09598e-18)
(0.989344 -0.0345808 3.40968e-18)
(1.07718 -0.00687534 0)
(0.978898 -0.0010738 2.98977e-18)
(0.981822 0.0038505 0)
(0.986677 -0.00807793 3.27752e-18)
(1.02777 0.0288796 -4.47598e-18)
(1.06096 0.0350798 -5.84939e-18)
(0.962482 -0.0407906 -3.40874e-18)
(1.0061 -0.00118768 -8.88504e-19)
(1.02282 0.0214255 4.90677e-19)
(0.996453 0.00181088 -1.60071e-18)
(1.03179 -0.0217292 2.60713e-18)
(1.0024 0.00182494 0)
(0.963051 -0.0221243 -4.4741e-18)
(0.899991 -0.0555811 0)
(0.979769 0.00935241 1.87179e-18)
(1.02719 0.0103497 -5.97694e-18)
(0.984207 0.0385883 0)
(1.06091 0.0020682 0)
(0.981608 -0.0316589 -4.50812e-18)
(1.01358 0.0175195 0)
(0.980627 0.0116935 4.45684e-18)
(1.07201 0.0204698 -5.49315e-18)
(0.975475 -0.00141056 0)
(0.98593 0.00781289 -4.96438e-18)
(1.03299 0.0039155 1.06269e-17)
(1.00781 0.00729885 1.5255e-17)
(1.03872 -0.0159707 5.94067e-18)
(1.03598 -0.0157218 0)
(1.00067 -0.00281954 -8.20731e-18)
(1.00783 0.0526344 -8.30406e-18)
(1.04132 0.0389219 -7.85195e-18)
(0.958805 -0.0235556 3.01087e-20)
(1.05077 -0.0202987 7.15497e-18)
(1.01066 -0.0181866 -5.24591e-18)
(0.997276 0.0395082 0)
(0.984511 -0.0257386 0)
(0.947443 -0.0236595 -2.2212e-18)
(0.96281 0.0468379 -1.70681e-19)
(0.989171 -0.027259 1.55118e-17)
(1.05224 0.0190739 2.45815e-18)
(0.965757 0.0530176 6.93268e-18)
(1.0054 0.0315004 8.91858e-19)
(0.972864 0.0185953 -7.17204e-18)
(0.956849 0.0296963 7.19057e-18)
(0.960635 -0.020617 -6.41675e-18)
(1.0404 0.0261617 -1.592e-17)
(1.00609 0.0504018 -2.28983e-18)
(0.980781 0.015163 -9.33281e-18)
(0.989201 0.021786 -6.98909e-18)
(1.03648 -0.0223304 0)
(1.01919 0.0010509 1.82142e-18)
(0.994819 0.00767582 -9.96391e-19)
(0.997761 -0.00228887 -1.24338e-17)
(0.996713 0.00890628 0)
(0.999111 -0.00163269 -2.84179e-18)
(1.04034 0.00927092 -6.56341e-18)
(0.98325 0.0141936 -3.1556e-18)
(1.02257 0.0242215 0)
(1.03773 0.001438 -7.55797e-18)
(1.01742 -0.0239924 0)
(1.01591 0.0164158 -1.279e-17)
(0.993815 0.00489131 1.72113e-18)
(0.987182 0.00172986 1.00439e-17)
(0.947582 -0.00791769 -7.68517e-19)
(1.02188 0.0454731 0)
(1.00548 0.0373077 7.67548e-18)
(1.03033 -0.0542514 -2.5297e-18)
(1.00999 -0.0166603 0)
(0.976019 0.00510024 0)
(1.00878 0.00326216 1.56688e-17)
(1.03273 0.0442808 -1.56055e-18)
(1.02431 -0.00399477 0)
(1.04818 0.0205042 0)
(0.99876 -0.0121274 1.56529e-17)
(0.997231 -0.0135807 0)
(1.02518 -0.0437785 0)
(1.01599 -0.0328414 -5.93317e-18)
(1.02692 -0.0301178 2.97954e-18)
(0.986713 0.00160859 -9.7808e-18)
(0.96191 0.0335385 1.14762e-18)
(0.933981 -0.0148371 -8.23188e-18)
(1.03517 -0.0354548 2.1018e-18)
(0.955107 0.021395 0)
(1.0405 -0.0251465 -1.14263e-17)
(1.05121 -0.0176162 0)
(0.932618 -0.000912416 -3.66833e-18)
(1.03026 0.0292468 0)
(1.00206 0.00881101 0)
(1.00756 0.00155246 1.9015e-18)
(0.975302 0.0363522 5.92459e-18)
(0.987327 -0.00824761 -9.47512e-18)
(1.00611 0.0330318 0)
(0.965411 0.00957537 9.56322e-18)
(0.955541 -0.0314931 7.0383e-18)
(1.06775 0.00348988 -2.34148e-18)
(0.992002 -0.014785 -6.37722e-18)
(0.949487 -0.0112878 -1.65596e-18)
(0.95146 0.0118117 -2.5117e-18)
(0.997902 -0.0272848 -9.67956e-20)
(0.983268 -0.00393804 -3.08886e-18)
(0.958055 0.00551203 2.82566e-18)
(0.979333 -0.0114699 -2.93194e-18)
(1.05971 -0.0285804 1.03952e-17)
(0.970085 -0.00898493 -3.03267e-18)
(0.986588 -0.00338032 2.64572e-18)
(0.992805 -0.0113823 0)
(1.04883 -0.0123896 -1.02831e-19)
(0.97655 -0.0229893 -4.8688e-18)
(0.966498 0.00828369 7.14118e-18)
(1.04074 0.0225435 3.61526e-18)
(0.976216 0.0184892 0)
(1.01644 0.00324357 3.22918e-18)
(1.03307 0.00132802 0)
(1.03271 0.0549789 5.15399e-19)
(0.976254 0.0207994 -1.88404e-18)
(0.992108 0.0060011 0)
(0.967335 -0.00538673 -1.12466e-17)
(0.992844 0.00719256 0)
(1.02054 -0.0072578 0)
(1.00615 0.00887816 -3.94964e-18)
(0.996993 -0.000841074 3.21045e-18)
(0.983442 0.0126453 8.02423e-18)
(1.05694 -0.00725928 7.13407e-18)
(1.00905 -0.0233823 -2.23707e-18)
(1.01879 0.0168394 -1.50342e-17)
(1.00341 0.0160566 8.36461e-18)
(1.0185 -0.0114112 0)
(1.01147 -0.00532586 0)
(0.992459 0.0140875 0)
(0.985842 0.0478061 1.00271e-17)
(1.04249 -0.0320822 3.76111e-18)
(1.01229 0.00342108 0)
(0.979428 0.0288156 -4.31575e-18)
(1.0113 -0.0142557 -1.46766e-17)
(1.01262 -0.0282472 -7.4556e-19)
(0.943197 0.050522 0)
(0.992154 -0.0109266 0)
(0.992045 0.011581 1.32462e-17)
(0.941575 -0.0514838 0)
(0.991869 0.0128254 1.01657e-19)
(1.02594 -0.00787378 4.2688e-18)
(1.00276 0.0220825 4.09361e-18)
(0.962265 -0.0280721 -5.13319e-18)
(1.05275 -0.0413562 2.74272e-18)
(1.03616 0.020814 -2.23501e-19)
(1.01685 0.00338017 -1.78995e-18)
(1.0257 -0.00273448 -1.2354e-17)
(0.995577 -0.00703879 0)
(1.017 0.0296255 0)
(0.982394 0.00043446 9.83152e-18)
(1.00772 0.00367922 -2.19743e-17)
(1.08256 0.00679093 0)
(1.006 0.0167633 -6.60403e-18)
(0.973686 -0.00602926 3.92106e-18)
(1.04756 0.00815394 -1.4007e-17)
(1.08375 -0.0149349 2.28581e-18)
(0.957108 0.0123941 -1.43191e-19)
(0.99395 0.00151433 0)
(1.01047 0.0111693 -6.82567e-18)
(1.00624 0.0106246 4.40179e-19)
(0.97503 0.020698 -3.4497e-18)
(1.0315 0.019722 1.84767e-18)
(1.0006 0.00427964 -6.96562e-18)
(1.07914 -0.00518189 1.34703e-17)
(0.970289 0.00019638 0)
(0.997356 -0.00527707 -8.69579e-18)
(1.04213 0.000450656 0)
(1.01014 0.0702233 0)
(1.00474 0.0551412 2.35666e-18)
(0.99405 0.0143018 -1.51771e-18)
(0.968916 0.0101358 7.61316e-18)
(0.992143 -0.00796354 -1.29228e-18)
(0.955785 0.0200771 0)
(0.997497 -0.00608568 7.15503e-18)
(1.00882 0.00340883 -4.2828e-18)
(1.01369 0.00509284 1.06681e-18)
(0.988587 0.0258658 -4.11899e-18)
(1.02423 -0.0130846 -2.47438e-17)
(0.995324 -0.00104351 -6.29095e-18)
(1.02237 -0.00248039 0)
(0.939927 -0.00153844 -3.19274e-18)
(1.02329 -0.0170805 0)
(1.01124 0.0127146 0)
(1.01126 -0.0130468 2.27292e-17)
(1.02572 0.0173556 0)
(1.02297 -0.0183093 0)
(1.09402 0.0442298 2.89344e-18)
(1.06087 -0.0289027 -6.51155e-18)
(1.10482 -0.0443708 0)
(1.05979 0.0397534 6.61559e-18)
(0.977619 -0.0099092 9.07255e-18)
(1.02259 0.0254782 3.47348e-18)
(0.995028 -0.0373165 6.44295e-18)
(0.994887 -0.0243942 0)
(0.973346 0.00525434 0)
(1.04072 -0.0142089 9.10791e-19)
(1.00179 0.0412682 -2.10173e-18)
(1.02498 0.0522142 -2.44724e-18)
(0.992963 0.00637899 -7.45231e-18)
(0.997134 0.0230374 -1.19661e-18)
(1.01987 -0.0473274 2.83464e-18)
(0.964282 0.0182955 2.59682e-18)
(0.95804 -0.0238186 0)
(0.968521 0.0130485 -5.95039e-18)
(1.0666 0.0168411 -1.10189e-17)
(0.947875 -0.034768 2.25905e-18)
(1.01032 0.0139014 0)
(1.01422 0.0145893 -8.02029e-18)
(1.05361 -0.0583213 9.88621e-19)
(0.965405 0.011198 6.91518e-20)
(0.991386 -0.0203416 0)
(0.984475 -0.0325533 -2.60218e-18)
(0.94911 0.0238819 1.15046e-19)
(0.965361 0.00411287 -4.27455e-18)
(0.944481 -0.0129013 -5.54122e-18)
(0.993709 -0.0159222 1.23364e-17)
(0.984065 0.0078034 0)
(0.989912 0.0222795 4.25232e-18)
(0.984605 -0.00134168 -4.23501e-18)
(0.992228 -0.00985511 0)
(0.95574 -0.0142605 -3.02334e-18)
(1.01606 0.00408542 6.51228e-18)
(0.990718 0.00877184 -1.34419e-17)
(1.00075 -0.000201079 6.32202e-18)
(0.986382 -0.0177636 -2.84819e-20)
(0.975422 0.00533281 -3.19033e-18)
(1.02467 -0.00611674 0)
(1.05353 -0.00950749 -8.2044e-18)
(1.02639 0.0606606 -7.81999e-18)
(0.944237 -0.0180771 3.67958e-21)
(1.01671 -0.0202422 0)
(1.05619 -0.00689925 0)
(0.956162 -0.00477805 0)
(0.956042 0.0151544 0)
(1.01884 0.00231614 0)
(0.996479 0.0152093 2.26852e-18)
(1.0156 -0.0120348 -3.06991e-18)
(0.961809 -0.00394329 5.56773e-18)
(0.941851 -0.0391051 0)
(0.965641 -0.0288517 -1.20548e-17)
(1.01565 0.0543035 -4.04053e-19)
(1.05168 0.0122872 1.22559e-18)
(1.01824 0.00659185 -6.71015e-18)
(1.03758 0.022833 -6.74103e-18)
(1.03431 0.053449 0)
(1.04184 -0.0113821 5.31426e-18)
(1.03943 -0.011844 0)
(0.997033 0.00761993 0)
(0.972442 0.0232207 7.56178e-20)
(1.04692 0.00567711 -5.13091e-18)
(1.05078 0.0153814 0)
(1.02505 -0.0407971 0)
(1.01429 -0.0213053 -4.04927e-19)
(0.992913 -0.0197045 0)
(0.959064 -0.00415414 -4.68131e-19)
(0.994358 0.0115421 5.95047e-18)
(1.04657 0.00503634 0)
(0.994182 -0.000380226 5.98968e-18)
(0.962186 -0.0180174 4.19816e-19)
(1.01544 0.0285138 1.28286e-18)
(1.00547 -0.01007 1.45538e-17)
(0.996315 0.00327347 6.95287e-19)
(1.04507 0.00907809 -7.00988e-18)
(1.0508 -0.0218734 -1.45931e-19)
(1.08306 -0.0233163 1.79873e-18)
(0.94794 -0.0226004 2.42144e-18)
(1.00055 0.00128972 -1.76793e-17)
(1.00183 0.00643946 7.06144e-19)
(1.02833 -0.00894042 -1.22479e-17)
(1.05022 -0.0127539 0)
(0.992118 0.0364633 1.80159e-18)
(1.03403 -0.0123345 -4.32475e-18)
(0.997112 0.0141015 -7.16164e-18)
(1.07968 0.0386978 1.41466e-18)
(1.00278 0.0478393 -1.0363e-18)
(1.01041 0.0110797 7.37557e-20)
(0.967602 -0.00953114 2.52705e-18)
(0.963205 0.00999401 2.45125e-18)
(0.978609 -0.00578632 0)
(0.985975 0.00877018 0)
(1.01823 -0.00312245 -9.08447e-18)
(0.983036 -0.0362689 -8.70468e-19)
(1.00919 -0.0443907 2.81558e-18)
(1.00675 0.0338041 5.83819e-19)
(1.0074 0.00931394 -1.41345e-17)
(1.00201 -0.026286 1.58228e-18)
(1.01198 0.0400034 2.04744e-18)
(1.02189 0.0306059 -1.93431e-22)
(1.0564 -0.00846138 0)
(1.02567 -4.98423e-07 -8.40734e-18)
(1.03085 -0.00565262 3.34405e-18)
(1.0138 0.013156 0)
(0.926586 0.0574674 1.11589e-17)
(1.00751 0.00330156 6.2425e-18)
(1.01642 -0.0291768 0)
(1.05029 -0.0184766 6.46918e-18)
(1.01969 0.00352595 6.96037e-18)
(1.04752 0.0236555 -3.90935e-18)
(1.01179 -0.0236052 5.07884e-18)
(0.959969 0.0133636 0)
(1.02348 0.00187267 0)
(0.988356 -0.00704038 0)
(0.973999 0.00246307 0)
(0.962011 -0.00172609 -1.04716e-17)
(0.949742 0.00377746 4.06492e-18)
(1.04033 -0.00770233 1.2682e-17)
(1.02225 0.00230517 0)
(0.94206 0.0153077 -5.55676e-18)
(0.973519 0.00105695 6.53488e-18)
(0.921256 0.0211356 0)
(1.01149 0.00782783 9.04411e-18)
(1.01523 0.0181039 0)
(1.02872 0.011739 5.77531e-18)
(0.969128 0.0150437 4.19734e-18)
(1.0242 0.0464981 0)
(1.04337 -0.00246392 -9.11235e-18)
(0.989008 0.029499 0)
(0.993512 0.00327412 0)
(0.97907 -0.0116941 -2.57299e-18)
(1.05299 -0.00636149 1.01656e-17)
(0.997776 -0.0402519 -6.66774e-20)
(0.995854 -0.0202947 0)
(1.04213 0.0510858 -1.21694e-17)
(1.02011 -0.00792842 1.14385e-17)
(0.992456 0.00326581 0)
(1.00891 -0.000574204 -8.13744e-19)
(1.02018 -0.00940067 0)
(0.997752 -0.0302806 0)
(1.05633 0.0147979 2.85423e-19)
(1.01191 0.00377292 2.1612e-17)
(1.01882 -0.0123078 7.96284e-18)
(0.99751 0.00913767 -4.51402e-18)
(1.02044 0.0394205 0)
(1.01295 -0.00420891 -6.74537e-18)
(0.980901 -0.0308493 6.00249e-18)
(0.977041 -0.0334207 -6.10759e-18)
(0.95411 0.0342845 -1.12579e-17)
(1.00757 0.00167387 0)
(1.01364 0.00140152 -7.40002e-19)
(0.992269 -0.0208819 6.12321e-18)
(1.01461 0.0235322 -5.93425e-18)
(1.01 -0.0345027 0)
(1.0167 0.033944 0)
(1.01505 -0.0149481 0)
(0.911485 -0.0369661 9.11899e-19)
(1.02052 0.000254623 9.18433e-18)
(1.01796 0.000117992 0)
(1.00798 -0.000975159 0)
(0.966724 -0.0392607 -6.68744e-18)
(0.951277 -0.0219 -6.19838e-19)
(1.00434 -0.011443 -1.73558e-17)
(1.0367 -0.00328042 2.04776e-18)
(0.997638 0.0117801 -2.27324e-18)
(1.0141 0.0199795 5.1979e-18)
(0.965421 0.0260396 0)
(1.06106 -0.00497231 0)
(1.04173 0.0127374 -1.37705e-17)
(0.993817 -0.0191392 -6.18915e-18)
(0.994283 -0.0126935 -1.14963e-18)
(1.03623 4.52173e-05 -2.05472e-17)
(1.05878 0.02124 -1.40399e-18)
(1.02495 -0.0526232 0)
(1.0014 -0.00793548 0)
(1.05762 -0.0386495 0)
(1.02904 0.0332523 6.6218e-18)
(1.04535 0.0426172 -9.59927e-19)
(1.03282 -0.0361503 1.33238e-17)
(1.0488 0.00793476 0)
(1.00567 -0.00170773 1.10849e-17)
(0.985809 0.0258005 2.23048e-18)
(0.970135 0.0233081 0)
(0.982462 0.000440421 -5.71048e-18)
(1.00918 -0.00714343 -8.6417e-19)
(1.02586 0.0187097 9.85494e-19)
(1.0366 -0.0211376 -9.80452e-18)
(1.03465 0.0218573 0)
(0.986181 0.0167704 -3.26971e-18)
(1.06392 0.0175517 5.85962e-18)
(1.00944 -0.0186661 1.20122e-17)
(1.01207 -0.000317471 4.98556e-18)
(0.985669 0.0110614 -1.19779e-17)
(0.990835 0.00376197 -7.37312e-18)
(0.974052 0.00639972 0)
(0.97495 0.00296555 -2.52805e-19)
(0.98426 -0.00240661 -1.40442e-17)
(0.97313 -0.0316255 0)
(0.971166 0.0241076 0)
(0.961121 0.0339373 0)
(0.988006 -0.0236347 0)
(0.937852 0.0159311 0)
(0.950516 -0.011521 0)
(0.927162 -0.0156787 1.16774e-18)
(0.965724 0.0192002 0)
(0.947347 -0.0562258 -1.63721e-18)
(0.938982 0.069466 -9.45233e-18)
(0.975442 0.0483901 0)
(0.983164 0.0246679 0)
(1.00989 0.00122877 -1.20791e-17)
(1.02694 0.0102793 0)
(1.02173 0.000960314 4.42813e-18)
(1.00556 0.00519274 0)
(0.994986 0.0632289 9.93474e-19)
(0.996314 -0.0303714 0)
(0.994672 -0.000324006 -4.6837e-18)
(0.98874 -0.00929602 0)
(0.993952 -0.0187931 -9.96032e-19)
(0.986038 0.0202152 1.03883e-17)
(1.03337 0.000433059 0)
(1.04036 0.0603503 -5.37907e-18)
(1.0106 0.0653686 0)
(1.00451 0.0136005 0)
(0.991922 -0.00255061 0)
(1.00709 0.010453 0)
(1.02533 -0.00347634 -1.43438e-17)
(1.08697 0.0321604 -9.94042e-19)
(1.01698 -0.000402155 2.35502e-17)
(1.10523 -0.0300651 -6.99087e-19)
(0.977533 -0.0139312 0)
(1.01187 0.00756307 8.53802e-18)
(1.03118 0.0354745 2.08763e-18)
(1.00774 -0.00943854 -1.04453e-17)
(0.986072 -0.0504509 0)
(1.00835 0.00478514 2.97883e-18)
(0.975103 -0.033342 -4.08035e-18)
(0.98552 0.00897478 1.71092e-18)
(0.991231 0.003072 -1.67743e-18)
(1.03065 0.0231007 0)
(1.08062 0.0142352 -1.06576e-17)
(1.06666 -0.0114665 -1.43017e-18)
(1.03523 -0.0122961 6.7563e-18)
(0.984637 0.0050536 1.20702e-19)
(0.964979 0.0282211 -2.37439e-18)
(1.05507 -0.0018086 0)
(1.03396 -0.00101345 0)
(0.971824 0.0334771 0)
(0.991815 0.0091537 1.1264e-17)
(0.988825 -0.0230996 -4.88263e-18)
(1.03892 0.0601711 2.09906e-18)
(1.04308 -0.0220886 5.5027e-18)
(1.04207 -0.0220388 3.6755e-18)
(1.01244 -0.0017999 2.75756e-18)
(1.05727 -0.0475203 -3.49642e-18)
(1.00169 -0.00662214 0)
(1.0269 0.00297829 -1.06313e-19)
(0.997378 -0.00295294 0)
(0.96779 0.0130148 -1.84697e-18)
(1.05833 -0.0313064 0)
(0.981395 0.001774 -1.37191e-17)
(0.996216 0.00429861 3.90023e-18)
(0.987994 0.0281341 1.24439e-18)
(1.01949 -0.00844742 1.72213e-17)
(1.02304 -0.00932725 7.22214e-18)
(1.04619 -0.040286 0)
(1.01705 -0.0249146 1.20534e-17)
(1.01522 -0.0197106 -1.10667e-18)
(0.967854 -0.0203772 0)
(0.979567 0.0164841 0)
(0.985021 0.0106529 2.6408e-18)
(0.955843 0.00716778 5.59146e-18)
(1.04697 -0.0020258 -3.67921e-18)
(1.06093 -0.0032294 2.93393e-18)
(1.0052 0.0259445 0)
(1.04601 0.0211967 0)
(0.988434 0.0170601 1.73164e-17)
(0.994309 -0.00582652 1.51296e-17)
(0.975949 -0.00711952 4.58197e-20)
(1.04791 0.0147899 2.41495e-18)
(0.95089 0.0129071 0)
(1.01105 -0.0020892 1.55946e-17)
(1.02714 0.0105045 -3.28862e-18)
(0.951347 0.00850596 4.63654e-18)
(1.00815 0.00811396 0)
(1.00354 -0.00252528 6.87919e-18)
(1.04127 0.0125524 4.67957e-18)
(0.901024 -0.0328586 -1.96067e-19)
(1.02398 0.00412759 0)
(1.02277 -0.00162058 0)
(1.00831 0.0114983 -4.88746e-18)
(0.979797 0.0138274 9.08258e-18)
(1.03047 0.00407213 -1.33959e-17)
(1.02456 -0.00676196 0)
(0.933805 -0.0512415 2.7834e-19)
(0.999803 -0.00973084 7.03192e-18)
(0.981616 -0.0345887 -7.54718e-18)
(0.975661 0.0399786 -1.01504e-20)
(0.939339 -0.0012599 -1.49593e-17)
(1.02734 -0.0267663 -1.59898e-17)
(0.976565 0.0164412 2.59645e-19)
(1.01953 0.000902745 1.0497e-17)
(0.966453 0.00687649 -1.74188e-18)
(1.05897 -0.0278444 4.19979e-18)
(1.08152 0.0222246 8.86447e-18)
(0.950144 0.0126535 -1.95106e-18)
(1.01135 -0.00122202 1.13914e-17)
(0.997028 0.023554 0)
(1.01086 -0.0305717 -6.3412e-19)
(1.00666 -0.0127325 1.69536e-17)
(0.999975 -0.00949094 -3.40071e-18)
(1.01549 0.0106125 0)
(0.96751 0.00522123 0)
(1.01547 -0.0144084 -1.59234e-17)
(0.986495 0.00175707 0)
(0.949 -0.00911091 8.40018e-18)
(1.00008 -0.00387205 5.47444e-19)
(0.995246 -0.00848949 6.4868e-18)
(0.972712 0.0217623 -7.7866e-18)
(0.950467 0.0458113 -1.1632e-18)
(1.00726 -0.0102237 6.06082e-18)
(0.958877 -0.0206739 6.37393e-18)
(1.03197 0.0118988 -1.45837e-18)
(1.01633 -0.00788005 -6.46823e-18)
(1.02337 0.0027984 -2.45139e-18)
(0.98872 -0.00771101 5.84654e-18)
(1.06053 0.00909414 1.39457e-17)
(1.06403 0.00253429 0)
(0.974539 -0.00355444 3.51606e-18)
(0.978574 0.0121594 7.45787e-18)
(0.975531 -0.021896 0)
(0.954999 -0.0267512 1.96763e-18)
(0.937491 0.0244644 -8.30273e-18)
(1.09251 0.00756042 3.50279e-18)
(1.06538 -0.00701242 -4.11021e-18)
(1.08092 0.0557299 -1.69951e-17)
(1.0196 -0.00414843 -9.00556e-18)
(1.0348 0.0319253 1.26915e-18)
(1.06085 -0.00968788 0)
(0.99526 0.0119049 1.12597e-17)
(0.995152 0.018826 -5.34645e-18)
(0.98136 -0.0249297 5.77108e-18)
(1.03695 -0.00790196 1.36053e-17)
(1.00682 0.0286258 -5.86992e-18)
(1.05136 -0.0467672 -1.15227e-18)
(0.985888 0.0140112 5.94064e-18)
(0.975649 -0.0271982 -2.77525e-18)
(0.947635 0.0165109 0)
(1.01014 0.0186561 0)
(1.03918 0.00457239 0)
(1.02428 0.0047619 1.2516e-18)
(1.02081 0.0145144 6.33456e-18)
(1.03035 0.0257849 0)
(0.998332 -0.00277511 -4.61809e-18)
(1.03539 -0.001777 1.14991e-18)
(1.00335 -0.0131097 -5.75503e-18)
(1.03646 0.00108297 1.28261e-17)
(1.04397 -0.0117768 -6.15208e-18)
(1.00952 0.00228373 4.13125e-18)
(1.05074 -0.0370953 -1.31297e-17)
(0.904402 -0.00154556 4.69314e-18)
(1.04866 -0.0244448 0)
(1.03611 0.0318056 0)
(0.993421 0.00746896 -1.21458e-17)
(1.01028 -0.00537403 -1.45162e-17)
(1.0159 -0.0176595 -1.3844e-19)
(0.988054 -0.0088643 1.38716e-17)
(1.00933 -0.010186 2.74983e-18)
(0.975262 0.0208813 8.76558e-18)
(0.989289 0.00269338 1.44304e-17)
(0.986035 0.00866491 -1.97198e-18)
(1.03035 0.0470961 0)
(1.00611 0.0171755 1.36896e-17)
(0.965924 0.00565452 -4.14189e-18)
(0.982065 0.0181273 -1.20679e-19)
(0.983096 0.0135624 3.14331e-18)
(0.998841 0.00259934 -3.33847e-18)
(0.995674 -0.0191656 0)
(0.958137 0.0194592 -1.50481e-19)
(1.01464 0.0279613 -1.96834e-18)
(1.0091 0.0161412 3.72169e-18)
(1.01775 -0.0294863 -3.8257e-18)
(1.04317 0.00980297 -1.25546e-17)
(0.988494 -0.0251689 3.80159e-18)
(0.999892 -0.00065998 9.95567e-18)
(0.982494 -0.0134721 -2.32109e-19)
(0.977318 0.0136701 2.19875e-19)
(1.00058 0.00122395 2.49537e-18)
(1.00135 -0.00593307 -2.26777e-17)
(1.05794 0.0223414 -6.32977e-19)
(1.05261 -0.022142 0)
(1.00233 0.00654885 0)
(1.04866 -0.0327303 6.58864e-18)
(0.998076 0.0120048 3.21979e-18)
(1.04478 -0.00734675 1.88537e-18)
(1.0338 0.0024981 -1.53948e-17)
(1.05478 0.000369958 0)
(1.00484 0.00899721 -9.2198e-18)
(1.01671 0.0172378 2.73201e-18)
(0.989247 -0.0175277 0)
(0.958196 -0.0123967 6.60448e-18)
(1.00693 -0.000105476 -4.69901e-18)
(1.00114 0.0226926 6.59053e-18)
(0.997619 -0.0315127 0)
(1.00183 0.0328641 0)
(0.988363 -0.0289326 0)
(1.00533 0.016133 -3.28902e-18)
(0.983243 -0.00364852 3.78564e-18)
(1.01868 -0.00464549 -2.86569e-18)
(0.993842 -0.0133916 0)
(1.04097 0.0163596 4.0803e-19)
(0.993442 -0.0234726 0)
(0.993119 -0.021728 0)
(0.965456 -0.00878209 1.7492e-18)
(0.96847 0.00886312 1.97531e-18)
(0.989603 -0.00267698 1.51578e-17)
(0.99193 0.00338588 0)
(0.998692 0.0172426 2.72316e-18)
(0.99633 0.00727252 -3.48018e-18)
(1.0106 -0.0237304 4.78607e-18)
(1.00127 0.0276963 0)
(0.990977 -0.0140949 5.10074e-18)
(0.946147 -0.00630165 0)
(1.06018 -0.0324083 -8.06464e-18)
(1.01757 0.0340058 -1.04476e-17)
(0.980654 -0.00977578 9.13589e-18)
(1.01572 0.00188733 -3.21983e-18)
(1.03242 0.0221248 -3.96592e-19)
(0.980995 -0.0322661 1.35885e-17)
(0.935893 -0.00105955 2.96228e-19)
(1.00157 -0.00243602 0)
(0.986603 -0.00953717 -7.11213e-18)
(0.928947 -0.0441942 6.74917e-20)
(1.00745 -0.0101504 0)
(1.00817 -0.0139034 1.20733e-18)
(1.03992 0.00532642 1.21658e-17)
(1.0017 -0.0088453 -2.11695e-18)
(0.995438 -0.00889857 -5.88859e-18)
(1.03921 0.0043296 0)
(1.01784 -0.00605723 -1.877e-20)
(1.02037 -0.0184996 6.30103e-18)
(1.02067 0.0105134 3.0897e-18)
(0.975057 0.0209023 1.14863e-18)
(0.999686 -0.00250123 1.7561e-17)
(1.02426 -0.0237008 -5.87672e-18)
(1.01964 0.0147974 2.55514e-18)
(0.948885 0.0413323 0)
(0.987146 0.0304093 -8.36174e-19)
(1.00089 0.00059233 -1.39082e-17)
(0.949157 0.0221335 3.91072e-18)
(1.01263 0.0194435 5.72664e-18)
(0.993091 0.0476734 1.91103e-20)
(1.00125 0.0177856 -1.1105e-19)
(0.983277 -0.00817145 6.46469e-18)
(0.950846 0.00951864 1.30104e-18)
(0.999955 -0.0227361 0)
(1.0084 -0.0570772 1.26576e-17)
(0.97769 0.0435879 -9.77284e-19)
(0.987896 0.0305389 0)
(1.01872 -0.00753046 -4.59266e-18)
(1.01767 0.00355213 9.81106e-18)
(0.981317 -0.00644401 -7.43226e-18)
(1.04793 0.0148736 0)
(0.991847 -0.0019378 0)
(1.04755 -0.00632562 0)
(1.0024 0.0171284 -4.07557e-18)
(0.97753 0.0051961 -6.80447e-18)
(1.00925 0.0018264 -4.03133e-18)
(1.04151 0.0141012 5.49429e-20)
(0.902695 -0.024819 8.9944e-18)
(1.05225 -0.0012799 4.58e-18)
(1.03296 0.010506 4.81186e-18)
(0.988246 -0.0309856 3.74214e-18)
(0.989786 0.0510259 4.01458e-18)
(0.999105 -0.0110363 0)
(1.00702 0.0412154 -7.30812e-19)
(1.00495 -0.0161551 0)
(1.00461 0.020829 2.18801e-17)
(1.00222 -0.00516937 1.46874e-17)
(1.04799 -0.0295066 0)
(0.961436 -0.00328121 0)
(0.981516 -0.0023635 -8.37261e-19)
(1.0061 0.00371824 0)
(0.987391 0.0548405 -3.80798e-18)
(0.972182 0.0138525 -2.65343e-18)
(0.952163 -0.000447297 5.92591e-18)
(0.93677 0.00395453 -3.62622e-18)
(1.06664 0.0363393 -4.52047e-18)
(1.01519 -0.0143543 0)
(0.993403 -0.0424636 0)
(1.03201 -0.0226127 1.328e-18)
(1.01507 -0.0136919 6.69585e-18)
(0.961998 -0.017351 0)
(0.969965 0.00779764 0)
(0.976622 0.00744027 -5.31347e-18)
(0.948794 0.0205749 0)
(0.992023 -0.00503608 -8.61572e-18)
(0.988288 -0.0328382 1.40631e-17)
(0.92857 0.0222941 3.91311e-18)
(0.954684 0.0217339 -2.60079e-18)
(1.01644 -0.0195742 6.41575e-18)
(1.00278 -0.0196888 0)
(1.00246 0.0104038 7.7809e-18)
(1.00207 -0.0105777 1.57631e-17)
(1.00454 0.0191683 2.0428e-18)
(0.995556 0.0240405 6.43534e-19)
(0.973987 -0.0164244 0)
(1.01228 0.00606263 -1.09148e-17)
(0.986741 0.0159233 -5.95845e-19)
(0.952892 0.0127203 -1.2554e-18)
(0.974517 0.015099 -6.57938e-18)
(0.977019 0.00214037 -1.27854e-17)
(0.96673 -0.0147592 2.46429e-18)
(0.989584 -0.00612497 -1.33124e-17)
(1.02885 -0.0248448 0)
(1.01993 0.0014681 6.97304e-18)
(1.02154 0.0565985 -2.49871e-18)
(0.980376 -0.00821154 5.48731e-18)
(1.02341 0.00404522 3.32544e-18)
(1.00407 -0.0104355 -1.46581e-17)
(0.997157 -0.0245973 1.13874e-18)
(0.996949 0.0232417 -1.03414e-17)
(0.993752 -0.00128297 1.1929e-17)
(0.98144 -0.0186042 0)
(1.01608 -0.0079575 0)
(1.01214 0.00561543 6.49191e-18)
(0.984438 -0.012771 -6.19008e-18)
(0.976239 0.0148596 1.83275e-18)
(1.01313 0.00180571 0)
(1.01893 -0.000972125 0)
(1.06112 0.0131533 0)
(1.01072 -0.00936022 -3.81839e-18)
(1.02587 -0.0601357 0)
(1.04884 -0.0303552 -1.18543e-17)
(0.994493 0.0269952 0)
(0.951856 0.0283002 0)
(1.02524 -0.0226605 5.47723e-18)
(0.986785 0.00051135 -8.38894e-18)
(0.997479 0.00433181 -2.30134e-19)
(1.01678 -0.000815132 0)
(1.00243 -0.0025063 0)
(1.02878 -0.0162384 0)
(0.998345 -0.0285742 -9.61393e-18)
(0.957048 -0.0160193 1.32949e-17)
(1.07152 0.0298645 -1.20274e-17)
(0.996934 -0.00218833 0)
(0.985865 0.00967143 -3.9044e-19)
(1.05433 0.0298469 5.35596e-18)
(0.987147 0.00387734 6.78649e-18)
(0.999748 -0.00519974 1.00558e-18)
(1.04721 0.0218602 2.42283e-18)
(0.981479 -0.0321297 0)
(1.05945 0.00361267 0)
(0.980278 -0.00658722 -9.72153e-18)
(1.00162 -0.00698823 6.63082e-18)
(0.999505 0.0192591 1.56106e-18)
(0.965532 -0.00324687 -2.70397e-18)
(0.986068 -0.0271988 1.43698e-18)
(0.998188 0.00767703 0)
(0.998998 -0.0164012 0)
(1.01528 -0.00426551 -2.05002e-17)
(0.947145 -0.00773059 2.61464e-18)
(1.02547 -0.0382892 -3.60701e-18)
(1.03689 0.0315848 -1.01968e-17)
(0.986497 -0.0134411 2.55693e-18)
(1.03314 0.0156291 4.32126e-19)
(1.06457 0.0235339 0)
(1.00093 0.03513 2.82112e-18)
(0.989397 0.00823409 2.58151e-18)
(1.01435 0.00684099 -2.00836e-18)
(1.03204 -0.00525866 -1.26401e-18)
(1.01108 -0.0508408 4.87434e-18)
(1.01361 -0.0065349 0)
(1.03064 0.00585531 -7.98951e-19)
(1.01795 0.0418057 1.9205e-18)
(0.981475 0.0327097 0)
(1.0295 0.00125042 -6.24749e-18)
(1.01394 0.043122 -1.28775e-18)
(0.99853 0.0155939 -1.42948e-17)
(0.968728 0.0177739 2.91497e-18)
(0.972985 0.0239869 1.00777e-17)
(0.979096 -0.0353317 -9.12896e-18)
(0.975439 0.0115365 5.0804e-18)
(1.10117 -0.0217044 0)
(1.04156 0.00854876 0)
(1.12372 0.0284976 0)
(1.02998 -0.00750042 0)
(0.985807 0.0014661 -3.70827e-18)
(0.990874 0.00502801 9.63714e-18)
(1.01691 -0.00961272 -2.89558e-18)
(0.961282 -0.0063725 -4.35742e-18)
(1.00315 -0.0125694 0)
(0.974546 0.0258403 -3.14615e-18)
(0.999988 0.0137386 -4.02537e-18)
(0.960107 0.0138318 -1.19202e-18)
(0.966633 0.0269422 0)
(0.996839 -0.011204 0)
(0.994208 0.029883 -8.65023e-19)
(0.995255 -0.0287552 6.13215e-19)
(0.997985 0.0107195 1.57945e-17)
(0.989058 0.0030689 6.63237e-18)
(0.989824 -0.00752053 0)
(1.05369 0.0121105 -1.29533e-17)
(0.973213 -0.0106313 -1.40832e-17)
(0.976973 -0.00470572 1.99399e-18)
(0.994519 0.0151184 0)
(0.965149 -0.00863835 -2.24933e-18)
(0.937264 -0.0114613 -1.36557e-18)
(0.985296 0.0311021 0)
(0.977882 -0.00772802 0)
(1.0268 0.00119832 3.21629e-18)
(0.983442 0.0079079 0)
(0.994642 0.000395421 0)
(1.03526 0.014965 0)
(0.986768 0.00684191 1.74631e-17)
(1.0026 -0.00667579 1.90434e-19)
(0.991533 0.00340432 7.06472e-18)
(0.992782 -0.00443121 -3.58403e-19)
(1.01739 -0.000598384 -6.71657e-19)
(1.00439 0.010656 1.72404e-17)
(1.01517 0.00291414 -3.51326e-18)
(1.00111 0.0178887 3.54738e-18)
(0.986199 -0.0115581 -3.34058e-18)
(1.03345 -0.0689661 0)
(1.01264 3.54441e-05 -6.12704e-19)
(1.00801 0.00461286 -3.17489e-18)
(1.00469 0.00224283 0)
(1.02555 0.0153427 0)
(1.04582 0.0149891 6.6395e-19)
(1.00798 -0.00141943 0)
(1.00353 0.00866587 1.06717e-17)
(1.02162 -0.0184967 6.04679e-18)
(1.01066 -0.0198211 3.0073e-18)
(0.975396 -0.00439141 -5.04315e-18)
(1.04149 -0.0392856 0)
(1.00311 0.00536882 0)
(1.00232 -0.00658875 0)
(0.991829 0.0174505 0)
(0.986749 0.0139638 -2.11364e-18)
(0.986449 -0.00203805 0)
(0.914922 -0.00730705 0)
(1.00198 -0.00761871 3.00056e-18)
(1.01565 0.016346 9.41005e-18)
(0.944576 -0.0449565 -3.58762e-19)
(0.991847 0.00893148 -6.91367e-18)
(0.931593 -0.0234826 1.35909e-18)
(0.973445 -0.00221181 1.60748e-18)
(0.918816 -0.00744159 4.31499e-18)
(0.982439 -0.00730331 0)
(0.964787 -0.0124067 -1.50045e-18)
(1.04882 0.00280189 2.67049e-18)
(0.985039 0.00900501 0)
(1.03023 -0.033426 1.3135e-17)
(1.04217 -0.0585528 0)
(0.979684 0.013068 0)
(0.942011 0.00291955 7.41246e-19)
(0.972637 -0.0116217 -4.34156e-18)
(0.968856 0.0308541 -2.92518e-18)
(0.95299 -0.00724827 7.98732e-18)
(1.02394 0.0313462 0)
(0.99618 -0.00795034 1.08623e-17)
(1.00251 -0.0298895 -9.04679e-19)
(0.981941 -0.0162983 0)
(1.02088 0.00123224 -8.50902e-18)
(0.964989 0.0292536 0)
(0.946714 0.0224544 -2.41144e-18)
(0.931382 -0.0195832 0)
(1.04967 -0.0356493 0)
(0.941857 0.009747 2.87474e-19)
(1.00001 -0.0099291 0)
(0.97214 0.0196355 -9.94591e-18)
(1.04567 -0.0343577 0)
(1.06665 -0.0320595 -1.54234e-18)
(1.01806 -0.0152505 -7.23262e-18)
(1.02803 -0.00261984 8.83968e-18)
(0.961343 -0.000386945 6.19452e-18)
(0.927553 -0.037156 -2.52934e-19)
(0.969671 -0.0068577 0)
(0.993315 0.00999893 7.4857e-18)
(0.943467 -0.0196208 0)
(0.966112 -0.0199274 2.61932e-20)
(0.979151 -0.00889982 5.99694e-18)
(0.994125 0.0208241 2.1607e-19)
(0.963403 -0.00832902 1.59821e-17)
(0.930031 -0.00553554 -2.55229e-18)
(0.942145 -0.0160626 1.07857e-17)
(0.985108 0.00990521 7.91826e-19)
(0.986023 -0.0121985 0)
(0.992514 -0.00343172 0)
(0.980992 0.0128879 -1.5509e-19)
(0.988452 -0.00531823 0)
(0.970252 -0.00754891 -6.42869e-18)
(0.988403 0.0133585 1.16242e-18)
(1.02031 0.00397494 -2.83533e-18)
(0.968194 0.00365913 6.61651e-18)
(0.980037 -0.0316518 1.09687e-17)
(0.970588 -0.0073492 -1.31845e-19)
(0.9652 -0.0169137 0)
(1.02006 -0.0128738 0)
(0.941946 -0.00659552 0)
(1.0353 0.00147463 4.58837e-18)
(1.02395 0.0366947 1.17387e-18)
(1.00813 -0.0444439 1.39238e-18)
(0.967183 0.026624 1.00402e-17)
(1.01776 0.0101283 -3.70649e-18)
(1.01992 0.0414992 0)
(1.00376 -0.0160967 4.53342e-18)
(1.01081 -0.0171344 0)
(1.03838 0.0448494 2.81442e-18)
(1.01798 0.0122571 6.12246e-18)
(0.983269 0.0199854 0)
(1.00528 -0.0138391 -6.33536e-18)
(1.01239 0.0230019 -5.97999e-18)
(0.983569 0.00125054 0)
(1.02342 0.0268965 -2.6417e-19)
(0.973252 -0.0356306 -2.80024e-18)
(0.994907 0.00382647 -9.69193e-18)
(1.04135 0.0158929 3.25122e-19)
(0.988784 -0.0248206 3.4558e-18)
(0.999236 -0.0357301 0)
(0.987688 0.0281418 -7.42312e-18)
(0.980629 0.0391891 -1.44404e-18)
(0.98793 -0.0177 0)
(0.929123 -0.0150208 1.07786e-18)
(1.00237 -0.0397186 -4.64993e-18)
(0.999801 -0.0208082 2.38924e-18)
(0.940063 0.00459054 1.64333e-18)
(1.0062 0.0415451 -3.10523e-18)
(1.00955 0.0203741 -1.365e-17)
(1.00532 0.031708 -5.93523e-19)
(1.0309 0.0264137 -1.90657e-19)
(1.00929 0.00306256 0)
(0.978222 0.0565442 2.0547e-18)
(1.00238 0.0366625 2.40812e-18)
(0.952123 -0.00327482 1.51014e-18)
(1.03712 -0.00619763 0)
(0.987009 -0.0236174 6.40449e-18)
(1.0091 0.011313 -6.33676e-18)
(0.972373 -0.0146479 0)
(0.990007 -0.0120047 9.39742e-19)
(0.977716 0.01448 -3.85379e-18)
(0.971072 -0.0137466 3.69342e-18)
(0.945141 -0.0173787 -1.81817e-18)
(0.949222 0.00466025 0)
(1.01139 -0.0261762 5.11047e-18)
(1.00523 -0.0157475 -1.59706e-18)
(0.999296 0.019478 -7.36368e-18)
(1.00542 -0.0238519 -1.83136e-18)
(0.984897 -0.0087299 0)
(0.997553 -0.0221303 -1.08746e-17)
(1.00033 0.0235061 0)
(0.992654 -0.00419294 -6.96188e-18)
(0.985435 0.0198028 0)
(0.979659 -0.0204982 -6.1849e-18)
(1.06441 -0.00287019 -4.1697e-18)
(1.02201 0.0040284 -1.69198e-18)
(0.978346 -0.00748618 -1.50397e-18)
(0.993295 -0.00219475 0)
(0.973044 0.0177939 -3.27805e-18)
(1.00698 -0.0202974 0)
(1.0127 -0.0249841 0)
(1.005 4.7573e-05 1.7778e-19)
(0.990392 -0.0160918 0)
(1.07333 0.022292 0)
(0.95432 0.017152 1.88205e-18)
(0.970576 0.0363212 2.70786e-18)
(0.97075 0.00721761 3.30851e-18)
(1.0304 -0.0154909 0)
(1.06462 -0.0252919 0)
(0.994257 -0.00809982 7.62429e-18)
(1.00132 0.00913949 1.90286e-18)
(1.00817 -0.00764754 0)
(0.996266 -0.00956798 0)
(0.992267 0.00702058 7.50533e-18)
(1.07173 -0.0285334 0)
(1.03222 0.00646681 -1.42302e-17)
(1.05372 -0.0105422 -9.57038e-19)
(1.01632 -0.0051948 0)
(1.08274 0.0163535 -4.987e-19)
(0.965353 0.0142142 2.00326e-18)
(0.984164 0.00708694 -3.66077e-20)
(0.996289 -0.0101503 5.71134e-18)
(0.994868 -0.021671 -8.80447e-18)
(0.956553 0.0281139 -3.06189e-18)
(0.993038 -0.0142469 0)
(0.989127 -0.00601755 6.40069e-18)
(0.959884 -0.011571 6.8395e-19)
(0.977628 0.00924584 -6.45394e-18)
(1.02152 0.0159998 -8.71525e-19)
(1.01041 -0.00684865 0)
(0.957272 0.0162145 0)
(0.976295 -0.00731162 -3.13509e-18)
(0.969269 -0.0410312 -1.40257e-17)
(1.01552 -0.0124193 0)
(1.01087 0.00859306 1.0287e-17)
(0.942622 -0.0174642 1.01845e-17)
(0.959848 0.0149272 -8.61684e-18)
(1.04618 0.0525247 -4.47809e-18)
(0.961996 -0.00306306 -1.22129e-18)
(1.03735 -0.0191491 4.96737e-18)
(0.96163 0.0109936 -3.34227e-18)
(1.05684 0.0476902 0)
(0.949288 -0.00848826 1.23432e-18)
(0.949765 0.00279081 0)
(0.953722 9.89045e-05 -1.23817e-18)
(0.965374 0.00918369 -7.64917e-18)
(0.983154 0.0275836 0)
(1.01529 0.00273874 2.47411e-18)
(0.975228 -0.0125149 3.31746e-18)
(0.965435 0.0345728 0)
(0.94955 0.0109723 1.21992e-18)
(0.958894 0.0401999 0)
(0.97692 0.0112479 7.77324e-18)
(0.998007 -0.00828964 0)
(1.0365 -0.015372 0)
(1.01934 0.00318542 -1.01185e-17)
(1.01975 -0.00297034 -1.64097e-17)
(1.03753 0.0150936 0)
(0.972745 -0.0616367 2.057e-17)
(0.999987 -0.00556337 -1.10875e-17)
(0.920596 -0.0427316 0)
(1.07996 0.0203324 -4.4155e-18)
(1.03538 0.0160368 0)
(0.969917 0.0262485 -6.64318e-19)
(0.989914 0.00680703 7.46764e-18)
(0.965014 0.00629886 0)
(0.992222 0.00306435 -4.40923e-18)
(1.04534 0.0310878 -1.4219e-18)
(0.974195 0.0246282 0)
(0.942907 0.00437333 6.34505e-18)
(0.962602 -0.00155222 -1.0209e-18)
(1.03757 0.0153282 -8.53763e-18)
(1.06679 -0.00117847 -5.04885e-18)
(0.999325 0.00858249 8.85361e-20)
(0.980458 0.0202464 0)
(0.996354 0.000524443 -2.75519e-18)
(1.03515 0.00851128 6.49916e-20)
(1.00436 -0.00206384 9.81167e-20)
(0.984727 0.00407823 0)
(0.997956 0.01062 7.43466e-18)
(0.98614 0.00993258 0)
(0.967463 -0.0140453 -5.82787e-18)
(0.949851 -0.00484932 0)
(1.02069 -0.00781482 -4.24344e-18)
(0.959108 -0.0214125 -2.91832e-18)
(1.0474 -0.0689864 1.16592e-19)
(0.977997 -0.0524316 0)
(0.978592 0.0503866 5.78507e-18)
(0.9826 0.00114476 0)
(0.972025 -0.00628852 -3.40884e-19)
(0.981491 0.0502928 -8.77457e-18)
(0.984652 -0.00261806 6.8458e-18)
(0.972304 0.00515173 6.14054e-19)
(1.0041 -0.0131785 0)
(1.00442 0.00666105 -6.6247e-18)
(1.00066 -0.00837855 6.4109e-18)
(1.00726 0.0120094 -7.71244e-19)
(0.992988 0.0497196 0)
(0.970014 -0.0541353 0)
(0.950983 -0.0225375 0)
(0.98721 -0.0137965 7.12407e-18)
(1.02889 -0.0236483 7.28298e-18)
(1.01149 -0.00434198 -2.81714e-18)
(0.936242 -0.0469988 0)
(1.00808 0.00280252 0)
(1.01022 0.00121716 -7.5853e-18)
(0.977184 0.00234136 0)
(0.959784 -0.00750135 6.79691e-19)
(1.05118 -0.00273949 1.43558e-18)
(0.979663 -0.00231028 -1.45058e-17)
(0.959977 0.00830112 3.28345e-19)
(0.989639 -0.0105641 -1.27868e-17)
(0.992546 -0.0227294 -1.96268e-17)
(1.01968 0.058222 1.71196e-17)
(0.987506 -0.00313337 0)
(1.0848 0.0347724 0)
(0.972326 -0.00158775 2.3945e-18)
(1.0525 -0.0142564 -4.60123e-18)
(0.974644 0.000554426 6.32629e-18)
(1.05141 -0.00397213 8.48487e-18)
(0.98759 -0.0160037 -5.17154e-18)
(0.989796 0.0161621 0)
(0.996887 -0.0308193 -6.55879e-19)
(0.996742 -0.0131404 7.58722e-18)
(1.00279 -0.0414543 -1.45674e-17)
(1.01372 -0.0104305 1.22272e-17)
(0.938343 0.041988 0)
(0.975372 0.043668 0)
(1.00526 -0.0126625 2.17057e-18)
(1.02081 0.00466937 -5.85509e-18)
(0.994629 -0.00422766 0)
(0.968393 -0.0133053 -1.28391e-17)
(1.0875 0.0551804 4.23387e-18)
(0.997268 -0.020603 0)
(1.00763 0.0165167 -1.03689e-18)
(0.999982 0.0268812 0)
(0.998002 -0.00252724 1.15422e-17)
(0.997881 0.00572631 1.5474e-17)
(0.992345 -0.017256 -6.98233e-19)
(0.994746 0.0211263 1.13826e-17)
(0.983991 0.000856169 -4.11083e-18)
(0.981462 -0.00142123 5.71984e-19)
(0.938734 -0.00814858 -1.103e-18)
(0.973505 0.00371637 3.4211e-19)
(0.985102 -0.00256156 -6.08373e-18)
(1.05291 0.00455222 1.12351e-17)
(0.989771 0.0167005 -5.40774e-18)
(0.983021 -0.00479577 -3.01842e-19)
(1.00522 -0.0100075 1.31987e-17)
(0.913433 -0.0701153 -4.28815e-18)
(0.986024 -0.00460118 -4.07909e-18)
(0.962324 0.010334 6.84682e-18)
(0.993586 -0.00179303 -1.46646e-18)
(0.996808 -0.00237023 -1.44998e-17)
(0.984531 0.00190987 1.63578e-17)
(1.11773 -0.00960223 3.85491e-19)
(1.0752 -0.0405193 -4.3674e-19)
(0.969856 -0.0169669 3.27395e-18)
(0.950768 -0.0224285 0)
(1.00506 -0.000209184 0)
(0.975999 -0.0151697 0)
(0.966257 -0.00313812 0)
(0.973197 -0.0195409 0)
(0.945442 -0.00489015 -2.83353e-18)
(1.00789 -0.00284942 7.1303e-18)
(1.01074 0.0069395 -2.53184e-19)
(1.01351 -0.0095127 0)
(1.00375 0.000473373 -4.94103e-21)
(0.938559 -0.0264457 2.14951e-18)
(0.996791 0.0051325 -6.07895e-18)
(1.03064 -0.0631636 3.9489e-18)
(0.917326 0.0399838 -3.31159e-18)
(1.00861 -0.0123576 -6.78397e-18)
(1.00125 0.0215332 0)
(1.01527 -0.0195258 -9.63983e-19)
(0.996909 0.0128058 8.58127e-20)
(1.00462 -0.0297907 -1.18909e-17)
(1.00628 0.00649035 3.27975e-18)
(1.00051 0.00351581 -1.34981e-18)
(0.996293 0.00289229 -3.36267e-18)
(1.00418 0.0105987 6.27785e-19)
(1.00864 0.00627978 4.93676e-18)
(1.03215 0.0100769 0)
(1.01313 0.00022066 6.89635e-18)
(1.0104 0.00256481 1.66986e-18)
(1.01348 -0.0201113 0)
(0.94527 -0.0289592 0)
(0.965794 0.0320149 -2.84447e-19)
(0.991262 0.017618 -1.36516e-17)
(0.984223 -0.00829056 0)
(1.0409 0.0212166 5.25434e-18)
(1.04888 0.00737605 9.16305e-18)
(0.993358 -0.00179689 -7.26135e-18)
(1.01415 -0.0183084 3.3777e-18)
(0.975228 -0.00108505 -3.63201e-18)
(0.982456 -0.000284718 0)
(0.998517 -0.0138967 7.64052e-18)
(0.980756 -0.0457937 0)
(1.01164 -0.0121857 1.87624e-18)
(1.05482 -0.0390806 2.5726e-19)
(0.993626 -0.0316372 0)
(0.984793 -0.000253279 -6.66194e-18)
(1.00966 -0.00788404 1.03832e-17)
(0.96899 0.0223696 3.27684e-18)
(1.00201 -0.00586139 3.43457e-18)
(1.00432 0.00284099 1.19083e-17)
(1.00341 0.00668326 0)
(0.965476 -0.0224711 -2.42395e-18)
(1.04105 -0.0033065 -2.37956e-18)
(0.988897 -0.0544849 -1.46099e-17)
(0.913452 -0.00191076 -3.64112e-18)
(0.974144 -0.022264 -8.1222e-20)
(1.03564 -0.0470859 -1.04877e-17)
(0.952925 -0.0379945 6.7425e-19)
(0.985712 -0.00676293 0)
(1.02861 -0.0531246 0)
(1.00833 -0.00661386 -2.74055e-18)
(0.98161 0.00645327 1.72466e-18)
(0.949885 0.0188406 -1.257e-18)
(1.07449 0.0151955 -9.32383e-19)
(1.01596 0.00305397 -7.87988e-18)
(0.987959 -0.013005 -1.33958e-17)
(0.968503 -0.0110034 2.43494e-18)
(1.02981 -0.0448097 0)
(0.898628 -0.00986699 0)
(0.986357 0.00784184 5.87821e-18)
(1.00482 0.000829281 -4.75001e-18)
(1.00858 0.00492837 4.42744e-20)
(1.04576 -0.00693464 3.88388e-19)
(1.02134 0.00724972 5.86967e-18)
(1.01107 -0.00517908 0)
(1.0007 -0.00162237 2.96765e-18)
(1.05112 0.0406608 -3.14526e-18)
(0.997374 -0.00329101 -6.72589e-18)
(0.987574 0.00364872 3.61069e-19)
(1.0114 0.00279216 -9.61655e-18)
(0.988881 0.010728 -1.26986e-17)
(0.991536 0.0298249 0)
(1.02357 0.00949531 2.25391e-20)
(1.07911 -0.0112255 0)
(0.999242 0.00259539 0)
(0.964835 -0.0242562 0)
(1.046 0.0103155 -2.22591e-18)
(1.02368 -0.0309844 -1.09347e-17)
(1.02867 -0.0189576 -1.47739e-18)
(1.01525 0.0131886 -1.47629e-17)
(1.03188 0.019466 1.28806e-18)
(1.01541 -0.0132394 7.40368e-18)
(1.00262 -3.04166e-05 0)
(0.99749 0.0201808 -4.78732e-19)
(0.952905 -0.00994675 0)
(0.989564 0.0202093 -6.41195e-19)
(0.998969 0.0117909 1.41629e-17)
(0.980356 0.0175127 -8.48595e-19)
(1.06728 0.0117022 6.5786e-18)
(0.957422 -0.00603594 -3.51261e-18)
(1.01489 -0.0100099 -1.28777e-17)
(0.993751 0.0138662 0)
(1.06787 0.0169105 3.6832e-18)
(1.01521 -0.00781962 -5.11497e-18)
(0.971004 0.0116727 -3.87246e-18)
(0.989545 0.0100663 7.5879e-19)
(0.989857 0.00602713 -1.11329e-17)
(1.0461 0.0243075 -1.27216e-17)
(1.02065 -0.0164793 2.37446e-18)
(0.982792 0.011687 -7.91638e-18)
(0.983481 -0.0244636 0)
(0.991572 -0.0167387 -1.07094e-18)
(0.998736 0.0151314 0)
(0.976515 -0.000497077 0)
(1.0027 -0.00773315 -1.15046e-17)
(1.01825 0.0154176 1.05763e-18)
(1.01925 -0.0143433 6.44353e-18)
(1.02594 -0.0255892 5.10985e-19)
(0.984729 -0.061644 0)
(0.998994 0.0309575 -3.50134e-18)
(0.989931 -0.089012 5.41887e-18)
(0.983445 0.0549894 1.13453e-18)
(0.988707 -0.0486689 0)
(1.06816 0.0216438 -1.28256e-18)
(0.939894 -0.0235073 0)
(0.94851 0.0175258 1.22091e-17)
(0.979411 0.00511061 2.96899e-18)
(0.974266 -0.0177934 -7.36561e-18)
(0.955228 -0.00400151 7.34747e-19)
(1.00752 -0.00908124 3.42657e-18)
(0.958831 0.0255461 -7.94247e-19)
(0.99049 -0.000430661 -7.5076e-18)
(0.981754 -0.0214518 -9.05923e-19)
(0.996779 -0.000900418 2.2746e-21)
(0.979265 -0.0252347 -2.60452e-19)
(1.0255 -0.0343692 0)
(0.93342 0.00354433 -9.24306e-18)
(0.985407 -0.00603064 0)
(0.964157 -0.0106416 -3.10599e-18)
(0.940113 0.00398403 0)
(1.00839 -0.00239547 0)
(0.973992 -0.00180732 5.2001e-18)
(0.988278 0.00634295 0)
(0.963638 0.00986781 -2.20032e-18)
(0.965431 0.00437474 -8.40578e-19)
(0.960521 -0.00314973 4.34187e-18)
(1.0422 0.00322976 -9.26513e-18)
(0.955756 -0.0071656 2.5244e-19)
(0.951798 0.016234 8.44782e-18)
(1.02921 0.0277649 -7.54196e-18)
(1.05567 0.00272838 6.054e-18)
(0.981905 0.00785741 0)
(0.948234 -0.0137246 5.46765e-19)
(0.932365 0.00459483 6.97933e-19)
(0.990875 -0.0069871 0)
(1.00113 -0.00516674 -1.8978e-17)
(0.970206 -0.0195445 -2.17386e-18)
(0.93206 0.00914527 3.98221e-18)
(0.953761 -0.0314422 6.12593e-19)
(0.984263 -0.0210978 -3.56171e-18)
(0.962042 0.0278168 0)
(0.956162 -0.0359866 7.68879e-19)
(0.94667 0.0359944 0)
(0.973863 -0.0201726 3.3822e-18)
(0.974795 -0.0307985 0)
(1.03282 0.0144997 6.86723e-18)
(1.0437 -0.00776565 3.17134e-18)
(1.03888 0.00828407 0)
(1.01277 -0.00612962 -7.94824e-18)
(1.01484 0.00644652 0)
(0.985766 0.049452 0)
(0.913779 0.00759238 0)
(0.981831 0.00369043 0)
(0.981638 -0.00204138 0)
(0.908957 -0.007192 -1.63721e-18)
(1.0138 -0.0210594 -1.04127e-17)
(1.00324 -0.0234495 0)
(0.990924 0.0127346 1.64221e-18)
(1.01413 0.0281337 0)
(1.0152 -0.0156927 3.17755e-18)
(0.940875 0.0404722 0)
(0.971105 0.0331625 0)
(0.98434 -0.00589449 0)
(0.958551 -0.0409146 0)
(1.02121 -0.00484497 0)
(0.998902 -0.00429291 -3.04443e-18)
(1.00595 0.000648418 -2.30326e-20)
(1.00198 9.04912e-05 -5.13511e-18)
(1.02633 0.00494938 -5.86555e-19)
(1.00551 0.0178984 0)
(0.967008 0.0088715 5.28751e-18)
(1.01856 0.0401113 4.37477e-19)
(1.00249 0.00255462 7.55036e-18)
(1.01667 0.0084663 1.81954e-18)
(0.986053 -0.00685558 0)
(0.991627 0.0130649 -4.15197e-18)
(0.975791 -0.00481656 -4.69381e-18)
(0.942218 -0.026944 0)
(0.963887 0.00956263 7.75882e-18)
(0.989459 -0.0321179 5.30943e-18)
(1.02595 -0.0112589 8.14289e-18)
(1.03662 0.00415498 -3.16266e-18)
(1.01608 -0.00509004 0)
(1.03064 0.00650349 -3.27629e-18)
(1.01121 0.0170736 0)
(1.0335 -0.000663145 1.53656e-17)
(1.00665 0.0022822 6.00954e-18)
(1.00247 0.0347497 4.6829e-19)
(0.98347 0.0400383 -7.07834e-19)
(0.992992 -0.00365479 1.92189e-18)
(1.03874 0.00155149 -9.96073e-20)
(1.01111 0.000681886 0)
(0.960992 0.00581469 -5.04333e-18)
(0.991101 0.0113599 2.74334e-18)
(1.02852 0.0104278 -1.56579e-17)
(0.972018 -0.0172421 -3.34245e-18)
(0.920859 -0.00853846 3.18058e-18)
(0.969402 0.00145907 3.03289e-18)
(0.977322 0.0030675 -3.38722e-18)
(0.964547 -0.0270628 6.37678e-18)
(0.991433 0.0123615 -1.3301e-17)
(1.00027 -0.0281638 5.27597e-18)
(0.932045 0.0239792 0)
(0.968617 -0.00451078 5.30224e-18)
(0.98674 -0.0190683 5.05498e-18)
(1.01833 -0.0437866 -5.71224e-18)
(0.958199 0.00877003 -8.8562e-18)
(0.954473 -0.0106966 -1.0678e-18)
(0.990345 0.0574923 9.80598e-19)
(0.965337 0.000564773 0)
(0.991204 -0.0240865 1.15496e-17)
(0.965904 -0.00837618 0)
(0.98441 -0.03863 1.47846e-19)
(0.937392 -0.0218584 7.98683e-18)
(1.0101 -0.0250438 4.052e-19)
(1.03364 0.0110228 1.16129e-17)
(0.953919 -3.05356e-05 0)
(0.965653 -0.0136114 -3.31527e-18)
(1.00433 0.0408886 -5.07995e-18)
(0.96681 0.00674297 3.00477e-18)
(0.984225 0.0211036 2.64118e-18)
(1.01764 0.0185723 0)
(0.981707 -0.0609179 0)
(0.998923 -0.0256638 0)
(0.976888 -0.0154039 0)
(0.983257 0.00718647 -1.89641e-18)
(0.997078 0.00807952 1.05216e-17)
(0.952191 0.0165047 -2.24407e-18)
(0.986866 -0.0162813 6.46938e-18)
(0.921987 0.00395042 -1.34198e-18)
(0.953789 0.00443641 3.56827e-18)
(0.980039 -0.000688376 -1.65883e-18)
(0.986085 -0.000346294 6.22113e-18)
(0.987834 -0.0203697 -1.55879e-17)
(1.03245 -0.00700262 9.87731e-18)
(1.00577 -0.0230629 -3.07933e-18)
(1.00073 -0.0292911 0)
(0.982587 -0.00315161 -4.00468e-18)
(0.952837 -0.00733067 -6.26363e-20)
(1.00457 -0.00332148 -7.6939e-18)
(0.971404 0.0273149 -3.82859e-18)
(0.984613 -0.0475896 3.11646e-18)
(0.987315 -0.012839 0)
(0.947709 -0.0406857 0)
(0.971465 0.00913831 1.45547e-17)
(0.961096 -0.00289464 -6.90352e-18)
(0.999685 0.0375086 0)
(1.00107 0.0186559 0)
(1.00556 0.00725452 3.09062e-18)
(0.978965 0.013552 1.93666e-18)
(0.981635 0.0100686 0)
(0.979168 0.0118401 -3.65646e-18)
(0.954202 0.023229 0)
(0.936328 0.0317452 -3.24275e-18)
(1.05324 -0.0242093 9.90714e-18)
(1.02835 -0.0295681 -6.84271e-18)
(1.04615 -0.0485779 1.16466e-18)
(1.02605 -0.00127105 -9.01239e-20)
(1.03369 0.0154 -1.60819e-18)
(0.951534 -0.00780888 0)
(0.997747 0.0113614 0)
(0.934872 -0.0218595 2.73804e-19)
(0.969814 0.0116821 0)
(1.00238 -0.00920257 8.7881e-20)
(0.966308 -0.0110802 -7.6403e-18)
(0.93606 0.0262523 5.54553e-19)
(0.92683 -0.0100608 1.62604e-19)
(0.905945 0.01608 -9.22988e-18)
(1.00534 0.00590123 0)
(1.03138 0.0399276 0)
(1.00351 -0.020694 1.38148e-17)
(0.974075 -0.0278575 0)
(0.96322 -0.00651544 -1.40091e-19)
(0.992438 -0.00570064 0)
(1.00437 -0.0301951 -6.64189e-18)
(1.03427 -0.0226682 5.43478e-18)
(0.956115 -0.029289 0)
(0.946476 -0.0148599 7.81719e-19)
(1.00161 0.0131174 0)
(0.970975 -0.00834047 -7.33639e-18)
(0.996043 0.0302024 -8.69769e-19)
(0.962274 0.0451809 3.30793e-18)
(0.984933 -0.0231963 0)
(0.960962 0.0205366 2.4377e-18)
(0.958372 0.00591996 -1.2123e-18)
(0.983541 -0.0375333 -1.69396e-18)
(1.02012 -0.000595333 0)
(0.951826 -0.00999453 0)
(1.01466 0.0178236 -4.73565e-18)
(0.976456 -0.0371784 6.22163e-18)
(1.00409 0.00659561 0)
(0.964356 0.033562 -9.43062e-19)
(0.952091 -0.0227369 6.47512e-21)
(0.999573 -0.00832793 -8.15435e-18)
(1.00756 -0.0078546 -3.79047e-18)
(1.00439 -0.0158766 -7.21378e-19)
(1.05791 -0.0015316 8.09642e-20)
(1.02019 -0.00660695 -8.09857e-18)
(0.988312 -0.00129963 4.21963e-18)
(0.997092 -0.00659001 0)
(0.982763 0.0142094 0)
(0.988538 -0.025089 -6.08136e-18)
(0.985854 0.00809544 0)
(0.947332 0.0169726 3.26942e-18)
(0.977773 -0.0272044 5.87943e-18)
(0.97191 -0.018275 -6.85716e-18)
(1.01652 -0.0575511 0)
(0.96918 0.016447 2.67042e-18)
(0.956794 0.00537788 -5.84691e-18)
(1.02759 0.0215958 0)
(0.99703 -0.0397382 9.27761e-18)
(1.01628 0.0470635 -1.62541e-18)
(1.015 -0.009585 1.53719e-18)
(1.02281 -0.0160829 2.94034e-18)
(0.981111 -0.00498463 5.35284e-18)
(0.981026 -0.00443047 -8.46416e-18)
(0.933191 -0.0188157 2.692e-19)
(1.05379 0.0237878 0)
(0.988711 0.00957933 5.18432e-18)
(0.962806 0.0102764 1.69098e-19)
(0.948734 0.00219917 -1.39708e-18)
(1.00056 -0.0205387 -6.32761e-18)
(0.946357 -0.00894979 2.47612e-18)
(0.976437 -0.0135357 1.4816e-17)
(1.0162 -0.0100786 9.03996e-18)
(0.943085 -0.0146224 -2.30076e-18)
(0.947936 -0.00750035 8.82572e-19)
(1.02878 -0.0264658 -3.21034e-20)
(1.0141 -0.0103049 -8.60318e-21)
(0.966663 0.00341457 1.17814e-20)
(0.999313 -0.012084 -3.73267e-18)
(0.988366 -0.0260659 -5.97679e-19)
(0.980773 -0.0195695 -2.28636e-18)
(0.960481 0.00244199 0)
(0.994768 -0.004618 7.09196e-18)
(1.0096 0.0114967 -5.25688e-19)
(1.01286 -0.0013902 1.59277e-17)
(1.00013 0.00398234 1.76739e-18)
(0.983528 -0.0142852 -1.64165e-18)
(0.98742 -0.000796565 -5.22222e-18)
(1.00302 -0.0421262 0)
(0.965083 -0.0207679 6.55103e-18)
(0.968588 0.015115 -8.5187e-18)
(1.01957 0.0447809 6.07634e-19)
(1.02524 -0.0453093 3.46819e-19)
(0.987542 0.00517908 0)
(0.987824 -0.00237135 8.2097e-18)
(0.965554 0.00349497 7.02282e-19)
(0.98854 0.00512127 0)
(0.987443 -0.0297658 0)
(1.02216 -0.000284033 0)
(1.02125 -0.00451192 -3.17388e-18)
(0.978992 0.0201845 0)
(0.964421 -0.0100309 0)
(0.967916 -0.000296798 -6.96705e-18)
(0.96969 -0.00689491 7.444e-18)
(0.961847 -0.0303184 3.5579e-18)
(0.98202 0.021616 -3.10863e-18)
(0.952608 0.0335643 2.38594e-18)
(1.01333 -0.00415305 -8.00739e-18)
(1.04616 0.00826256 -1.10636e-18)
(0.959995 -0.0162879 -5.5641e-20)
(0.98215 -0.0069768 -1.66767e-18)
(0.987095 0.00284045 0)
(0.971465 -0.00354315 -1.3316e-18)
(0.910349 -0.0346989 0)
(0.998002 0.00669735 -3.52615e-18)
(0.996846 -0.00492471 3.4655e-18)
(0.915122 0.0334547 3.95239e-19)
(0.966874 0.000598208 7.01311e-18)
(0.898397 0.0251413 6.08393e-19)
(0.983162 0.00381586 1.07803e-18)
(0.936259 -0.00876955 -9.36631e-19)
(0.957222 -0.0429299 0)
(1.0196 -0.0648381 8.04293e-18)
(0.93422 0.00818634 -1.61075e-18)
(1.00801 0.0124012 3.69018e-18)
(1.01093 0.0100672 -6.10854e-18)
(0.999727 0.0187101 -4.66488e-18)
(1.01632 0.00310825 0)
(0.988131 0.0182997 0)
(0.950691 0.00107124 -1.59103e-18)
(0.952585 0.0340173 -8.63779e-20)
(0.94957 0.026938 1.64022e-18)
(0.969078 -0.017619 8.76728e-18)
(0.947076 0.0406117 4.02304e-18)
(1.01114 -0.00864345 2.38514e-18)
(0.989429 -0.0176685 -6.36597e-19)
(0.955496 0.00490262 1.75893e-19)
(0.985518 -0.00381633 0)
(0.962887 0.0035851 0)
(1.01179 0.00868325 -3.80233e-18)
(1.0106 -0.0070137 -3.79967e-19)
(0.98141 0.0498834 -5.55209e-18)
(0.995034 -0.0526329 5.78334e-18)
(0.976858 0.0261771 0)
(1.04735 -0.0346919 2.57251e-18)
(0.971178 -0.0145878 0)
(0.948532 -0.00447375 0)
(0.99385 -0.00826395 -6.9081e-18)
(1.03413 0.0304234 -2.33196e-18)
(0.951021 0.0192137 -3.24932e-19)
(0.98606 -0.0112547 4.31988e-19)
(1.01344 0.0204097 -6.00479e-18)
(0.9892 -0.00940987 0)
(1.04457 0.0410669 1.44979e-18)
(0.957525 -0.0168565 1.4597e-17)
(0.97823 -0.0240649 -4.25853e-19)
(1.02299 0.0168189 -9.05617e-19)
(1.00664 -0.0613078 1.03429e-18)
(0.998233 -0.0275669 -8.08301e-18)
(0.95267 -0.00554766 2.55728e-18)
(0.938056 0.0256728 0)
(1.02236 0.0219285 3.18002e-18)
(0.991997 -0.00125627 0)
(0.990743 0.00218388 0)
(0.966485 0.0127745 -1.0354e-18)
(0.961995 -0.0138836 0)
(0.962268 -0.00621242 0)
(0.907546 -0.00241367 -2.09634e-18)
(0.947566 0.0064316 -1.83096e-19)
(0.997697 0.00368356 3.23556e-18)
(0.98293 0.000718676 -1.18764e-18)
(0.981829 -0.0362797 0)
(0.936208 -0.0250271 0)
(0.956139 -0.01413 3.36433e-18)
(0.974677 0.0130054 -1.76396e-18)
(0.99568 -0.0133486 0)
(0.97546 -0.0277998 8.61586e-19)
(0.928479 0.00343017 -2.83766e-18)
(0.982007 0.0241106 3.26069e-18)
(0.975661 -0.00189341 -1.74512e-17)
(0.957396 -0.0171441 0)
(0.982071 -0.0282986 0)
(0.916988 0.0114511 0)
(0.972128 0.00101925 -5.79347e-18)
(0.985216 0.000629978 6.30575e-18)
(0.999926 0.000249979 -5.566e-18)
(1.01415 -0.0209137 2.39969e-19)
(0.995701 0.0248829 -2.53652e-19)
(0.971908 0.0190187 -5.63838e-18)
(1.00742 0.017376 -3.34427e-18)
(1.02275 0.0153168 -5.97731e-18)
(0.999046 0.0571611 -5.63592e-18)
(0.944357 0.00321168 -1.24663e-18)
(0.972448 0.000241504 0)
(0.94908 -0.0141585 -1.29882e-18)
(0.963759 0.0210467 3.19494e-18)
(0.955295 0.0408877 -2.6801e-18)
(0.95503 -0.040986 0)
(0.940363 0.011148 1.31808e-18)
(0.962033 -0.00939116 6.18866e-18)
(0.948453 -0.0412624 -1.27123e-18)
(0.968586 0.0273114 1.63685e-19)
(0.995505 0.0167075 7.22974e-18)
(1.00333 -0.00703105 8.97994e-19)
(1.00307 -0.0173918 2.33875e-18)
(0.949603 -0.0086658 -9.20335e-19)
(0.976791 -0.000543106 -2.78265e-19)
(0.91227 -0.0115284 0)
(0.969622 0.00451795 2.67902e-18)
(1.04086 0.0216383 1.49606e-17)
(1.00874 -0.00360827 0)
(1.00798 -0.0471884 2.03512e-18)
(0.97431 -0.00412209 0)
(1.01291 -0.0373915 -2.81909e-18)
(0.974061 0.0293632 1.32045e-18)
(1.00957 0.0777811 0)
(0.872945 -0.0251256 0)
(0.998812 0.00141606 0)
(0.960934 -0.00865125 0)
(0.945984 0.025645 0)
(0.97298 -0.0064251 -1.16411e-18)
(0.914631 -0.00180528 0)
(0.897112 -0.0226496 0)
(0.946766 -0.0163324 3.57627e-18)
(0.910418 -0.0472733 0)
(0.959564 -0.0179166 -3.56436e-18)
(0.978868 -0.0196648 2.94378e-18)
(0.964045 0.00982055 0)
(0.927987 -0.0505554 0)
(0.975016 -0.0217902 2.72481e-18)
(0.944755 -0.00449639 0)
(1.00968 -0.0304025 0)
(1.00163 0.0191527 -1.45509e-17)
(0.923818 -0.0240538 -4.29689e-18)
(1.00082 -0.0192901 1.4248e-17)
(1.00738 0.0305181 3.09719e-18)
(0.966351 -0.00412195 0)
(0.968638 -0.00185495 -8.60863e-18)
(0.992552 0.017492 -5.10225e-18)
(0.96322 0.0300295 5.33271e-18)
(0.919453 -0.0325913 -1.94952e-18)
(0.988511 -0.0414191 1.19974e-17)
(0.93446 0.0268049 0)
(0.92427 0.0150047 -3.58582e-18)
(0.933765 0.0372867 5.63019e-19)
(0.972657 0.0167617 7.7762e-18)
(0.987854 -0.024557 -2.51453e-18)
(0.940552 0.000275311 6.73335e-19)
(0.92525 -0.0025884 0)
(0.974745 -0.0283524 3.56255e-18)
(0.942368 -0.0256764 0)
(0.977306 -0.00038697 0)
(0.928027 0.0236266 1.54885e-18)
(0.988138 -0.0154843 9.73691e-18)
(0.947269 -0.00466746 -1.32391e-17)
(0.994551 0.0218792 -1.30459e-18)
(1.01149 -0.00138201 6.53619e-18)
(0.953594 0.0247344 0)
(1.04313 -0.0501168 0)
(0.95604 0.0218213 1.17485e-18)
(0.999012 0.0326855 -5.78192e-18)
(1.04498 0.031673 2.22479e-18)
(0.96862 0.0128929 -6.76295e-18)
(0.994858 -0.0124628 3.81597e-18)
(0.953041 -0.0407738 -6.84689e-19)
(0.995645 0.0136602 -1.88663e-18)
(0.957171 0.0400025 0)
(0.96224 0.0207192 -2.03024e-18)
(0.946495 0.0252611 0)
(0.922022 0.0253844 4.26707e-18)
(0.928673 -0.0518691 1.11073e-18)
(0.994386 0.0355964 1.75643e-19)
(1.00636 0.0137128 -2.38337e-20)
(0.989747 -0.0359822 3.20733e-19)
(1.00609 -0.0116933 3.96879e-18)
(1.09668 -0.0509487 0)
(0.956804 -0.0295174 0)
(0.983932 -0.0284328 -3.22855e-18)
(0.990549 -0.0166866 0)
(1.00748 -0.00179564 8.00682e-18)
(0.995608 0.0165324 -5.99968e-19)
(1.00928 0.00241772 1.99051e-18)
(0.948987 -0.0132933 -2.26406e-18)
(0.972231 0.0175755 0)
(0.945163 0.0217093 2.16592e-18)
(0.939526 -0.00207088 -2.42642e-18)
(0.991822 -0.032388 5.40277e-18)
(0.965889 0.000445927 -6.47472e-18)
(0.994106 0.0266408 -8.58371e-19)
(0.98296 0.0383369 -3.66006e-18)
(1.00314 -0.0125961 -2.22715e-18)
(1.0018 0.00553469 0)
(1.00376 0.00110094 -3.63911e-18)
(0.909105 -0.0100118 3.0271e-19)
(0.904679 0.0102078 0)
(1.00258 0.000173535 -1.44356e-17)
(1.00108 -0.00486188 0)
(0.99951 0.0154587 4.54764e-19)
(0.977361 -0.0232952 7.11001e-18)
(0.973598 -0.00465018 0)
(0.968111 -0.0333269 0)
(0.98481 -0.0122889 0)
(0.930986 0.0431103 2.512e-19)
(0.976831 0.0165264 3.61454e-18)
(0.952887 0.00321083 -3.31568e-18)
(0.955823 -0.0148563 -3.90857e-19)
(0.961873 -0.0188613 -5.93024e-18)
(1.00512 -0.019443 -1.9394e-19)
(0.999077 0.0489042 9.20023e-18)
(0.92573 -0.0134308 4.98949e-18)
(0.975774 0.0475045 0)
(0.967834 -0.016904 -8.78167e-18)
(0.964326 -0.00676105 -1.02816e-19)
(0.992265 -0.0208369 8.97499e-18)
(0.97488 -0.00589972 0)
(0.958708 0.0339624 0)
(0.931362 -0.0498797 0)
(0.987349 -0.00466689 -6.15496e-18)
(1.00516 0.00290506 5.71761e-18)
(0.94018 0.0499446 0)
(0.954068 -0.0415035 -6.78152e-18)
(0.942093 0.039647 -1.18442e-20)
(0.957347 0.0178479 2.21812e-20)
(0.982493 0.0170513 0)
(0.938899 0.0275668 1.05603e-19)
(0.999669 0.0199316 -1.34835e-17)
(0.994956 -0.0065098 -5.50116e-18)
(0.985242 0.0107345 2.72854e-18)
(0.920465 0.00242265 4.10483e-18)
(0.907877 -0.014571 -4.31683e-18)
(0.986608 0.015738 6.3776e-18)
(0.971963 0.0179876 0)
(0.935857 -0.0301431 0)
(0.937077 0.00240371 0)
(0.936402 -0.00775413 -8.07894e-18)
)
;

boundaryField
{
    frontandback
    {
        type            empty;
    }
    simetry
    {
        type            symmetry;
    }
    inlet
    {
        type            fixedValue;
        value           uniform (1 0 0);
    }
    outlet
    {
        type            zeroGradient;
    }
}


// ************************************************************************* //
