/*--------------------------------*- C++ -*----------------------------------*\
  =========                 |
  \\      /  F ield         | OpenFOAM: The Open Source CFD Toolbox
   \\    /   O peration     | Website:  https://openfoam.org
    \\  /    A nd           | Version:  7
     \\/     M anipulation  |
\*---------------------------------------------------------------------------*/
FoamFile
{
    version     2.0;
    format      ascii;
    class       volVectorField;
    location    "0.25";
    object      U;
}
// * * * * * * * * * * * * * * * * * * * * * * * * * * * * * * * * * * * * * //

dimensions      [0 1 -1 0 0 0 0];

internalField   nonuniform List<vector> 
2016
(
(-3.1301 -75.6832 -1.97017e-15)
(-13.7759 -20.5488 -6.46637e-14)
(-136.468 -84.7702 0)
(-29.0178 -146.67 0)
(-87.6631 45.1861 0)
(-91.806 46.904 2.70732e-15)
(-78.0496 -35.8954 3.01274e-16)
(-58.4202 66.3169 0)
(93.8545 79.8524 -4.37007e-14)
(32.8353 136.446 0)
(-47.119 85.0153 -5.49625e-14)
(252.645 92.2309 9.71623e-15)
(247.373 64.3978 0)
(264.821 65.6294 0)
(48.1096 76.9667 0)
(318.953 8.90772 0)
(181.809 -31.3504 0)
(155.197 -3.76159 -2.10867e-14)
(57.7307 -245.944 -5.26323e-15)
(44.6055 179.091 3.41266e-15)
(51.9579 31.3686 5.65155e-14)
(155.523 33.7315 3.47109e-15)
(4.85806 -137.295 -3.61384e-15)
(239.151 26.5281 5.66756e-15)
(-144.547 141.055 1.05007e-14)
(-58.5512 88.5474 0)
(213.076 254.627 -1.19715e-14)
(394.613 218.254 1.24695e-14)
(67.4693 -147.696 2.45632e-14)
(102.991 -5.99892 -1.96609e-14)
(183.168 -0.262347 2.55455e-14)
(237.64 2.59974 8.95311e-15)
(70.7284 28.6102 1.8366e-14)
(-24.5505 43.6244 -2.07593e-14)
(21.7627 116.766 0)
(-126.253 -152.106 0)
(40.7128 66.3746 0)
(-90.4636 -8.47775 1.71437e-14)
(102.115 214.583 2.81046e-14)
(387.762 174.113 -8.06508e-15)
(-123.723 -131.158 1.0932e-14)
(-35.4931 66.6795 -8.78124e-15)
(69.4412 61.3252 0)
(67.8945 34.6017 4.63915e-14)
(-16.014 -12.639 -3.01789e-14)
(75.2891 195.934 0)
(279.81 109.596 0)
(528.099 77.7904 0)
(548.402 259.532 4.91221e-15)
(18.6599 50.7206 1.31279e-14)
(413.128 117.575 -1.15943e-14)
(576.047 167.585 2.30153e-14)
(489.616 99.147 6.86226e-16)
(301.873 -95.663 -4.44335e-16)
(-23.4138 61.8992 -1.84022e-14)
(-64.7663 -115.564 0)
(-170.151 -127.214 -6.51999e-16)
(109.45 -82.0652 0)
(124.636 -84.0108 0)
(137.386 -119.946 0)
(-49.574 -190.564 0)
(92.4936 94.697 1.12589e-14)
(19.8815 3.08951 -1.96256e-14)
(12.8253 -83.932 -1.72667e-14)
(91.7091 51.4783 4.76867e-14)
(88.4077 191.839 2.58082e-14)
(-144.441 17.6626 0)
(-145.071 -60.5223 2.6542e-14)
(68.3527 -8.99373 0)
(-36.8982 -43.1212 0)
(12.1978 65.8574 -1.39363e-15)
(57.2857 84.8973 -1.57112e-15)
(-15.4184 27.8328 1.76186e-15)
(92.94 -83.2885 3.28581e-15)
(-120.604 -82.2839 -3.80348e-15)
(93.2681 -56.4943 -1.71321e-15)
(81.4456 -44.2378 0)
(51.0846 -26.8791 0)
(4.22137 -17.8654 5.80893e-14)
(122.634 84.3744 2.4891e-14)
(93.0328 -142.204 -2.43853e-14)
(-251.805 -62.1685 3.85616e-15)
(191.275 58.0924 1.45934e-14)
(-4.11419 -36.3953 1.54135e-14)
(42.8573 -50.9326 -8.21379e-15)
(-324.293 146.983 -1.67383e-14)
(57.1978 -198.271 6.23767e-15)
(-109.366 -50.4788 8.16204e-16)
(-119.84 -91.0975 0)
(29.6535 135.075 3.46242e-15)
(-11.3345 -25.3982 -3.17624e-14)
(-140.778 61.9849 -1.12782e-14)
(-51.345 -45.7338 9.20978e-15)
(110.173 -7.54157 -6.02923e-14)
(114.468 61.9349 5.00756e-14)
(-332.605 155.233 1.78207e-14)
(-102.374 -13.1555 0)
(185.307 -114.881 0)
(176.967 223.408 -2.3909e-14)
(182.855 62.6318 8.20367e-15)
(32.176 57.2602 -6.86536e-15)
(99.7122 99.1562 0)
(102.746 -5.3727 -2.90652e-14)
(179.975 15.8134 -7.07646e-14)
(-82.8642 -43.9901 0)
(-3.56552 -77.9486 0)
(80.6705 18.0078 4.45489e-14)
(-112.474 2.89722 -2.12707e-14)
(-274.369 -187.151 1.91904e-14)
(196.836 92.1442 -3.55806e-15)
(258.56 -131.882 5.49429e-15)
(84.2021 22.5598 8.67703e-14)
(89.9057 -3.52663 -5.88917e-14)
(-266.912 -137.01 0)
(-51.6763 -26.1356 -8.90514e-15)
(18.6354 38.7096 -4.83123e-14)
(-4.83965 -38.3551 1.42698e-14)
(25.2953 -57.1448 -6.14786e-14)
(-169.063 -9.57951 -6.51215e-15)
(51.1482 -100.307 -1.68677e-14)
(-29.5908 11.2029 5.8352e-14)
(6.64763 -58.0345 6.41282e-14)
(272.88 42.9688 0)
(167.357 -33.3067 5.37454e-14)
(139.865 0.894491 0)
(81.1857 -150.431 6.33324e-14)
(223.264 75.4444 0)
(189.984 76.2666 2.1942e-14)
(189.623 -112.533 0)
(-25.1325 17.9681 0)
(94.1377 7.20575 -2.81142e-14)
(52.5784 -185.59 0)
(-236.266 26.8282 7.00475e-15)
(155.699 212.332 -3.88565e-15)
(174.819 139.096 -2.00289e-14)
(244.103 166.23 -1.11476e-15)
(-289.886 -135.212 6.73052e-15)
(96.3776 -98.5821 0)
(-2.49481 7.55185 0)
(-236.856 2.24501 -1.15331e-14)
(-186.267 -64.7857 0)
(-105.57 5.17278 -1.74225e-15)
(94.481 39.036 -5.14918e-14)
(-14.0948 -101.679 6.30158e-14)
(63.8996 35.8451 2.82499e-14)
(56.5192 -88.0821 1.52964e-14)
(23.1615 -20.7884 -1.18228e-14)
(129.401 -87.529 -9.81185e-15)
(-132.151 -20.9002 -9.49345e-15)
(291.798 45.9482 -1.98003e-14)
(26.6055 99.3198 -3.27084e-14)
(-40.5821 131.051 0)
(-38.2469 -62.6805 1.42454e-14)
(-26.3793 68.4522 2.27095e-14)
(62.7592 63.0234 0)
(77.8914 -70.7357 2.57265e-14)
(106.663 36.2448 5.68198e-14)
(-306.57 -127.51 -1.06536e-14)
(-41.2486 -24.261 -5.30798e-14)
(16.3212 52.6747 -2.19739e-15)
(34.7791 125.964 0)
(28.0844 -166.485 0)
(42.3859 -14.6485 4.78038e-14)
(66.1381 -12.8061 3.22325e-14)
(90.1522 60.5215 -2.95841e-14)
(131.785 47.3543 5.6814e-14)
(225.811 -51.768 -6.0735e-16)
(354.225 38.699 9.56765e-16)
(-242.254 -73.7616 5.85584e-15)
(-210.364 -156.939 -1.03928e-14)
(72.8216 -104.801 0)
(138.989 -123.137 3.70556e-15)
(-30.9461 14.4159 -7.25049e-15)
(4.78081 -11.275 6.32629e-16)
(301.622 -63.7545 -1.56843e-15)
(143.308 -129.637 -4.93558e-15)
(168.674 -209.25 -9.4682e-15)
(-29.1204 -66.9659 -1.03022e-14)
(59.0445 43.3643 0)
(166.02 -117.737 0)
(-71.8037 20.5397 -4.67945e-15)
(-135.487 48.8772 1.46108e-14)
(19.7136 -4.34656 9.93813e-14)
(-5.66616 -11.5178 0)
(265.89 107.087 -8.14334e-15)
(231.837 95.5578 0)
(3.55145 2.74797 -3.68608e-14)
(203.661 5.6928 -6.27031e-15)
(366.912 52.9351 2.21862e-16)
(553.001 -93.2219 5.37487e-17)
(82.0758 193.094 1.14757e-14)
(200.794 77.2924 5.69798e-14)
(26.7875 -46.9059 0)
(-22.256 115.496 -1.04462e-14)
(-30.9556 -128.217 1.15257e-14)
(-10.5697 67.2259 0)
(-124.431 -71.378 -1.06706e-14)
(12.6948 -59.2458 0)
(101.219 28.6048 5.62115e-14)
(43.716 15.1629 0)
(4.75936 35.1483 -5.39307e-14)
(243.291 248.342 1.35587e-14)
(57.5084 -9.25039 -4.51123e-14)
(33.7996 -11.7118 -3.18348e-14)
(123.832 -125.341 -1.42892e-14)
(138.02 43.0679 0)
(41.1096 35.1334 5.16918e-14)
(-194.045 -111.385 8.89612e-15)
(149.13 72.1811 -6.10672e-14)
(133.992 -20.3913 5.78924e-14)
(178.517 -33.8488 -6.4175e-14)
(59.3981 -76.1695 -2.25135e-14)
(185.624 111.029 1.04049e-14)
(131.163 174.439 -3.98159e-15)
(17.4449 32.4507 0)
(70.5026 -11.6101 -9.60292e-15)
(-27.8886 -50.9859 1.18587e-14)
(-99.753 55.8627 1.0203e-14)
(167.891 65.0126 0)
(71.3984 -17.4711 4.69109e-14)
(184.323 26.9921 -5.32005e-14)
(122.333 206.2 3.42228e-17)
(163.636 8.91951 -2.56355e-14)
(-18.0802 -67.4866 0)
(19.5128 -3.64122 0)
(7.97419 -96.9014 8.4e-15)
(-321.623 17.926 7.38945e-15)
(-262.877 -98.1033 -1.77582e-15)
(-163.958 23.0688 0)
(27.3992 27.9144 -1.46768e-14)
(-237.28 94.4039 -4.15434e-14)
(-20.4396 11.5749 -1.4272e-14)
(-18.0673 -93.5325 3.08608e-14)
(-94.8985 -27.4541 -1.56218e-14)
(81.8912 69.913 -2.59653e-14)
(75.9417 38.7056 2.24815e-14)
(193.249 -162.795 5.21059e-15)
(245.876 -39.7975 4.43306e-15)
(214.921 -26.577 -5.59831e-15)
(176.071 -74.7434 0)
(-51.5907 0.0798658 0)
(323.889 -190.301 -5.45131e-15)
(265.583 149.278 3.63928e-15)
(182.81 144.213 2.26239e-14)
(232.475 -22.7551 0)
(239.108 -29.6372 0)
(194.335 215.362 4.77599e-15)
(94.0774 82.7717 5.52283e-14)
(212.037 -115.872 0)
(122.235 -34.8423 0)
(260.036 95.2659 8.60628e-15)
(77.2906 190.702 0)
(114.735 63.8673 4.03153e-14)
(102.55 -38.2651 0)
(82.8373 50.6217 0)
(24.7744 -107.339 2.12437e-15)
(288.228 53.003 -2.58624e-14)
(168.801 -28.5043 4.78209e-16)
(154.598 -41.5409 -6.00013e-16)
(47.5554 117.616 -2.11489e-14)
(-13.4977 57.81 2.41827e-14)
(-230.358 -112.575 0)
(172.369 79.3817 0)
(-318.926 -62.9856 -1.93276e-16)
(29.0646 -47.3336 0)
(-86.2084 -149.935 0)
(-60.0267 39.5865 -3.18396e-14)
(155.976 76.6495 5.15764e-14)
(73.7404 -75.5945 -2.98905e-14)
(28.6535 -1.23142 -3.07603e-14)
(178.149 -1.66105 7.21487e-16)
(107.841 19.4685 -2.8283e-14)
(-8.48805 32.0746 5.68493e-14)
(111.602 53.7993 5.0904e-15)
(101.413 -166.619 8.64627e-15)
(90.3168 152.933 -9.6808e-15)
(-81.9756 145.768 2.99348e-15)
(-6.01802 -32.5185 -2.34835e-14)
(-290.509 98.3711 1.39756e-14)
(-108.329 -13.7557 1.27229e-14)
(20.4552 -18.719 0)
(16.2431 -52.7175 0)
(23.7658 -72.8853 5.90315e-15)
(106.928 70.846 2.31142e-14)
(110.968 -10.838 2.19319e-14)
(-7.83474 113.169 0)
(-70.7258 -117.894 0)
(22.7846 213.913 0)
(158.15 39.3088 0)
(25.2332 -54.763 0)
(87.3753 -42.6574 -3.10939e-14)
(195.055 -77.8573 -7.02186e-15)
(-4.43688 -49.4361 7.19717e-14)
(38.0178 -82.4566 -6.10001e-14)
(3.95827 10.9482 6.07647e-14)
(5.64064 7.71057 -1.33763e-14)
(1.74199 0.408649 -4.02731e-14)
(54.6894 -44.9207 -1.7066e-15)
(21.9096 -75.5178 -1.63226e-14)
(258.644 93.4521 -3.10425e-14)
(-37.5268 -2.12883 5.97483e-14)
(210.576 91.4283 -1.37673e-14)
(86.8259 -43.9913 1.37345e-14)
(-218.177 130.809 0)
(17.3906 -11.9709 5.4935e-14)
(44.5534 -40.7329 2.6606e-14)
(14.6868 16.0855 1.48717e-14)
(-7.60737 -4.53099 -1.39924e-14)
(191.663 45.8341 -4.95646e-15)
(-176.861 81.8186 -6.41522e-16)
(289.586 -125.995 1.18535e-14)
(38.0028 -67.812 0)
(89.7312 69.5616 -3.13735e-14)
(107.184 -72.0622 2.17969e-14)
(240.796 6.11245 -2.11469e-16)
(332.415 -42.6005 -2.05985e-15)
(129.953 23.2271 -5.67083e-14)
(7.4839 44.2708 2.98194e-14)
(-60.2414 60.5869 1.93113e-14)
(-16.2073 -138.716 -1.91137e-15)
(-377.376 -5.25713 -5.04388e-15)
(32.3466 -29.6102 1.84042e-14)
(83.6488 -23.3935 -6.83898e-16)
(129.362 178.032 0)
(93.6706 42.3572 -3.0464e-14)
(34.7558 117.824 5.84333e-15)
(2.65251 -150.743 -7.47298e-15)
(114.88 157.327 -6.02991e-15)
(128.854 62.7844 -2.75855e-14)
(66.5891 171.402 0)
(143.766 10.0022 2.75973e-14)
(95.0278 -8.19082 -6.24822e-14)
(-39.166 -53.7428 5.26721e-14)
(-189.073 87.6493 0)
(101.915 64.6449 1.79271e-14)
(92.2195 -73.3942 2.29351e-14)
(118.117 69.8277 1.71917e-14)
(33.0473 71.2953 2.93606e-14)
(211.743 -240.852 -1.70939e-15)
(-64.6144 12.2338 -5.77132e-14)
(149.203 -55.8903 9.64295e-15)
(52.7922 -64.123 -2.01386e-15)
(243.455 57.3772 -4.54761e-14)
(-137.934 -51.5393 0)
(-78.4925 -81.6493 1.63707e-15)
(61.6073 -24.0041 2.96822e-14)
(-21.8815 -24.9658 0)
(-39.3538 -20.6869 2.51844e-14)
(151.585 7.56931 0)
(101.677 100.964 -4.93176e-15)
(5.40202 -7.5206 -2.87375e-14)
(-60.4716 -117.73 -4.88497e-15)
(59.8353 155.139 5.67322e-15)
(50.8947 -40.323 6.90054e-14)
(43.7046 -9.73983 0)
(-15.1563 -39.6937 -4.53687e-14)
(-96.6941 40.3115 -2.33509e-14)
(171.579 169.094 -4.44627e-14)
(144.954 262.511 3.35769e-16)
(-49.0909 -25.4209 1.67457e-14)
(-88.6117 -203.723 0)
(106.622 174.304 -3.32256e-15)
(148.712 105.59 4.69678e-14)
(-144.889 74.5455 -1.24837e-14)
(-130.355 7.97387 -2.13145e-14)
(23.785 -84.3939 -2.32324e-15)
(59.9088 45.1645 1.74503e-15)
(-397.514 44.0609 1.88123e-15)
(-7.94782 -35.7647 -3.24731e-14)
(-152.829 31.1338 -2.17608e-14)
(48.1783 -188.315 0)
(57.312 -51.4049 -2.15041e-15)
(68.3321 -64.6552 0)
(165.473 -25.7567 0)
(84.6226 -18.0991 0)
(-52.1997 -34.299 4.04093e-14)
(76.8287 22.7128 -2.13836e-14)
(88.4255 -65.7452 -6.23792e-14)
(106.943 -32.1681 0)
(-123.019 27.5262 2.15047e-14)
(130.042 62.7347 -1.06325e-14)
(-64.4285 37.1554 1.65177e-15)
(146.415 22.6507 -1.52729e-14)
(-4.6477 -7.29011 0)
(259.186 52.4376 0)
(107.396 11.0803 0)
(-29.8562 63.481 -3.03387e-14)
(9.32678 -24.3645 3.02185e-14)
(-74.2612 20.5285 5.01064e-14)
(-82.9313 -28.3797 0)
(51.0131 39.5805 5.21579e-14)
(130.229 -13.2519 1.77506e-15)
(212.565 -58.5196 -5.90637e-15)
(180.285 -33.2815 0)
(73.0327 -41.8988 0)
(87.1975 39.4768 -4.49123e-15)
(-58.0514 39.807 4.06916e-15)
(158.548 45.0733 -1.53499e-15)
(82.0911 -125.992 -6.88339e-14)
(15.8076 179.883 0)
(-130.392 -124.321 6.14202e-15)
(-18.6832 98.2692 4.57343e-14)
(-221.591 29.119 9.11057e-16)
(12.2026 53.9608 -4.67777e-16)
(-61.3416 169.124 -4.73658e-15)
(15.1051 -23.7491 0)
(126.639 129.703 6.40141e-14)
(-28.8206 55.0699 9.87568e-15)
(57.6637 -84.267 -1.53245e-14)
(133.369 19.046 2.97477e-14)
(70.3608 -2.09457 4.33406e-14)
(157.351 -79.1278 2.19002e-14)
(22.9531 106.69 0)
(157.07 24.8181 -2.65777e-14)
(-210.696 -72.203 -2.06873e-14)
(19.2824 -177.317 3.12083e-15)
(155.384 140.586 -2.48226e-15)
(1.02859 -3.27653 -2.775e-14)
(380.301 -332.922 0)
(-169.659 25.5479 -5.01672e-15)
(-57.9662 -8.90054 -3.82478e-14)
(8.21001 35.2775 0)
(-16.4285 -5.79728 3.08536e-14)
(-66.2611 -29.3517 1.94466e-14)
(223.689 -184.562 -6.86827e-15)
(91.8168 -45.2801 -5.74923e-14)
(181.415 70.7262 -3.22874e-14)
(-1.80608 -9.52455 3.36412e-14)
(-30.9193 -75.5315 0)
(-19.2739 -154.298 -5.60163e-14)
(180.748 74.6898 -1.0294e-14)
(90.8234 112.575 -1.40847e-14)
(6.58048 107.708 1.75651e-15)
(-223.129 -46.968 -1.02037e-16)
(-7.10795 41.3846 1.88796e-14)
(257.832 148.738 1.39005e-14)
(-27.6285 149.281 3.12299e-14)
(-33.8659 -127.834 0)
(58.6838 -79.9878 1.64172e-14)
(206.461 103.799 -1.36322e-15)
(-201.437 -32.3167 1.3285e-14)
(71.0375 -25.958 -3.19458e-14)
(20.8143 -248.695 0)
(18.991 241.348 0)
(-30.0983 -73.4301 -9.4904e-15)
(-208.474 -85.6396 1.02849e-14)
(-157.396 83.3369 8.43815e-15)
(-41.1143 52.9811 -2.21736e-14)
(3.43907 114.44 -2.54075e-14)
(-120.868 -128.581 1.95107e-15)
(-28.3089 29.4906 -2.20881e-15)
(-216.727 -138.526 2.68738e-14)
(-5.82923 -123.7 -2.72641e-14)
(82.9566 97.3513 3.69463e-15)
(-72.108 53.4138 -2.34487e-14)
(-136.485 15.0296 0)
(29.1637 -53.0188 0)
(-47.8774 168.019 -4.07798e-14)
(562.914 103.672 -2.80709e-14)
(184.512 139.631 1.80747e-14)
(-61.0879 100.309 -2.4604e-14)
(91.0975 246.977 -2.06409e-14)
(321.138 -17.6095 0)
(196.263 -35.7547 0)
(-39.0823 -58.8721 -1.41109e-16)
(68.8459 -42.6083 -1.49886e-14)
(215.767 76.2038 0)
(314.366 -135.807 2.91666e-15)
(19.8954 89.6264 -7.4241e-15)
(-2.19117 -62.6698 1.45685e-14)
(65.8965 4.03191 -5.22903e-14)
(-1.32167 -48.6925 0)
(-41.8494 39.2251 6.08398e-14)
(69.6015 83.4779 0)
(-410.827 -6.3813 2.15813e-16)
(19.6076 4.4626 2.53107e-14)
(11.2717 20.6806 0)
(29.7198 16.6914 0)
(15.146 -94.4624 0)
(96.4169 154.027 5.4496e-16)
(-74.7994 -184.259 -4.72549e-16)
(1.8523 -41.305 -4.82531e-16)
(-70.1323 -39.5739 2.7717e-14)
(4.95956 -3.77322 1.79301e-14)
(-102.395 361.665 2.28037e-14)
(36.0229 -7.26161 -7.81636e-15)
(79.0838 -12.7832 5.64754e-14)
(111.647 -51.1543 0)
(15.8765 45.1026 -2.88799e-14)
(6.42245 -7.79224 -4.94519e-14)
(14.3452 16.2752 0)
(57.399 -24.3756 1.59192e-14)
(195.993 17.2678 3.00874e-14)
(99.1171 -7.95337 6.26764e-14)
(59.3608 -14.3842 0)
(82.3782 -70.6828 3.09149e-14)
(-128.274 150.221 0)
(189.275 -45.2589 -1.24219e-15)
(102.481 -22.0121 1.92107e-15)
(-80.1411 -7.85741 -2.80852e-14)
(211.46 162.223 0)
(258.364 104.243 1.81285e-14)
(-16.8014 -240.377 0)
(119.394 139.389 -5.25311e-14)
(19.6414 130.029 2.66289e-14)
(108.28 -12.0849 1.60603e-14)
(-4.90677 42.3054 0)
(-213.633 110.604 6.30572e-15)
(-214.133 53.4189 0)
(-72.3969 129.989 -2.27299e-14)
(27.4037 136.951 9.27056e-15)
(74.7145 -105.431 -3.26759e-15)
(130.867 78.6221 -9.04889e-14)
(171.377 24.9947 0)
(402.087 -406.477 -5.27528e-15)
(335.765 318.03 3.62708e-15)
(162.128 -68.6077 0)
(73.1685 114.316 0)
(124.623 -2.55778 0)
(-27.1093 25.7407 3.27344e-14)
(-67.0708 21.8424 0)
(-78.654 54.0203 -2.89392e-14)
(-51.9031 -125.403 1.18211e-14)
(126.173 -19.3207 -9.34523e-15)
(28.0767 73.2703 -3.39595e-15)
(307.512 73.3503 -4.52835e-16)
(448.028 -177.539 6.00831e-17)
(-53.3968 66.2338 0)
(-1.30459 1.16366 5.71263e-14)
(99.921 -107.05 7.345e-15)
(-79.7729 -30.0747 1.20404e-14)
(146.445 209.358 -3.56346e-15)
(52.9937 17.8979 -9.9384e-15)
(8.37285 -151.183 0)
(199.461 133.131 0)
(119.43 120.59 1.69528e-14)
(-114.269 -85.4288 0)
(-124.212 -32.6429 0)
(114.104 -94.3715 -5.69503e-14)
(14.069 -11.2094 0)
(-20.1813 1.30697 -5.76649e-14)
(27.5395 159.499 -2.21895e-14)
(107.455 -21.5762 0)
(-112.604 18.4922 0)
(-244.067 9.75971 3.6632e-14)
(-20.6918 8.69347 0)
(-115.502 -88.4154 -9.71318e-15)
(159.101 134.966 -1.15016e-14)
(28.979 0.903452 0)
(-9.0204 37.2591 3.44209e-14)
(28.8217 49.148 4.4854e-14)
(39.0254 13.9013 2.71433e-15)
(31.1445 -89.9546 -4.07292e-15)
(1.36504 29.7054 -3.48383e-14)
(224.42 -28.2446 3.2985e-15)
(-41.2802 -18.0187 -3.38914e-14)
(-107.238 -98.2117 1.79839e-14)
(239.526 105.688 0)
(152.218 79.5721 -4.38475e-15)
(-19.7591 -37.2158 7.65828e-15)
(-13.3077 -5.36511 2.92972e-14)
(-46.3288 166.567 9.95277e-15)
(-155.267 -127.509 0)
(38.7441 -36.9869 -1.34239e-14)
(121.228 195.268 3.4237e-15)
(196.237 -31.1175 2.58753e-15)
(204.332 148.457 0)
(80.6479 217.291 -2.04909e-15)
(219.254 -86.194 1.58612e-15)
(-57.14 -2.44992 -3.61812e-14)
(198.307 -92.1583 0)
(131.472 27.5029 -6.24711e-16)
(-118.186 -93.4036 4.5492e-15)
(-1.48745 94.9175 -2.29162e-15)
(224.764 13.1318 1.047e-14)
(96.9182 -8.99944 0)
(4.82553 -25.22 0)
(-32.9507 -57.9762 3.54438e-14)
(51.6574 -20.7721 -5.96308e-14)
(148.054 49.9293 -1.00964e-14)
(30.5555 29.7188 -5.48202e-14)
(-204.399 70.4338 0)
(-376.789 17.467 -2.0587e-14)
(-373.096 132.96 3.12452e-15)
(28.3729 34.4302 -1.76675e-14)
(-263.182 41.695 -1.31805e-14)
(155.616 140.113 0)
(-14.0812 12.2726 -9.23687e-14)
(11.7508 -102.389 0)
(-153.501 131.128 7.51083e-15)
(-325.977 9.20732 -9.41883e-15)
(44.286 132.905 -3.42226e-15)
(97.0934 -29.2102 1.95229e-14)
(89.8587 158.112 7.62851e-15)
(12.3111 166.719 5.5689e-14)
(-2.71358 -105.176 3.87692e-15)
(187.731 2.53537 1.98263e-15)
(245.328 -57.4038 -2.60301e-15)
(-143.773 -49.7906 1.2324e-14)
(50.4159 116.16 5.14639e-14)
(61.8592 -106.005 0)
(94.5086 -78.4652 -2.63745e-15)
(-17.9746 6.63619 -5.32324e-14)
(-130.403 -1.23546 -1.73593e-14)
(17.445 2.42736 -3.29315e-14)
(-7.77089 -18.6223 3.27856e-14)
(-313.23 123.797 -2.66585e-15)
(109.524 171.679 1.75395e-14)
(-25.5181 -15.6864 -3.43273e-14)
(8.62432 -0.247998 -4.31504e-16)
(10.9652 -10.2291 0)
(45.5273 -23.5063 -2.16036e-14)
(2.20557 -33.2544 0)
(6.60946 -97.9595 0)
(13.6835 -68.9811 7.79503e-15)
(3.69821 54.0025 0)
(-27.7263 107.926 -2.17071e-14)
(119.183 121.295 3.41566e-15)
(4.50043 -151.126 6.17786e-16)
(-16.8195 46.429 -3.5552e-15)
(156.267 136.542 6.76204e-14)
(-162.935 31.447 2.70676e-14)
(-95.2524 -5.79717 4.66598e-14)
(-39.1903 -151.015 1.79839e-15)
(230.798 86.1749 8.25982e-15)
(-131.306 46.1768 1.88967e-14)
(-190.85 -94.3676 0)
(29.404 9.26416 0)
(-10.2128 -72.1157 2.52903e-14)
(-167.984 -48.4608 -5.67228e-15)
(-68.2921 -103.372 3.6649e-15)
(-61.3772 12.745 3.45133e-16)
(-66.3245 120.447 -2.22861e-15)
(117.674 -40.1047 1.34649e-15)
(-265.158 22.7177 -5.98645e-16)
(147.37 -25.5604 0)
(249.252 -12.2427 0)
(-148.49 81.8983 -1.81756e-15)
(-299.342 213.119 1.45562e-14)
(74.9549 -145.586 1.23403e-15)
(-273.204 -79.4949 -8.96543e-16)
(62.9668 46.3002 -7.41284e-16)
(220.357 -36.3991 1.96369e-14)
(64.0697 -30.3524 4.41272e-14)
(-57.0968 222.185 0)
(-4.30164 -12.5198 -8.07084e-15)
(-20.9314 -101.18 3.01505e-14)
(-28.3412 62.8596 -3.5509e-14)
(15.9026 39.0657 2.74707e-14)
(212.9 21.9748 5.18261e-15)
(-158.996 -20.949 -3.53885e-14)
(-40.0375 11.7405 8.97137e-14)
(-27.6569 67.7102 2.91622e-14)
(-443.209 -4.88398 -2.94087e-17)
(-55.5011 -6.3801 0)
(3.34515 71.7128 3.00378e-16)
(-24.4281 -107.244 0)
(149.134 -31.015 0)
(226.251 -49.1049 0)
(11.3685 57.8321 0)
(-235.612 -84.825 0)
(150.342 52.2735 -2.45428e-14)
(157.24 55.1438 5.73062e-14)
(7.46189 -8.27209 0)
(34.6912 1.0929 3.35954e-14)
(156.565 -17.1766 0)
(137.296 19.6291 -1.29607e-14)
(-131.814 59.1196 -1.41339e-16)
(105.42 6.92704 -3.01033e-14)
(-15.9843 6.59914 1.94971e-14)
(-22.213 -134.612 4.87178e-15)
(116.097 74.9191 -7.81498e-15)
(104.019 79.0083 0)
(-128.895 -10.7522 -3.75172e-15)
(9.68068 14.0544 4.29272e-15)
(-18.3172 117.279 0)
(3.0791 11.149 0)
(25.688 -6.88168 7.3654e-15)
(178.073 118.733 0)
(-0.291145 149.013 0)
(-113.009 -139.488 -1.1703e-14)
(11.8074 -48.5723 -3.07277e-14)
(75.7231 -70.8754 -2.88146e-14)
(52.6782 56.385 -7.34677e-15)
(92.4553 -23.8297 -6.13445e-14)
(112.488 8.62548 0)
(78.4125 -26.2947 0)
(110.82 -153.332 0)
(288.021 152.003 1.24743e-14)
(61.3517 -29.4173 -3.10929e-14)
(82.4601 -19.8498 6.00742e-14)
(-100.411 115.019 -4.31865e-15)
(120.299 -31.5857 5.81264e-15)
(64.6256 -65.71 4.17413e-15)
(-217.767 -49.6172 2.3385e-14)
(-477.252 12.5396 0)
(64.6103 -33.0271 4.87252e-14)
(86.1636 73.5283 -4.39222e-15)
(14.4182 -56.4043 6.57368e-14)
(-115.918 -9.90195 -1.06775e-14)
(-85.9832 72.7046 0)
(60.0759 59.3635 -1.35844e-13)
(0.069073 10.0745 1.67071e-14)
(137.888 152.25 2.62192e-15)
(-231.796 37.2072 -2.22064e-14)
(-62.8118 39.8885 5.32311e-14)
(-14.6811 66.4032 7.52423e-15)
(134.812 24.2983 -3.14439e-14)
(132.038 24.5235 -1.88493e-14)
(1.89392 -4.78118 -3.51368e-14)
(110.292 23.2643 -4.44687e-16)
(116.143 -97.1818 3.09151e-16)
(182.333 81.1937 -1.36499e-14)
(180.986 -3.7028 -4.37619e-15)
(80.3529 237.068 -1.8047e-14)
(-17.7214 -90.7049 7.24919e-15)
(49.6632 36.2371 0)
(83.263 -88.8202 -3.31054e-14)
(11.4015 93.9265 -3.80425e-14)
(-24.92 -164.387 -9.97824e-15)
(123.67 -161.288 0)
(122.024 123.669 8.74563e-16)
(21.9033 -82.8587 0)
(-54.5502 -6.4159 -2.14568e-14)
(13.7397 -18.0574 0)
(465.171 94.6399 -1.07817e-14)
(105.846 85.4728 1.49806e-15)
(-240.813 19.6975 2.35178e-14)
(10.7477 -6.56064 1.84462e-14)
(-111.869 226.732 1.52997e-14)
(-22.6477 -28.1427 0)
(-13.603 22.5089 1.38461e-14)
(-166.651 287.477 -7.48608e-15)
(263.111 25.0778 6.95088e-16)
(370.881 -89.4583 -5.27241e-16)
(70.8692 20.8234 0)
(-329.912 89.6539 -2.01803e-14)
(-21.9199 45.53 -6.47735e-15)
(143.807 8.50805 -2.7791e-14)
(222.503 3.7617 3.12757e-15)
(-13.953 -16.1945 0)
(7.74951 113.326 5.27063e-14)
(107.028 53.235 -4.2855e-14)
(-82.8449 63.0822 -1.55149e-14)
(-195.872 236.298 0)
(-99.7178 34.891 -1.48164e-15)
(327.162 -462.578 0)
(283.394 373.86 0)
(245.33 56.5086 -5.74698e-15)
(57.3899 39.6783 7.794e-15)
(24.488 -14.849 -3.10977e-14)
(206.679 -72.6459 1.39848e-16)
(51.61 -19.9981 2.49305e-14)
(57.6881 -16.9605 -1.07323e-14)
(37.8883 -321.011 -2.84522e-14)
(55.4236 301.121 0)
(66.3559 65.7034 2.68817e-14)
(127.134 72.7512 9.44674e-15)
(21.7862 -0.184939 0)
(69.2782 212.037 9.34112e-15)
(156.256 -165.924 1.41809e-14)
(9.11639 81.8187 -7.27483e-15)
(40.5921 -127.143 0)
(91.354 91.4124 -8.38603e-16)
(-90.1191 -40.7708 6.37218e-15)
(178.914 70.0408 9.99503e-15)
(184.299 26.5614 8.44442e-16)
(283.52 -131.812 -5.87378e-16)
(-204.861 118.592 0)
(-160.951 -29.144 0)
(-74.5318 26.0836 1.41192e-14)
(96.9097 -15.7061 -5.61954e-14)
(14.3562 -83.0702 -1.38864e-14)
(192.611 142.723 1.38947e-14)
(159.056 130.59 -2.34634e-14)
(-123.419 -58.573 -5.75346e-14)
(-5.96026 42.9676 6.11162e-14)
(-140.388 -54.7185 0)
(-344.593 260.54 0)
(42.9072 -103.792 5.5104e-15)
(97.5237 6.25395 2.64571e-14)
(126.8 11.5357 4.76028e-15)
(-25.2496 85.5042 0)
(49.0591 18.7108 4.1071e-14)
(-5.40365 -2.22921 3.16168e-14)
(-230.998 141.229 0)
(38.6275 161.71 -5.56113e-14)
(209.077 53.1232 0)
(53.2173 101.1 0)
(-223.747 71.7904 -3.69891e-15)
(-91.1872 119.198 4.31012e-14)
(26.0088 107.069 0)
(-202.091 126.139 1.98777e-15)
(-139.742 -18.6956 1.527e-14)
(68.7864 43.8114 -1.91708e-14)
(-1.73688 -5.76891 0)
(-370.299 48.2141 8.0076e-17)
(-230.132 -120.829 -4.97674e-17)
(241.941 10.7792 2.39677e-15)
(180.458 32.7387 0)
(119.838 31.8412 -7.22538e-14)
(133.445 10.2526 -1.59678e-14)
(287.67 102.181 9.16756e-16)
(77.9702 156.284 2.29555e-14)
(-198.974 132.13 0)
(-20.835 -16.4249 6.01385e-14)
(135.816 -44.8958 2.9424e-14)
(-11.7514 123.6 -1.27844e-14)
(-24.0393 15.2614 1.0812e-16)
(142.293 105.643 -1.73933e-15)
(43.8254 -136.86 1.38032e-15)
(40.5429 -127.346 -3.82561e-15)
(-204.075 -5.57063 0)
(-117.214 -58.2211 3.19794e-14)
(-77.2845 -56.2304 1.37472e-14)
(-37.7304 -176.312 -5.11784e-15)
(32.9913 47.9356 0)
(40.0364 10.6407 -3.29922e-14)
(21.2278 -166.581 6.33471e-16)
(-13.8291 29.885 6.34009e-14)
(321.55 -61.7183 0)
(-23.3789 -10.4991 -6.93887e-14)
(-246.079 2.05002 0)
(-41.0162 -35.858 1.16973e-14)
(103.87 -163.487 0)
(-129.926 -111.237 -2.40483e-15)
(10.475 -30.0305 0)
(-206.624 -3.6858 0)
(67.1406 60.065 -3.06184e-14)
(-25.6371 48.7599 -6.10755e-14)
(87.561 36.8848 2.4463e-14)
(174.268 74.1517 -2.53707e-15)
(70.3372 -33.3196 -6.30681e-14)
(-280.367 -107.117 4.63166e-15)
(89.161 79.3667 6.35811e-15)
(-39.2442 88.5867 0)
(-52.1617 56.5664 3.33927e-14)
(105.574 -36.8008 4.19371e-14)
(-290.787 -115.307 -2.59557e-15)
(86.1425 -24.6947 0)
(8.55388 55.0018 -2.91773e-14)
(38.8267 46.4241 0)
(92.2639 151.385 0)
(-69.2829 66.68 0)
(27.7567 -259.158 -1.4085e-14)
(-17.6329 16.1632 -3.21739e-14)
(-15.7461 8.19691 1.97616e-15)
(92.5368 2.31506 -4.18043e-14)
(310.718 -37.0447 6.96925e-16)
(468.782 9.76646 -1.08129e-15)
(-322.983 166.436 4.59974e-15)
(-60.3515 290.532 -2.08807e-14)
(243.313 144.465 -3.27883e-14)
(-263.368 -97.989 0)
(-120.666 -140.106 2.70864e-15)
(45.4886 127.903 -2.41175e-15)
(164.575 -76.4021 -5.07318e-15)
(307.493 75.2976 3.57851e-16)
(-171.456 113.101 0)
(-317.878 -132.534 1.48943e-15)
(348.213 198.235 -1.514e-15)
(468.029 -279.92 5.93419e-16)
(-49.1807 -115.22 -1.4744e-14)
(-267.862 84.9182 -4.34685e-14)
(106.911 27.9257 4.914e-14)
(61.7578 -9.40097 0)
(53.0757 39.7401 3.33045e-14)
(-124.406 -70.7964 -2.40458e-15)
(53.3937 224.929 -5.34507e-14)
(-20.0318 113.742 1.0132e-14)
(-228.348 -109.936 0)
(111.164 -18.3512 0)
(180.599 -25.5477 0)
(52.6956 -62.395 0)
(122.394 87.6353 1.62434e-14)
(-156.345 -25.057 -2.28511e-15)
(-0.393061 4.13401 -3.47648e-14)
(-41.5505 -69.455 3.15336e-14)
(114.19 -17.6392 0)
(-12.1719 -98.3228 -2.64985e-14)
(-4.12446 -39.9968 7.8048e-15)
(-231.709 -14.9278 2.91415e-15)
(13.342 -81.4058 0)
(172.377 122.469 3.0905e-14)
(29.4787 57.3108 0)
(436.784 -34.2002 3.49157e-15)
(266.562 7.21462 -2.06609e-15)
(8.23032 89.0765 -1.22939e-15)
(2.88003 -107.323 7.27766e-16)
(-189.337 -56.4279 1.5464e-14)
(268.148 -230.967 1.21146e-14)
(219.525 169.691 -8.17399e-15)
(22.1907 -13.5037 3.58514e-14)
(-53.8034 -11.4932 0)
(-0.740182 -44.0215 -1.44906e-14)
(-30.9122 132.663 -2.41779e-14)
(225.655 217.64 2.18863e-14)
(22.4784 34.404 -2.03979e-14)
(27.0867 82.9022 -1.98419e-14)
(-123.98 30.6054 3.07373e-15)
(-61.4771 65.4502 0)
(146.556 26.0742 0)
(183.53 78.748 2.67616e-14)
(162.574 9.76976 1.11515e-16)
(-229.677 40.1737 3.39504e-14)
(-15.9784 13.9364 3.26913e-14)
(-38.4407 -39.9888 -6.21146e-14)
(52.4083 -71.281 -6.71753e-14)
(129.885 -40.7598 2.7701e-15)
(74.3281 -10.9154 0)
(-14.0333 10.9722 0)
(26.4094 -165.659 -1.78199e-15)
(124.903 33.6705 0)
(1.87341 2.07385 -9.58695e-17)
(128.915 62.4542 -4.12488e-16)
(447.187 -83.9608 -4.81721e-15)
(268.654 42.163 2.98182e-15)
(-149.119 -11.696 0)
(112.162 -141.717 0)
(88.6914 81.1492 0)
(101.724 -95.8388 0)
(-100.61 7.60225 0)
(105.551 -46.8954 -1.52699e-14)
(214.22 -267.633 3.7962e-15)
(180.916 169.227 -1.92445e-15)
(-239.713 -61.4416 -1.39233e-15)
(52.0962 19.7874 -2.72808e-14)
(11.2984 129.424 0)
(33.0967 122.179 5.00293e-14)
(50.8995 74.6944 2.49163e-14)
(51.7894 -448.126 -4.64246e-15)
(64.182 412.066 3.61213e-15)
(16.6873 -40.6068 0)
(-272.003 121.206 -7.26177e-16)
(71.3929 76.8792 3.22038e-14)
(34.2707 -76.4392 -2.89184e-14)
(421.517 -132.219 5.45656e-15)
(314.683 75.0001 -3.03882e-15)
(293.049 41.8638 3.07473e-15)
(381.212 -72.5035 -7.04008e-15)
(-199.183 3.31368 0)
(-28.6393 -164.318 0)
(-142.41 -70.6359 -1.56486e-14)
(79.2014 -82.1204 4.57772e-14)
(147.746 62.3833 -1.19668e-14)
(75.8456 -25.6928 2.15618e-14)
(118.92 51.5657 -4.10487e-15)
(25.1299 -171.361 9.13395e-15)
(-51.6125 12.5916 -6.37725e-14)
(-6.76611 -61.3077 0)
(213.463 -167.147 0)
(-22.6483 -44.2546 -4.10551e-17)
(-38.9339 -35.6934 -3.08921e-15)
(91.0529 -44.0839 0)
(32.6809 152.326 1.29363e-14)
(-99.5926 11.5829 1.07041e-14)
(-41.2005 0.756984 1.4413e-14)
(-35.1234 -37.1234 5.47511e-14)
(73.9029 141.047 2.62426e-14)
(6.19366 -283.107 -2.17446e-14)
(102.593 13.3409 0)
(-48.2972 17.3628 3.21479e-16)
(8.39959 -37.2992 1.61619e-15)
(112.905 -146.142 3.58472e-16)
(124.036 -138.697 5.21771e-15)
(261.495 -72.0843 -1.63977e-15)
(-149.854 -11.7513 0)
(78.7808 6.31881 -2.73162e-14)
(38.0002 -0.844763 0)
(-118.459 -202.298 -2.48414e-14)
(188.532 -97.994 0)
(-53.4581 14.8166 1.64837e-14)
(66.6489 2.39613 1.16084e-13)
(134.001 191.855 -2.95589e-14)
(-3.10586 88.4599 6.73593e-16)
(-157.458 65.1162 -3.34212e-15)
(17.239 11.4833 0)
(-26.2039 -15.0679 0)
(76.3039 -33.784 0)
(-293.559 -42.6468 -4.03507e-15)
(9.66473 170.876 0)
(-36.9013 -89.4699 0)
(-70.8905 59.6316 0)
(-17.1803 -120.226 0)
(130.259 14.2357 0)
(208.055 36.7132 0)
(-138.522 -6.21658 -3.81751e-14)
(58.2959 27.1307 0)
(-30.0238 -30.2922 0)
(-8.70165 172.887 0)
(-523.499 63.3288 6.02041e-16)
(48.853 -30.1539 0)
(28.8995 -26.4137 3.24842e-15)
(162.211 64.1646 -1.88065e-14)
(27.299 -18.6568 0)
(-85.1713 196.166 -2.08707e-14)
(-114.263 177.255 -4.48587e-14)
(-186.91 47.3039 -1.06672e-14)
(-74.4378 52.4003 -3.01024e-14)
(170.591 53.4319 0)
(120.882 -39.9878 6.35884e-14)
(40.1429 -20.0523 5.02194e-15)
(131.063 39.8267 -3.52491e-15)
(-321.397 30.6912 -2.03296e-14)
(-215.339 -65.5042 0)
(12.1806 -168.586 3.27858e-15)
(-92.1948 21.2713 -8.94087e-15)
(49.0586 31.1105 -2.93858e-14)
(109.851 69.9092 0)
(-210.561 75.1533 1.78484e-14)
(9.05521 -132.847 0)
(129.582 -4.18992 0)
(56.7754 -57.4008 2.42434e-14)
(-25.302 -102.925 0)
(55.7811 -100.765 3.2164e-14)
(133.008 203.554 0)
(50.589 -38.9555 -1.4129e-14)
(361.422 -148.807 0)
(278.111 101.565 0)
(-25.9178 71.6338 -2.14098e-14)
(109.569 -11.4861 -3.42244e-14)
(7.04145 -129.301 5.07583e-14)
(176.286 93.0373 -3.86391e-14)
(35.9488 -107.778 2.47362e-15)
(-13.6299 30.3606 0)
(-1.72219 -13.6053 0)
(73.1052 156.405 5.58555e-15)
(-65.7462 148.896 -5.73366e-15)
(99.9164 -61.9951 0)
(-2.77834 -13.1412 3.78528e-15)
(-144.068 -27.2429 -4.28917e-15)
(-34.1865 31.2332 -3.35639e-16)
(13.5712 20.7418 -7.72347e-15)
(-65.1257 -62.3477 -3.12248e-14)
(-1.38542 -42.0233 -5.94949e-14)
(22.0156 53.0001 -5.04673e-16)
(-5.6661 229.911 0)
(75.0423 47.9257 2.91516e-14)
(-55.9982 144.34 -4.31494e-14)
(6.04034 96.0917 2.43616e-14)
(-6.8763 46.2334 1.4145e-14)
(-208.993 33.4662 -2.41134e-16)
(-86.9954 116.141 0)
(-23.6132 -18.9013 0)
(57.1325 65.034 0)
(86.7398 77.4591 -5.53338e-15)
(136.751 46.8766 0)
(-345.128 -64.6439 -1.98369e-15)
(11.8904 -30.8014 -3.12942e-14)
(-97.2479 -127.613 0)
(-174.361 -175.075 -3.05295e-15)
(-141.69 143.462 2.37451e-15)
(-2.29831 -63.2994 5.14347e-14)
(6.26338 122.667 6.62376e-15)
(99.2646 -74.626 3.05016e-14)
(90.445 107.375 0)
(49.9111 160.19 0)
(28.8293 41.1159 6.72125e-14)
(82.0117 84.9286 -4.33549e-14)
(21.9872 123.806 0)
(48.9025 117.21 0)
(-170.007 0.357597 -4.18675e-15)
(140.707 20.0641 -4.45662e-14)
(-201.447 90.5241 2.2103e-14)
(140.031 19.0663 -3.15629e-14)
(47.9397 -1.89927 -4.76719e-15)
(58.5543 -59.8698 0)
(-34.4335 85.659 5.26141e-14)
(-44.4005 159.034 -7.9823e-14)
(177.967 180.229 -9.58596e-15)
(81.4418 113.489 -1.69231e-14)
(18.8586 -234.276 0)
(5.90358 171.398 0)
(50.9986 43.8738 -2.98344e-14)
(226.878 -252.435 0)
(178.257 165.894 0)
(-75.7651 -20.7553 0)
(13.2383 33.3171 2.91671e-14)
(-239.604 -48.7227 0)
(5.99389 -50.6954 0)
(17.2221 -36.4638 0)
(-263.796 73.3372 -9.34519e-15)
(-60.4295 72.7738 0)
(-15.909 43.0502 0)
(-26.268 -165.681 0)
(-16.359 121.687 2.62306e-14)
(31.2232 -13.8829 -1.48384e-14)
(182.284 250.198 7.32103e-15)
(211.974 -303.961 -1.14032e-14)
(98.3516 85.9717 -5.36064e-14)
(179.665 60.9706 -5.36475e-14)
(54.7849 43.2104 0)
(143.032 -16.6486 2.85958e-14)
(113.254 8.34088 -2.66329e-14)
(216.316 -5.31501 0)
(-33.7311 13.1187 0)
(-98.4824 -116.48 0)
(70.8896 -91.7712 -2.95901e-14)
(-103.517 6.05716 2.89852e-15)
(-127.989 -170.13 -1.98571e-15)
(-63.0733 75.3668 1.39037e-15)
(186.273 -53.377 7.22031e-15)
(38.7046 -18.8093 0)
(-56.381 -126.685 1.2531e-14)
(-27.5461 39.3173 2.4601e-14)
(-46.2205 -42.8539 2.1957e-14)
(36.5827 -149.102 -4.50984e-15)
(63.001 79.3593 -5.27806e-14)
(-27.2889 43.6605 7.03978e-14)
(-180.855 -34.7438 3.78346e-15)
(74.9017 37.3293 -1.3198e-14)
(207.474 133.562 -2.93673e-14)
(31.3205 29.5215 -7.55163e-14)
(-83.2301 99.3269 0)
(-203.836 -126.947 -3.47609e-15)
(460.997 -212.394 -3.40271e-15)
(353.693 140.057 1.87788e-15)
(-64.8162 -25.5245 0)
(-16.833 73.6132 5.57944e-14)
(-33.826 24.6229 2.54654e-14)
(-136.404 -19.9705 0)
(109.513 151.661 6.11262e-15)
(-16.7876 -133.224 0)
(-643.331 -148.446 -3.94734e-17)
(30.0587 -89.5292 -6.40348e-14)
(-44.8777 5.00463 -2.01004e-14)
(134.329 -58.6686 -3.38995e-16)
(386.326 -135.996 -3.49197e-16)
(268.762 79.6081 -8.12078e-16)
(-153.958 -110.193 -1.64305e-15)
(-58.603 -37.5958 0)
(-55.4402 -33.9631 -1.30053e-14)
(18.8953 -4.32589 -1.59775e-14)
(275.4 -163.492 -4.79743e-15)
(99.8711 -23.8957 -5.55123e-16)
(185.447 18.2669 -4.1584e-16)
(38.9698 141.553 9.7511e-16)
(-141.691 -163.321 0)
(227.821 2.09296 -3.97011e-15)
(152.833 22.5426 0)
(-5.50871 -59.1595 0)
(95.9552 -8.79728 -3.04162e-14)
(106.356 0.275218 2.87004e-14)
(82.4397 -5.54298 -2.83539e-14)
(38.5239 59.961 4.06333e-14)
(58.1693 2.56844 0)
(25.9561 109.514 3.077e-14)
(-274.321 63.9485 -4.87935e-15)
(178.949 -264.844 0)
(33.3728 40.6089 -5.25374e-17)
(-5.64648 -12.7107 -1.99695e-14)
(15.9671 143.276 -4.81716e-15)
(-485.36 -107.04 0)
(-83.0204 -19.9097 3.30747e-15)
(-43.5343 -15.6371 -2.34097e-15)
(-63.5465 12.466 -1.51675e-14)
(185.744 181.294 0)
(-86.7887 33.5599 2.33682e-14)
(-89.7691 32.1113 -2.08593e-14)
(101.091 96.5105 -5.20523e-15)
(45.0035 66.0093 6.48325e-14)
(181.533 -169.989 7.97796e-15)
(60.3351 -23.9284 -2.98597e-14)
(-153.822 -110.153 2.89611e-15)
(-15.6585 77.1334 -1.75259e-15)
(-127.629 -157.358 1.87799e-15)
(-133.842 -55.6863 2.52145e-14)
(-5.50263 54.4192 -4.62213e-14)
(-436.713 29.8955 1.04104e-15)
(9.99237 -30.2428 8.80722e-18)
(-38.9444 -51.7454 1.20618e-14)
(231.093 46.9926 2.51851e-14)
(91.2176 6.82788 -2.81976e-14)
(-13.1357 -61.7419 5.40841e-14)
(-154.804 -93.1943 -3.13701e-15)
(57.1117 3.27697 1.44915e-14)
(-198.801 -26.0475 5.84658e-15)
(-89.8239 -7.21991 -1.54709e-14)
(100.297 330.03 4.09317e-15)
(176.422 16.3756 0)
(78.0897 -26.1147 -5.33525e-14)
(84.6608 57.0245 -9.50798e-15)
(-72.5207 122.982 1.92281e-15)
(-192.864 -175.312 -3.78061e-15)
(-10.5236 -12.8826 3.0361e-14)
(52.2066 83.1072 0)
(84.6842 61.8061 0)
(-13.6083 7.75541 -5.29681e-14)
(-239.986 -120.898 0)
(-296.949 -64.3657 2.21522e-14)
(65.1057 102.404 6.49565e-15)
(70.877 -146.97 -6.0854e-16)
(-90.9557 116.026 -7.43494e-15)
(-121.998 -133.141 1.85064e-14)
(-88.2213 48.8358 0)
(62.4894 209.442 3.22628e-15)
(7.59997 -28.0605 -3.56026e-14)
(69.6899 -108.517 0)
(7.5011 -52.2551 -3.08918e-14)
(-64.5642 -34.8185 -3.86434e-15)
(-320.229 276.695 0)
(129.583 4.62035 0)
(124.433 -55.2349 1.00463e-14)
(46.38 27.5176 2.26492e-14)
(46.6476 -72.766 6.81138e-16)
(-60.4051 85.6521 0)
(-76.2832 -129.17 6.16969e-15)
(14.0199 -76.6983 -4.23608e-14)
(223.878 -293.301 -5.98735e-15)
(205.985 258.519 4.4842e-15)
(66.7353 19.6134 -6.98574e-17)
(-157.347 -20.9365 -1.23159e-15)
(-57.1074 -8.55621 1.50982e-15)
(-40.9851 -74.502 0)
(-68.1475 -20.1099 0)
(-9.10214 129.1 -3.12031e-14)
(10.5361 -31.3596 3.3023e-14)
(-92.6009 -44.528 -2.4746e-14)
(7.94319 -50.3399 6.37782e-15)
(26.565 34.2421 1.23165e-14)
(11.3292 22.5832 0)
(-1.33983 -6.87447 -1.94034e-15)
(-80.0054 140.501 8.19349e-15)
(192.969 -96.1711 1.01473e-14)
(177.292 66.3129 0)
(-145.433 30.4164 -2.23966e-15)
(-83.2352 -50.7531 -1.5709e-15)
(18.7297 -2.03196 7.81962e-14)
(-18.2517 0.503994 6.65772e-15)
(-171.758 23.7905 -1.92039e-15)
(-343.217 -1.46464 2.16218e-15)
(81.7975 -61.4555 -1.56274e-14)
(158.633 12.5653 1.52139e-14)
(7.66211 -30.5491 -3.56895e-14)
(-222.556 -5.84316 -3.60674e-16)
(-159.909 2.93755 2.21985e-16)
(9.36108 59.6722 0)
(-72.34 -84.7842 0)
(-120.437 125.671 -1.9778e-14)
(221.739 2.10426 -5.32476e-14)
(-107.368 -34.2448 0)
(-77.0284 27.0028 2.81992e-14)
(9.94961 -7.02881 3.70737e-14)
(-101.85 -69.5035 -2.49285e-14)
(-6.30513 61.5069 -1.30694e-14)
(-184.967 -58.368 0)
(-17.7447 -7.80876 -3.57157e-14)
(-72.4428 15.2136 0)
(56.0279 38.682 -2.32539e-14)
(-87.5746 11.739 -2.63453e-14)
(98.0739 -42.2305 -6.42956e-15)
(3.3503 -57.4918 0)
(-48.2993 -24.3511 0)
(-9.30079 -2.93955 0)
(-117.642 -133.312 -2.64106e-15)
(-10.5086 -80.3836 0)
(20.7596 229.082 -3.78942e-16)
(-58.0096 -8.45134 1.52627e-14)
(-40.9759 -18.3668 7.34112e-15)
(-83.0087 58.1032 1.00472e-14)
(267.786 190.81 1.10613e-14)
(-79.4899 -175.695 0)
(-0.0948669 -153.35 0)
(53.6644 49.0632 2.72771e-16)
(-22.4236 -10.9288 -2.1552e-14)
(-103.536 -65.7157 3.1387e-15)
(-170.18 -13.2144 0)
(-97.6746 -47.3938 2.99933e-14)
(-48.2938 -4.66056 0)
(201.88 -8.7049 3.09366e-15)
(-176.747 -93.2978 0)
(60.3423 -77.733 -9.25095e-15)
(-17.0195 -13.707 7.45171e-14)
(-0.162623 -80.8018 -1.35169e-14)
(-151.421 33.7102 -2.7896e-14)
(48.0977 0.383897 0)
(-26.1469 -39.8727 0)
(-159.057 135.927 0)
(-193.367 -111.82 -1.15352e-15)
(-57.6971 -13.8516 8.13644e-16)
(-147.252 74.8072 -5.5912e-14)
(94.4259 -172.466 2.20459e-15)
(79.4305 117.986 -1.49458e-15)
(-123.983 -198.093 0)
(14.9695 49.2001 -2.24607e-14)
(-353.895 -158.217 3.29618e-15)
(-193.983 -22.446 0)
(-203.858 -77.8101 0)
(-204.316 25.8922 2.47971e-14)
(58.5988 26.8357 2.51303e-14)
(65.4276 -5.06397 -3.35267e-14)
(94.405 -55.9092 8.56114e-15)
(15.6388 128.414 9.30907e-15)
(120.688 61.6385 6.05025e-14)
(28.7711 -134.28 -7.09016e-16)
(42.4291 41.3754 4.00799e-16)
(-129.462 48.0373 -1.6895e-14)
(1.5463 8.06136 2.57381e-14)
(-80.1905 -74.9341 0)
(70.7378 -138.439 1.45935e-14)
(26.9835 -24.6699 3.05474e-14)
(-443.783 -12.7534 2.00368e-15)
(-393.886 -38.0091 0)
(-239.635 -144.708 -2.50974e-15)
(-166.781 -30.8126 0)
(-205.71 -147.094 0)
(-25.4946 0.0845695 -2.63182e-14)
(-106.219 220.032 -1.3668e-14)
(-86.9558 75.8288 2.31192e-14)
(145.073 133.867 0)
(-91.6567 6.12111 0)
(128.278 12.3915 2.0137e-14)
(-30.8487 -38.3759 -9.04992e-15)
(-111.122 -42.0731 1.35696e-14)
(-58.2505 62.9921 0)
(-141.851 -148.803 0)
(-80.5204 22.4093 7.62645e-15)
(-196.087 30.818 6.18248e-17)
(1.24362 43.6222 0)
(-60.442 -72.1242 -1.58542e-15)
(51.4708 -79.085 1.66953e-15)
(-4.21138 5.40966 1.15222e-14)
(-35.1579 -88.0121 -8.54237e-16)
(49.0906 59.6003 8.15596e-16)
(-210.76 87.4144 0)
(-63.1272 127.829 -1.38335e-14)
(51.1612 -22.3595 -5.61144e-14)
(52.3706 18.4489 3.12047e-14)
(8.45492 -64.8532 3.23498e-14)
(-6.36528 -45.9475 0)
(-120.585 -88.2718 4.07701e-15)
(-175.319 -165.388 -1.24718e-15)
(-263.067 -125.935 -1.81107e-14)
(-208.797 85.9717 -7.7591e-15)
(114.536 43.9214 -2.23897e-14)
(-169.256 -26.6069 0)
(89.3682 11.8688 0)
(-66.9276 1.40971 3.40595e-14)
(26.5621 13.5343 -6.67142e-14)
(-190.558 -16.4267 4.45245e-15)
(-25.277 45.1062 -7.67328e-15)
(-6.49896 57.9709 2.13642e-14)
(220.253 58.2361 0)
(250.986 70.4214 2.4159e-15)
(-169.494 -74.5585 0)
(-29.2554 -36.8304 0)
(-110.759 17.8442 -1.29015e-14)
(-277.654 2.20724 -3.4755e-14)
(42.2652 37.8284 -1.69327e-14)
(110.618 18.4694 0)
(-37.8979 14.3015 6.47335e-15)
(97.8395 -64.7249 1.65013e-14)
(-333.361 -114.651 -8.5542e-15)
(-243.903 -206.693 -1.79849e-15)
(-151.055 43.4383 -2.27308e-15)
(-161.72 -81.3251 0)
(-209.36 -47.6188 0)
(260.53 175.547 -1.11775e-14)
(153.283 90.6308 5.53986e-15)
(26.4757 107.341 -1.17828e-14)
(-143.184 -32.4032 8.22211e-16)
(-62.0599 11.7105 -8.28231e-16)
(118.763 4.25059 0)
(-87.4477 -96.0332 6.51982e-15)
(25.3194 41.1825 -6.05023e-15)
(39.7284 27.7856 -1.75441e-14)
(285.934 174.325 2.07479e-14)
(10.4748 79.1417 -1.60333e-15)
(-270.477 -99.2138 -3.24778e-15)
(-102.663 128.571 2.3343e-14)
(-36.6278 -11.5719 -1.9166e-14)
(-99.0686 124.599 -6.58345e-15)
(45.1399 -43.5966 -5.23811e-14)
(-150.465 -131.632 2.61809e-15)
(-86.8294 30.1043 -1.75446e-15)
(-73.348 -81.654 0)
(-79.0581 -109.28 1.59745e-14)
(81.7762 27.6723 1.52115e-14)
(-112.223 -13.3861 4.99846e-14)
(61.534 -33.1589 3.60009e-15)
(-186.514 6.98941 2.04588e-14)
(27.7491 7.81464 -3.47368e-14)
(-113.113 -42.9838 1.96731e-14)
(90.1033 -13.1544 5.78152e-16)
(8.22362 -6.841 0)
(267.188 74.002 1.9265e-14)
(-7.12445 -12.5747 -1.55327e-14)
(-74.3301 -174.708 -1.44437e-15)
(50.8253 60.2608 2.39754e-15)
(52.9454 -113.909 -1.01727e-14)
(122.775 106.358 -1.98177e-14)
(-205.447 -65.6806 0)
(-536.052 -32.6379 -2.94653e-15)
(-193.132 -62.0271 -1.01511e-15)
(-64.4544 182.85 -1.3072e-14)
(-132.885 -247.779 1.6896e-14)
(307.653 118.148 3.36151e-14)
(16.0807 -21.8549 3.75932e-14)
(60.3742 3.44697 3.077e-14)
(-58.9994 2.36857 1.18481e-14)
(-111.073 -29.4513 -1.63384e-14)
(37.0434 -61.3766 -2.87079e-14)
(16.0072 14.8715 -6.73992e-14)
(-278.557 35.8894 7.22961e-16)
(-148.452 -26.291 0)
(-159.786 150.826 -2.18701e-14)
(-34.5622 19.2641 2.74832e-14)
(-71.3898 -81.1434 -4.67204e-14)
(119.607 169.407 -1.15769e-14)
(-50.6866 159.85 0)
(-146.926 -166.564 0)
(56.3879 -6.32329 1.37608e-16)
(-144.83 37.9305 1.18073e-14)
(-106.221 126.644 9.69475e-15)
(-132.291 -78.4917 0)
(113.092 27.3418 -7.42726e-14)
(-66.7185 40.0068 0)
(-61.5794 17.4024 1.34132e-14)
(58.5111 8.4139 0)
(-147.705 -16.4809 -3.81657e-14)
(-235.414 63.3923 2.77758e-14)
(-2.0518 15.4344 -3.93317e-15)
(-74.1023 -63.8611 2.00229e-15)
(80.7344 -16.7547 0)
(-7.5247 -75.275 0)
(-76.3936 81.4288 0)
(-106.544 -23.6298 -2.04287e-14)
(11.9564 19.8817 1.66786e-14)
(-283.893 -159.961 0)
(-231.575 -18.1259 -4.08366e-16)
(-192.475 -232.822 0)
(-63.8339 18.4176 2.39698e-16)
(-152.995 -64.5916 1.12106e-14)
(-4.97106 -21.3498 -8.15699e-15)
(-5.70544 0.840327 0)
(82.0474 -13.3846 -1.48937e-14)
(-143.538 11.1936 3.72765e-14)
(-237.365 15.5288 -8.74093e-15)
(-203.615 -57.2643 0)
(-98.5538 -27.0246 -4.62264e-14)
(80.6689 14.478 8.08122e-15)
(-106.746 12.1471 7.07605e-15)
(57.7684 -119.528 0)
(42.1003 -44.5929 -3.00291e-15)
(96.1414 30.8751 6.10178e-14)
(152.122 -48.2346 1.5221e-14)
(94.5097 -44.4495 1.7424e-14)
(-294.392 -75.9853 1.54845e-14)
(-258.431 -21.2557 0)
(-164.274 -94.7292 0)
(-30.8274 -51.9701 5.51496e-14)
(-108.605 21.946 1.81395e-14)
(160.273 44.9061 0)
(-465.161 -16.5167 -7.19577e-16)
(-265.271 220.712 0)
(140.013 57.1375 3.55567e-15)
(-28.1042 -56.1812 -3.00096e-14)
(-12.7192 -11.224 6.24091e-14)
(145.996 -47.5708 0)
(-61.5159 -31.0039 0)
(-65.8148 25.4314 8.91996e-15)
(146.233 -299.891 0)
(151.96 254.617 0)
(-79.0327 -163.615 -8.28011e-16)
(-20.7513 96.3394 -1.22952e-15)
(-15.218 -130.152 1.1456e-16)
(116.295 19.5493 1.58669e-14)
(-111.368 -19.5914 0)
(-169.784 -10.338 0)
(-217.462 84.1269 3.6003e-14)
(67.6294 -28.5181 -4.03194e-15)
(116.17 47.8022 -3.10288e-14)
(66.9039 -43.2361 5.76632e-14)
(98.5644 -18.7685 -3.3709e-14)
(-102.382 -122.968 3.43304e-15)
(-66.5775 40.8913 2.32737e-15)
(-30.7515 115.216 -1.38837e-15)
(-78.1525 -196.802 1.88174e-15)
(-224.242 -122.594 3.59684e-16)
(-152.414 57.2407 -2.33877e-16)
(-147.058 -175.239 0)
(-56.0194 78.1744 0)
(-60.513 64.4298 2.31459e-15)
(81.674 -139.588 -1.77028e-15)
(7.8264 -134.782 -9.39899e-15)
(80.8272 3.85042 6.72137e-15)
(110.036 -13.2038 2.55655e-14)
(64.357 4.35029 0)
(22.088 -4.32552 -8.17212e-15)
(-40.2321 -64.2182 -8.7143e-16)
(-100.982 -28.5352 3.1008e-15)
(85.7339 -15.6342 0)
(132.38 57.7811 0)
(-167.159 -92.4591 1.23073e-14)
(45.888 -39.8511 -3.26575e-14)
(-10.3932 5.16142 0)
(-165.373 92.3194 2.6493e-14)
(-249.92 161.974 -2.26164e-14)
(-362.538 -98.5319 1.46698e-15)
(59.4498 154.237 -9.16998e-15)
(-22.8434 -121.091 -5.23232e-15)
(-12.2115 76.7783 3.36064e-15)
(49.4872 34.4888 3.55646e-14)
(62.0825 28.0131 -3.1992e-14)
(388.879 -159.5 0)
(305.159 114.155 0)
(307.671 21.2657 0)
(-137.506 -35.816 0)
(-44.4412 -19.3068 0)
(159.191 -12.5087 2.83115e-14)
(-430.11 -26.4812 0)
(6.36524 -172.483 3.51155e-15)
(-50.0115 33.1466 -1.25949e-15)
(-69.0356 -84.3958 1.96951e-15)
(76.5926 -202.172 2.06463e-15)
(66.0458 101.646 -1.47229e-15)
(-38.9413 31.539 1.43515e-14)
(-108.47 -63.5446 -1.06753e-14)
(-109.628 -19.1311 -4.54818e-15)
(-48.23 -143.733 0)
(16.1828 106.767 5.54338e-15)
(-117.511 107.975 1.50453e-14)
(-192.666 -31.521 0)
(143.387 -32.6219 0)
(-161.528 135.753 3.59239e-14)
(-59.0201 33.2172 2.1288e-14)
(-141.807 -21.4671 -2.7072e-14)
(-141.997 -3.29142 2.5536e-15)
(-59.9656 -52.6984 0)
(-174.006 202.055 9.79161e-15)
(446.4 -171.922 4.81834e-17)
(313.222 118.204 6.17956e-16)
(-82.1986 86.4455 1.50545e-14)
(-19.4185 113.634 0)
(-283.058 -36.2669 -5.8709e-17)
(16.6454 45.812 -3.32039e-14)
(7.3505 -37.5158 -1.56927e-14)
(-121.79 -175.964 -1.64361e-14)
(-47.1707 128.379 -1.0231e-14)
(-41.4067 77.0321 -3.35695e-15)
(-448.244 80.2164 0)
(150.659 -116.409 -6.40069e-15)
(-229.981 -62.9037 2.91633e-15)
(131.304 1.75056 4.71139e-14)
(-31.994 -18.519 0)
(-79.6038 18.2202 -3.16762e-14)
(-16.0678 -126.533 3.15485e-14)
(-291.521 42.0499 0)
(-293.752 67.1802 -3.03913e-14)
(92.3112 130.785 4.72154e-14)
(211.452 97.9533 -1.43766e-14)
(62.0145 -141.556 0)
(132.832 39.6797 0)
(-272.827 -75.378 2.29105e-14)
(-40.0321 101.206 -1.48946e-16)
(5.51211 -12.6499 1.17164e-14)
(9.75274 11.4471 -1.1547e-14)
(41.9637 -7.80325 2.71377e-14)
(103.029 40.9339 0)
(319.915 180.297 1.64242e-14)
(260.758 -64.8485 -4.24123e-15)
(13.5006 62.4843 1.01965e-14)
(-34.3776 -136.196 6.53984e-15)
(-186.606 -41.1179 4.83136e-15)
(-180.563 7.32383 -3.88438e-16)
(72.3835 14.4462 0)
(146.221 -24.2284 2.16525e-14)
(237.707 57.9941 -1.74289e-14)
(70.236 9.97014 0)
(-27.5208 1.77317 0)
(-1.44089 -31.4096 0)
(19.7494 -104.86 -1.6433e-14)
(-34.3351 -23.6963 3.00868e-14)
(-298.166 11.7637 -2.72023e-14)
(22.2824 -46.8775 1.81819e-14)
(141.402 -153.195 8.30222e-15)
(274.404 -43.4083 -3.7668e-14)
(-4.73369 -11.4164 -8.89515e-15)
(8.88935 -1.89403 -3.23187e-14)
(-123.001 -97.8771 0)
(-38.4835 -19.8139 0)
(401.45 59.9389 -1.34351e-15)
(241.692 -43.7947 -1.05554e-15)
(108.652 45.5817 0)
(-35.0613 39.6375 1.04257e-14)
(44.0663 -46.894 -2.65797e-14)
(-33.2775 6.9204 -7.62888e-15)
(-101.467 -42.8221 0)
(61.6082 17.5936 4.17794e-15)
(68.7848 73.355 -1.43443e-14)
(65.8793 79.2259 -7.73258e-15)
(129.658 -57.4574 -4.13784e-14)
(369.545 47.5055 3.28014e-15)
(208.467 -36.1894 0)
(-39.6095 -103.621 6.23629e-15)
(-485.55 -43.1007 -6.35696e-16)
(-155.879 50.9537 1.97333e-16)
(-14.7734 -11.7109 -3.54897e-14)
(-7.14792 10.0294 3.62542e-14)
(77.062 -163.938 0)
(24.5093 -11.9766 0)
(-62.3304 -64.727 0)
(17.0724 -8.5274 4.43986e-14)
(-250.544 4.70973 1.3269e-14)
(-78.8642 -34.8568 8.15037e-15)
(164.614 -111.869 1.50878e-14)
(-195.324 118.97 -1.91746e-14)
(-50.4984 -87.4306 -9.14317e-15)
(-148.756 54.1354 0)
(2.62573 -5.0589 0)
(15.6831 -3.83943 1.22419e-14)
(10.5405 -14.8389 -1.88102e-14)
(-4.29875 9.05163 0)
(71.2318 -13.2653 4.93435e-15)
(152.443 96.7785 -1.22086e-14)
(-201.835 -80.0036 2.38839e-14)
(-195.393 87.3457 -2.37896e-14)
(85.8927 107.428 0)
(102.535 -147.716 0)
(29.0264 -18.1903 -4.00332e-14)
(-225.356 -96.4447 0)
(-223.558 155.54 4.14908e-16)
(-60.9423 -28.2178 3.14687e-14)
(-122.086 42.9258 4.9788e-15)
(-53.1955 -33.6187 0)
(-128.743 -177.972 -3.00618e-15)
(-127.531 -54.9117 -4.6361e-15)
(-374.959 -25.3205 -2.95888e-15)
(-6.16901 -5.09943 2.45592e-15)
(86.1194 -79.1575 1.46666e-14)
(269.435 -1.68416 0)
(-158.017 238.852 8.37914e-15)
(-199.794 142.821 2.30952e-14)
(98.7763 -275.498 1.80249e-14)
(127.818 295.685 0)
(198.266 23.249 0)
(-36.6252 263.082 -1.27748e-14)
(9.71013 -4.51937 7.28051e-17)
(-1.26635 6.81954 2.5355e-14)
(4.29641 -60.0457 -5.83738e-16)
(-192.507 79.0808 -2.98294e-14)
(-95.8808 -46.2795 -5.73019e-15)
(138.027 130.308 -1.53802e-14)
(353.47 -258.355 2.50366e-15)
(268.584 158.592 -1.52385e-15)
(-45.4653 -8.14497 -3.43721e-14)
(0.414047 -9.79587 -1.41546e-16)
(-23.0046 67.8305 0)
(-90.289 41.2135 0)
(28.3906 110.164 1.87586e-14)
(-78.2362 -164.819 0)
(-55.0909 22.0881 1.89242e-14)
(-93.0828 -39.0301 -3.65083e-14)
(-96.4722 -46.8008 1.77812e-14)
(86.473 42.5495 -2.39538e-14)
(-198.352 94.7435 7.48689e-15)
(-238.135 -116.713 0)
(-80.0361 97.6687 0)
(-77.2069 72.4323 -7.05748e-15)
(-235.111 -123.01 0)
(-266.636 134.274 6.80542e-15)
(-49.0564 97.3114 0)
(-42.7235 -69.485 2.76533e-14)
(-333.081 -49.7861 2.50559e-15)
(-363.921 -36.1665 3.05942e-15)
(81.9537 -26.977 3.25057e-14)
(-11.4597 0.0154939 8.3982e-15)
(93.5702 57.6387 0)
(-7.24544 -23.1047 0)
(3.46436 -0.0209096 -2.51061e-14)
(-17.0189 -27.0604 -5.10843e-14)
(-187.791 49.4262 2.42357e-14)
(21.7371 168.142 0)
(-36.2907 129.714 -5.19572e-14)
(44.4207 152.789 -1.22788e-14)
(-295.72 -7.1528 -1.51257e-14)
(-176.745 40.5798 9.95403e-17)
(92.3279 -287.539 0)
(-131.97 -23.3814 4.20809e-14)
(10.9981 150.406 1.59184e-14)
(-55.9369 -73.2188 2.99329e-14)
(-344.624 9.15202 4.05583e-15)
(-330.082 27.0339 0)
(-39.6271 -35.9431 5.62536e-14)
(35.6016 -107.924 0)
(9.27215 -117.65 -7.56684e-15)
(-0.666352 -32.7486 1.69164e-14)
(64.6231 -28.2631 -2.79736e-14)
(24.1506 -14.3434 0)
(8.54051 -18.223 0)
(-137.334 -34.9084 -2.4041e-14)
(-110.864 43.108 4.18683e-15)
(-139.376 -50.8219 -2.65223e-15)
(35.1862 56.0624 0)
(-6.92675 -37.2663 1.55354e-14)
(-19.571 -1.18762 0)
(31.7358 -45.6053 -9.16173e-15)
(56.1341 -43.4092 5.54212e-15)
(-51.4984 71.6746 -6.71847e-15)
(-393.891 -79.0045 0)
(121.343 110.646 -7.21691e-15)
(264.789 49.3335 5.60004e-16)
(367.655 -80.8541 9.08276e-16)
(5.82697 -40.9752 -8.17468e-15)
(136.975 -13.408 7.62989e-15)
(32.0954 -26.4254 -6.7238e-16)
(-96.3535 47.0458 0)
(-42.8391 -105.318 0)
(-5.82988 -37.8554 -1.42975e-14)
(346.516 199.993 0)
(440.047 -267.122 0)
(46.5021 -44.3095 -5.31763e-15)
(165.451 -108.121 -5.9083e-15)
(-487.329 -133.048 2.13838e-15)
(-175.86 27.7022 0)
(-174.734 26.4254 8.81886e-16)
(-312.157 -67.0654 0)
(51.6075 -15.4352 2.44731e-15)
(-11.2721 -43.4373 -2.15222e-15)
(-473.283 -51.4775 3.5378e-15)
(11.5751 -3.83119 0)
(-30.8183 -23.4216 6.54446e-14)
(30.7932 -76.2564 -1.66611e-14)
(34.6693 4.1248 1.69074e-14)
(-244.951 0.386942 0)
(43.5737 -67.1171 -3.82035e-14)
(-182.875 -136.203 0)
(54.809 -80.9763 0)
(-153.797 -21.7745 0)
(-313.607 88.7865 0)
(24.3043 5.09098 -3.81362e-14)
(163.116 -261.485 -1.74841e-14)
(146.113 221.493 1.2469e-14)
(-256.631 26.9234 1.25629e-14)
(74.0209 160.675 6.62457e-15)
(-110.444 15.0775 3.28273e-15)
(-94.0823 11.4486 -3.03734e-14)
(-228.935 32.0768 6.38667e-15)
(-142.772 129.633 0)
(-211.174 -23.2806 2.02505e-15)
(-122.197 -65.7907 -2.55844e-14)
(-136.163 -77.2997 0)
(-290.241 -38.4939 0)
(-709.393 -60.7018 0)
(-1.0518 54.4031 0)
(29.9818 7.95356 -4.02767e-14)
(144.167 -146.152 1.00516e-14)
(13.9384 22.0735 0)
(-4.30185 107.36 0)
(-80.7779 19.37 0)
(-28.0138 -35.0021 3.64931e-14)
(-449.14 -10.9038 -1.19643e-15)
(48.0841 124.346 4.13015e-15)
(-138.729 -328.628 0)
(97.4582 -4.39021 0)
(-234.55 173.702 1.22037e-14)
(-117.712 -247.129 3.18636e-15)
(-210.043 -4.78227 -5.79181e-14)
(-19.2317 -72.5311 1.55775e-14)
(-370.033 92.412 -7.47205e-15)
(161.334 5.59746 -5.12462e-15)
(162.886 -1.93317 -4.77011e-15)
(-76.9495 -82.5566 1.63264e-14)
(15.5398 -56.0147 -9.05739e-16)
(14.5486 -35.6033 8.05273e-16)
(-262.155 -153.556 0)
(-42.0279 36.7251 -3.7781e-14)
(-40.8366 -6.92579 2.78665e-14)
(-285.275 -75.2057 5.11917e-15)
(-300.072 -101.741 2.62695e-15)
(125.562 245.797 -8.102e-15)
(128.052 -293.085 1.13597e-14)
(-553.07 -21.5931 -5.546e-15)
(1.86995 14.2133 4.94152e-15)
(170.962 364.849 -5.74862e-15)
(188.566 -418.187 7.36159e-15)
(-35.1704 -70.5046 1.51761e-15)
(-479.242 -96.9916 8.0677e-15)
(-138.512 112.35 0)
(-97.3311 -4.2959 6.80735e-15)
(277.331 407.781 3.5493e-14)
(-38.3607 -86.5162 0)
(-134.38 29.5556 0)
(-75.8213 -63.5065 1.78004e-14)
(-2.72868 -141.329 -9.85009e-16)
(9.48905 76.2977 0)
(-590.203 53.7962 1.53438e-15)
(-74.0047 -14.1512 1.43648e-14)
(181.552 21.1744 3.81276e-14)
(-253.695 28.3522 0)
(-26.6055 108.15 -2.24061e-14)
(13.6155 -0.0738176 -4.25529e-14)
(-67.1352 41.8297 -1.45161e-14)
(-9.25379 166.825 -6.64811e-15)
(87.4403 7.999 -7.43361e-14)
(-183.062 -59.4007 2.32568e-15)
(-219.936 178.924 -2.44161e-15)
(-84.8793 46.565 -9.387e-15)
(130.104 -4.85108 -1.02091e-15)
(-12.3821 44.0404 2.05183e-14)
(-132.312 -19.9745 2.06359e-14)
(72.2917 -48.373 0)
(63.9336 -6.48311 0)
(-12.2643 7.90415 4.95613e-14)
(31.4796 14.865 -8.09455e-15)
(157.615 -113.261 6.29379e-16)
(111.785 32.0029 -3.52665e-16)
(-72.6766 -126.84 0)
(-68.5081 -13.0047 -3.1418e-14)
(-252.085 48.4328 0)
(-20.6588 60.4254 0)
(-32.1276 60.7913 3.59792e-15)
(-362.806 -19.829 0)
(-402.306 8.0686 2.54786e-15)
(-479.316 39.7229 -3.37389e-15)
(-171.196 88.9116 -7.7806e-15)
(292.36 171.904 0)
(378.176 -245.479 0)
(29.4039 116.651 1.90821e-14)
(130.169 99.5805 -1.6015e-14)
(-14.6146 22.4574 -1.85298e-15)
(96.4454 77.0397 1.94247e-15)
(-107.678 -29.0483 -3.87879e-15)
(53.0162 -48.8683 -3.21504e-14)
(-67.5434 18.5665 0)
(138.198 -7.19854 -8.664e-14)
(105.196 233.174 4.58627e-15)
(122.095 -291.008 -6.76108e-15)
(-155.309 54.7826 -2.27336e-14)
(318.871 -388.538 4.45468e-15)
(269.286 330.677 -3.13978e-15)
(137.654 79.5149 1.3181e-14)
(121.103 -36.237 4.9192e-15)
(-79.3195 -15.3684 0)
(-33.7946 -30.4705 1.08156e-15)
(179.667 40.1878 6.41502e-16)
(-157.365 -91.1635 2.2038e-15)
(-107.077 -8.1694 3.51158e-14)
(42.372 -31.6806 -5.00224e-14)
(165.023 87.2687 3.9833e-16)
(242.876 -185.791 -2.62257e-16)
(-292.716 -35.5897 1.44038e-15)
(-109.256 33.5024 -1.37538e-14)
(-111.974 -19.3676 6.91568e-15)
(-0.801908 -24.0677 6.75329e-14)
(56.0809 12.8766 -5.2253e-14)
(-318.671 -160.302 1.19128e-15)
(-59.3135 -151.425 0)
(-95.1664 48.3139 0)
(-145.059 -117.219 2.15098e-15)
(-275.989 -227.181 -2.94699e-15)
(153.108 78.1511 2.82818e-14)
(62.6584 -1.97131 -3.02363e-14)
(-51.4429 -63.1612 6.7925e-15)
(-364.786 -55.2137 6.09763e-16)
(-506.314 -193.373 -1.62762e-16)
(-446.479 -96.084 -8.23186e-16)
(0.457569 94.8207 6.97265e-16)
(-266.262 80.9463 1.28417e-14)
(-69.1996 41.8453 1.64873e-14)
(-71.5634 -60.2327 0)
(-58.7637 22.8266 -1.77158e-15)
(-152.996 121.477 0)
(-5.61157 -61.859 -2.8649e-14)
(32.9144 0.644933 -3.98951e-14)
(114.732 -71.8364 -5.82806e-14)
(104.894 70.4183 4.17941e-14)
(-487.005 -101.655 0)
(77.6523 19.0341 0)
(39.3968 41.3643 5.92753e-14)
(-123.176 -2.50281 -7.92454e-15)
(-41.7526 -14.8256 -3.94465e-15)
(-46.1582 32.1323 0)
(-37.0339 -33.7168 0)
(-207.093 -16.2318 -3.97865e-14)
(43.6245 -12.637 -4.07018e-15)
(-186.781 -63.631 -1.3925e-14)
(-389.101 -2.13918 5.10656e-15)
(229.706 14.804 1.69194e-14)
(-253.144 56.5353 0)
(9.94142 190.865 0)
(-124.764 -98.9429 3.15648e-14)
(-289.044 8.81248 0)
(166.659 21.1738 0)
(139.122 21.1523 1.04971e-14)
(-150.229 6.56866 1.86057e-14)
(-167.599 11.9018 -6.08068e-15)
(-68.5021 -68.604 4.47767e-15)
(-197.271 -0.180538 -1.32828e-14)
(14.3602 44.518 3.23521e-14)
(205.208 62.8963 -1.17771e-14)
(-174.98 -66.6592 1.33947e-14)
(47.6989 8.04196 -9.92462e-16)
(-224.835 -90.7486 -8.86709e-15)
(3.71103 13.3469 -3.40413e-14)
(-216.558 115.012 0)
(-127.182 -1.74263 6.90197e-15)
(-9.30871 -137.123 0)
(190.851 -199.943 4.47678e-15)
(-201.646 -66.1217 -5.60013e-15)
(132.281 117.569 0)
(15.4444 35.3243 -2.99419e-14)
(39.9687 -22.8657 2.79109e-16)
(151.697 -109.612 -1.69098e-16)
(9.8809 -19.1403 4.10793e-14)
(30.0752 -1.77215 0)
(-78.9196 -24.2438 4.07328e-14)
(42.6061 27.1539 4.45594e-15)
(102.898 -9.59344 -2.13379e-14)
(95.3947 116.153 3.3797e-14)
(-135.517 108.902 -5.1285e-14)
(1.98488 9.20427 -2.45864e-14)
(-28.0267 -47.411 -2.9609e-14)
(-137.535 -136.89 4.21161e-14)
(-132.231 177.989 -5.19584e-15)
(-436.292 -87.4526 -2.49847e-16)
(-659.848 18.9408 1.03303e-15)
(-146.791 86.1032 1.59543e-14)
(-208.167 58.0264 -2.53446e-15)
(-214.982 83.9687 7.77231e-15)
(-317.622 27.1494 8.5171e-15)
(-24.7617 -33.3392 2.96116e-14)
(-64.3696 -101.113 -8.47196e-15)
(144.93 118.941 0)
(154.022 -160.607 0)
(-51.8337 6.09002 0)
(-10.9354 -28.036 0)
(59.5751 -7.00822 3.15903e-14)
(5.4918 -16.525 3.5537e-14)
(-54.5565 -39.8643 3.45117e-14)
(273.907 -91.0633 1.64113e-14)
(-229.103 20.1942 0)
(-265.669 9.45447 -1.45024e-14)
(-3.6803 104.806 -2.1384e-15)
(-176.836 15.569 0)
(6.90644 -75.5648 -3.1525e-14)
(-121.066 -67.7288 -1.13365e-14)
(14.4187 -15.7349 5.67917e-14)
(-174.586 -35.2888 -1.35084e-14)
(-10.7479 20.9272 -3.57458e-14)
(-508.585 -54.0006 -4.03134e-17)
(79.2814 -80.4082 1.05978e-14)
(155.214 200.368 0)
(146.629 77.6196 -7.12321e-15)
(-252.367 15.7466 1.12464e-14)
(-0.707429 8.41972 1.60074e-14)
(-152.601 -163.465 -6.47288e-15)
(-302.061 -94.2869 -1.14214e-15)
(-214.159 -145.355 -2.30518e-15)
(-140.964 66.6228 5.54605e-16)
(55.851 17.9404 0)
(56.1083 -49.7433 -8.13451e-15)
(138.913 -144.622 7.65706e-15)
(164.047 -34.9128 2.81311e-15)
(38.5662 -39.1693 9.93791e-16)
(45.069 -52.3565 -6.02702e-16)
(-86.9309 4.69655 3.86162e-14)
(-121.244 49.807 -1.38128e-14)
(-60.7362 -128.704 0)
(-45.4028 -62.9667 2.85477e-14)
(-111.258 -38.005 5.62503e-14)
(-186.417 -74.94 4.02101e-14)
(3.04593 54.7565 -1.95805e-16)
(106.073 -14.0992 -3.53997e-14)
(-202.893 41.0952 0)
(-262.273 34.7272 7.55081e-15)
(-379.159 35.6195 0)
(-327.868 -189.502 -1.60536e-14)
(-147.402 -42.5666 -1.54089e-14)
(-199.597 -20.5236 -2.87726e-15)
(-339.389 -116.294 4.94617e-15)
(-478.442 -90.288 -6.23702e-15)
(296.894 18.1711 2.06074e-14)
(206.192 53.8303 -2.11438e-15)
(-186.645 48.3052 -2.78068e-15)
(-444.534 -31.4157 -4.65947e-16)
(131.662 -11.7494 -2.91791e-14)
(87.2747 -1.36128 0)
(-132.226 -66.8761 2.17301e-14)
(-513.159 -79.1445 0)
(98.6873 -85.856 2.6507e-15)
(72.0866 26.6131 -1.89866e-16)
(-16.0414 33.3617 -2.48104e-15)
(57.0463 145.649 0)
(-456.228 -12.8777 1.85862e-15)
(-479.876 -184.555 0)
(-396.2 22.6678 0)
(-226.093 27.0787 0)
(-15.8485 157.696 3.7059e-15)
(-269.949 14.3039 3.49716e-15)
(-323.973 58.6433 0)
(-399.998 -57.1765 7.04912e-15)
(-382.62 -9.13389 -1.11926e-14)
(-255.144 132.065 6.20472e-15)
(30.8914 18.7889 0)
(-444.882 11.906 -1.08108e-14)
(-359.405 19.3688 1.09601e-14)
(-294.212 -47.7892 1.19987e-14)
(-313.661 23.5004 -7.79206e-15)
(-258.592 -11.959 0)
(-185.532 26.6565 -4.99078e-15)
(-416.557 -123.867 -5.22694e-15)
(-367.418 -175.66 1.91033e-15)
(-78.6054 -69.8013 0)
(-101.659 31.4863 -1.73549e-14)
(-325.507 -18.2499 0)
(-217.654 137.772 0)
(-108.738 -124.046 0)
(-148.916 70.1217 -1.56974e-14)
(-80.4985 -56.1416 6.02507e-15)
(-145.178 17.441 -1.67749e-14)
(-124.69 45.245 4.15675e-14)
(-53.1251 -16.3702 0)
(-175.885 -132.925 -1.36215e-17)
(-21.3939 -59.4248 0)
(18.4356 25.339 -7.86674e-15)
)
;

boundaryField
{
    frontandback
    {
        type            empty;
    }
    simetry
    {
        type            symmetry;
    }
    inlet
    {
        type            fixedValue;
        value           uniform (0.5 0 0);
    }
    outlet
    {
        type            zeroGradient;
    }
}


// ************************************************************************* //
