/*--------------------------------*- C++ -*----------------------------------*\
  =========                 |
  \\      /  F ield         | OpenFOAM: The Open Source CFD Toolbox
   \\    /   O peration     | Website:  https://openfoam.org
    \\  /    A nd           | Version:  7
     \\/     M anipulation  |
\*---------------------------------------------------------------------------*/
FoamFile
{
    version     2.0;
    format      ascii;
    class       volVectorField;
    location    "0.15";
    object      U;
}
// * * * * * * * * * * * * * * * * * * * * * * * * * * * * * * * * * * * * * //

dimensions      [0 1 -1 0 0 0 0];

internalField   nonuniform List<vector> 
2016
(
(0.42632 0.144014 -1.04497e-17)
(0.347797 0.164733 -3.17449e-16)
(-0.256525 -1.26585 0)
(0.264764 -1.12976 0)
(0.156007 0.200011 0)
(0.279528 -1.33392 1.48985e-17)
(-1.44748 -1.03891 1.9885e-18)
(4.54279 -1.30608 0)
(0.946147 0.767434 -2.31068e-16)
(1.03245 0.88143 0)
(0.191105 0.706481 -2.61838e-16)
(0.26105 0.159535 3.81004e-17)
(0.314966 -0.28739 0)
(3.6833 0.38478 0)
(1.25935 0.35482 0)
(2.02579 -0.0344461 0)
(1.35067 0.0337519 0)
(2.03383 0.114697 -1.07864e-16)
(1.72614 -2.10543 -2.38359e-17)
(1.45857 1.52437 7.92824e-18)
(0.166712 0.140882 2.90759e-16)
(0.71182 -0.621834 4.39757e-18)
(1.04848 0.0367464 -1.13509e-17)
(1.60628 -0.0673871 2.86129e-17)
(-0.112939 0.535354 4.87177e-17)
(0.308516 -1.02744 0)
(-0.0922244 1.25701 -6.53062e-17)
(-0.0854368 0.80918 5.91387e-17)
(1.98183 -1.97235 1.42833e-16)
(1.42409 -0.625343 -1.15439e-16)
(2.85945 -0.0849984 1.50012e-16)
(-0.0751997 -0.0479106 4.1493e-17)
(0.635389 -2.6219 1.39808e-16)
(0.427759 0.627167 -1.06637e-16)
(0.809723 1.29916 0)
(1.96727 -0.543432 0)
(1.18777 -0.0636178 0)
(0.938349 -0.143449 1.0688e-16)
(2.41599 1.72132 1.69415e-16)
(-0.314542 0.602826 -4.03933e-17)
(1.62057 -0.696482 5.02669e-17)
(1.3697 0.27202 -2.0026e-17)
(-0.159172 0.535556 0)
(1.20488 0.125275 2.59283e-16)
(0.432938 0.293659 -1.5259e-16)
(0.925984 0.415415 0)
(2.09166 1.78721 0)
(0.129646 -0.0197052 0)
(0.762933 0.930352 1.86729e-17)
(1.05811 0.118504 6.56373e-17)
(-0.215767 0.173545 -4.70772e-17)
(0.69624 0.397735 1.03964e-16)
(2.68312 0.0755906 3.99115e-18)
(1.71923 -0.0455047 -1.55425e-18)
(-0.196793 -0.919911 -1.14151e-16)
(5.15048 -0.906228 0)
(-1.60085 -1.17879 -9.37586e-18)
(3.56287 -2.92806 0)
(0.362562 0.290956 0)
(0.0841182 -1.4111 0)
(-0.0395384 -2.07241 0)
(1.55306 -0.262766 5.577e-17)
(1.9845 -1.43631 -1.28645e-16)
(3.23247 -2.75809 -1.15317e-16)
(1.2635 0.520014 2.41251e-16)
(1.54562 0.451425 1.23557e-16)
(2.66359 -2.23572 0)
(-0.0277903 -0.996344 1.4848e-16)
(0.54745 -0.257518 0)
(1.71624 -1.46409 0)
(1.80482 1.05268 -5.31817e-18)
(1.21633 0.0453811 -8.40142e-18)
(2.15295 -1.82293 9.04153e-18)
(1.98595 1.36843 1.12432e-17)
(0.27238 -1.1538 -2.21162e-17)
(1.4284 0.0360894 -9.37884e-18)
(1.28308 0.0870403 0)
(0.938481 0.251227 0)
(0.62878 0.396395 3.09068e-16)
(1.49821 -0.211128 1.22808e-16)
(-0.266981 -1.77901 -1.55849e-16)
(-1.74824 -1.24846 1.82516e-17)
(-0.388122 0.282316 6.20899e-17)
(-0.123341 -0.261527 8.53688e-17)
(0.758624 -0.84056 -4.47389e-17)
(-2.30322 0.485393 -1.23624e-16)
(3.61177 -1.34092 4.79594e-17)
(-0.177313 -0.896152 5.93194e-18)
(1.82903 -1.12667 0)
(0.699131 0.780819 1.85843e-17)
(0.477172 0.229657 -1.58215e-16)
(1.67182 -0.682642 -5.26878e-17)
(1.36682 0.297015 2.18312e-17)
(0.89393 0.131064 -3.34637e-16)
(1.10913 0.758046 2.70163e-16)
(-2.12087 0.428794 1.34909e-16)
(1.57051 -1.58414 0)
(1.42064 -1.07687 0)
(1.69337 0.863739 -1.09622e-16)
(0.530226 -0.338294 2.15287e-17)
(0.0698219 -0.190896 -1.95353e-17)
(0.16924 -0.628808 0)
(1.17679 -0.428638 -1.53925e-16)
(1.92775 -0.172408 -3.53563e-16)
(1.67948 0.160073 0)
(0.979162 -0.45879 0)
(1.41844 -0.188088 2.53035e-16)
(0.206151 -1.04405 -1.03028e-16)
(-1.58498 -1.0902 9.44174e-17)
(1.94082 1.20622 -8.42494e-18)
(2.45211 -1.69657 2.53224e-17)
(0.896361 0.58893 4.80695e-16)
(0.938144 0.407245 -3.14562e-16)
(-1.63879 -0.932052 0)
(0.357409 0.21433 -4.3431e-17)
(0.555245 0.463683 -2.73185e-16)
(0.505272 -0.388324 6.94209e-17)
(0.535724 -0.149326 -3.24358e-16)
(-1.06219 0.313046 -3.06602e-17)
(3.87304 0.242119 -1.25607e-16)
(0.185831 0.368015 3.14014e-16)
(0.0458364 -0.453848 3.53516e-16)
(4.15474 -0.326629 0)
(0.961098 -1.17264 2.76769e-16)
(1.91462 0.128518 0)
(1.50097 -1.44448 3.0861e-16)
(3.1838 0.311639 0)
(2.94562 0.59459 1.39956e-16)
(-0.0643405 -0.856999 0)
(0.234229 -0.297022 0)
(0.949455 -0.0829878 -1.36063e-16)
(-1.3717 -0.969282 0)
(-1.80013 -0.0314047 3.03774e-17)
(-0.565252 0.646817 -1.85649e-17)
(2.45129 1.17918 -1.14364e-16)
(1.00495 1.65302 -5.40182e-18)
(-1.53275 -0.129329 2.63702e-17)
(0.151262 -1.16486 0)
(-0.147441 -0.313338 0)
(-1.68615 -0.837045 -6.70772e-17)
(0.353127 0.545625 0)
(0.190566 -1.03886 -3.85084e-18)
(1.35048 0.397308 -2.60582e-16)
(0.535424 -0.334333 3.31088e-16)
(0.549552 0.274918 1.55149e-16)
(0.923613 -0.228826 7.95762e-17)
(-0.204907 -0.0403258 -6.4879e-17)
(-0.190377 -0.621786 -4.52885e-17)
(-2.11126 -0.451519 -5.91781e-17)
(1.71887 -0.184035 -9.2401e-17)
(0.98025 0.890247 -1.57515e-16)
(1.4243 0.970755 0)
(2.75195 -3.74069 1.20916e-16)
(-1.02534 0.70303 1.31092e-16)
(1.49406 -0.436256 0)
(1.0963 -0.245705 1.49511e-16)
(1.68391 0.0612786 2.92846e-16)
(-2.13436 -1.24976 -7.05338e-17)
(0.41052 0.31206 -2.88181e-16)
(0.708986 0.49668 -1.059e-17)
(1.47655 1.46517 0)
(1.75073 -1.96368 0)
(1.83592 0.119569 2.70972e-16)
(-0.250826 -0.163551 1.56268e-16)
(1.34522 0.788907 -1.56977e-16)
(1.47599 0.661962 3.2899e-16)
(1.52236 -0.180798 -1.23817e-18)
(2.36261 0.349611 3.5071e-18)
(-2.51096 -0.730684 2.55465e-17)
(-1.42439 -1.28156 -7.66613e-17)
(-0.900444 -0.680405 0)
(-0.660275 -0.515649 1.66026e-17)
(-0.0693562 -0.625442 -3.6863e-17)
(-0.311601 -0.0770592 6.79413e-18)
(4.87902 4.10989 -1.6542e-17)
(0.0589017 -0.387204 -2.55167e-17)
(0.344362 -0.708421 -5.92165e-17)
(-0.344626 -0.841825 -5.62614e-17)
(1.77997 0.0185337 0)
(1.56858 -2.57202 0)
(1.43255 0.73329 -1.80313e-17)
(1.55426 -1.33374 1.0026e-16)
(0.791364 -0.0741529 4.84596e-16)
(0.54501 -0.0788705 0)
(1.73557 1.57568 -3.72417e-17)
(1.66337 -0.132176 0)
(0.622362 0.530028 -1.95444e-16)
(-0.492846 -0.0722592 -3.74323e-17)
(1.7783 0.337157 3.54762e-18)
(2.77962 -0.528764 -1.69647e-18)
(0.473191 0.161588 5.13083e-17)
(1.59127 -0.130898 2.50946e-16)
(0.770633 0.0865872 0)
(1.60283 1.48257 -1.713e-17)
(1.793 -1.98277 5.09813e-17)
(1.55016 0.459741 0)
(1.78912 -0.976592 -6.97369e-17)
(0.721891 -0.155314 0)
(0.752183 0.332202 2.72167e-16)
(0.982823 0.232827 0)
(0.5759 0.346039 -2.60848e-16)
(3.32736 1.41779 7.04504e-17)
(0.371983 0.273781 -2.02328e-16)
(0.225076 0.0680362 -1.74121e-16)
(-0.264115 -0.641852 -6.01953e-17)
(1.70687 0.339582 0)
(0.880512 0.405724 2.36899e-16)
(-1.56412 -0.723419 5.25371e-17)
(1.7258 0.228004 -3.29293e-16)
(1.1955 0.0761458 3.50723e-16)
(1.90007 -0.487569 -3.38841e-16)
(0.811703 -0.206618 -1.30145e-16)
(0.574466 1.28349 3.27837e-17)
(0.490964 0.684775 -1.53563e-17)
(0.936816 0.437642 0)
(0.417735 -0.719694 -1.27773e-17)
(0.701803 0.208908 3.36912e-17)
(-0.173677 -1.22325 5.40555e-17)
(1.22382 0.329567 0)
(0.835636 -0.780543 2.09323e-16)
(1.4806 -0.239587 -2.41194e-16)
(1.30044 1.27817 1.13097e-17)
(1.69812 -0.0913407 -1.29221e-16)
(0.241861 -0.254544 0)
(0.747245 0.0444963 0)
(0.671734 -0.352832 4.33771e-17)
(-2.23552 -0.153519 3.32157e-17)
(0.0226043 0.309351 -5.49036e-18)
(-0.0314046 -0.791761 0)
(0.748475 0.843944 -7.61488e-17)
(-1.73222 -0.00776219 -2.23921e-16)
(-0.163228 0.190052 -7.78206e-17)
(0.317735 -0.456617 1.74142e-16)
(0.0824199 -0.364759 -7.98118e-17)
(1.07535 -0.0367912 -1.2585e-16)
(0.173783 0.2549 1.13337e-16)
(0.627565 -0.391221 2.56641e-17)
(0.0166291 0.121401 1.94465e-17)
(-0.313183 -1.05876 -2.57192e-17)
(-0.586012 -1.06059 0)
(-0.968707 -1.18103 0)
(1.94864 -1.04382 -2.12702e-17)
(1.48202 0.755797 6.34322e-18)
(2.06492 0.628858 1.27692e-16)
(-0.818189 -0.172978 0)
(-0.301458 -0.655774 0)
(-0.0420345 0.883714 1.94699e-17)
(1.29954 1.09127 2.98931e-16)
(0.17243 -1.46253 0)
(0.380342 0.367235 0)
(2.55821 0.857375 5.6705e-17)
(-0.0811191 1.31924 0)
(2.13127 -0.0602877 2.12421e-16)
(1.36024 -0.105178 0)
(0.646454 -0.78461 0)
(0.964503 0.290291 5.67911e-18)
(0.724129 0.855402 -1.32658e-16)
(2.20215 -0.311318 -2.30259e-18)
(1.45456 0.12628 -1.19427e-19)
(1.08846 0.82841 -1.02539e-16)
(0.611975 0.314331 1.27044e-16)
(-1.74641 -0.544345 0)
(0.382435 1.01822 0)
(-0.932877 -0.702139 -1.93365e-18)
(0.78097 0.0548286 0)
(-0.86731 -1.16221 0)
(0.315809 0.319527 -1.59658e-16)
(1.61864 0.401603 2.58192e-16)
(0.960998 0.195486 -1.62363e-16)
(0.879453 0.333752 -1.53906e-16)
(-0.255081 0.432572 3.72447e-18)
(1.59396 0.433629 -1.3918e-16)
(0.348058 0.37175 2.92137e-16)
(-0.94409 -0.172126 2.3049e-17)
(-0.578698 -0.638716 4.00199e-17)
(-0.0976904 -0.303195 -4.28576e-17)
(3.95338 1.86136 1.84509e-17)
(0.718032 -0.816112 -1.14709e-16)
(-2.239 0.51128 9.74669e-17)
(1.47835 2.51187 4.80977e-17)
(0.684187 0.0839119 0)
(0.679087 0.152077 0)
(1.15394 -0.336149 3.00358e-17)
(-0.127621 0.574135 1.0893e-16)
(1.67902 0.109915 1.2324e-16)
(-0.0579497 0.287898 0)
(-0.585732 -1.44722 0)
(-0.337041 0.0798887 0)
(1.70771 0.0740396 0)
(0.718234 0.0218009 0)
(1.57724 0.067475 -1.68486e-16)
(5.83892 2.27769 -3.84818e-17)
(0.522268 -0.44602 3.46948e-16)
(0.892155 -0.115252 -3.2438e-16)
(0.349349 0.297682 3.27912e-16)
(0.032387 0.496451 -5.05959e-17)
(1.99834 -0.640838 -2.33094e-16)
(0.183689 -0.424145 -8.68883e-18)
(0.750261 -0.517698 -7.8782e-17)
(1.70127 0.780787 -1.35198e-16)
(0.655668 0.199919 3.16145e-16)
(2.41683 1.58856 -7.93516e-17)
(0.379287 -0.575183 6.81818e-17)
(-1.4464 0.292202 0)
(0.716253 0.137549 2.72973e-16)
(0.7964 0.188745 1.4258e-16)
(0.615193 0.201613 7.11025e-17)
(0.329762 0.198215 -7.68163e-17)
(0.174791 0.918631 -2.64616e-17)
(-0.0474997 1.05912 -3.56091e-18)
(3.77587 -1.9092 8.48092e-17)
(0.779954 0.0728227 0)
(0.822192 0.886767 -1.73685e-16)
(1.89435 -0.405033 1.24025e-16)
(1.43676 0.423135 2.95935e-19)
(1.99952 -0.681639 -2.18864e-18)
(1.02749 0.14311 -2.80106e-16)
(-0.0395497 0.789007 1.62501e-16)
(-0.0409628 1.27099 1.00071e-16)
(-1.50121 -0.551038 -1.7819e-17)
(-2.26488 -0.239006 -3.06639e-17)
(0.815555 0.226032 9.66311e-17)
(0.170186 -0.947171 -4.53388e-18)
(2.37555 1.23725 0)
(0.981383 0.277381 -1.45852e-16)
(1.51265 1.72445 1.13852e-17)
(1.73308 -2.27683 -3.74307e-17)
(1.49385 1.85893 -2.68446e-17)
(1.38509 0.5345 -1.53208e-16)
(1.24122 1.01531 0)
(1.51772 0.244524 1.70851e-16)
(1.10128 -0.0695453 -3.24247e-16)
(0.366529 -0.14033 2.93883e-16)
(-0.916004 0.5165 0)
(1.36346 -0.788326 1.03581e-16)
(1.85542 -0.935374 1.20472e-16)
(1.03132 0.258573 8.23299e-17)
(0.552336 0.255402 1.53758e-16)
(-1.30162 -1.44282 -1.2758e-17)
(0.575547 0.57444 -3.07202e-16)
(2.03438 0.278416 5.0862e-17)
(0.326667 -0.443048 -1.10294e-17)
(2.98717 0.342411 -2.88543e-16)
(0.487938 -0.377618 0)
(0.603062 -0.605273 8.78256e-18)
(0.381015 -0.158887 1.49047e-16)
(-0.295599 -0.15017 0)
(-0.110023 -1.32638 1.26643e-16)
(1.10733 0.397114 0)
(0.698144 1.57454 -2.44069e-17)
(0.358302 0.102882 -1.54097e-16)
(2.54259 -1.61517 -3.70538e-17)
(2.22784 0.975795 2.38982e-17)
(1.1189 -0.850666 3.70539e-16)
(0.289797 0.316643 0)
(0.287257 0.109706 -2.34915e-16)
(0.398348 0.506365 -1.26766e-16)
(1.24718 0.608759 -2.04914e-16)
(1.15256 1.34299 1.63927e-18)
(0.104587 0.264967 8.95726e-17)
(1.63825 -0.822219 0)
(1.23779 0.111668 -8.04175e-18)
(2.10549 1.38698 2.46838e-16)
(-1.17925 -0.592954 -7.29522e-17)
(0.140948 -0.0112786 -1.3512e-16)
(2.03049 -0.806601 -9.4375e-18)
(1.63117 0.411796 3.23778e-18)
(-2.54036 -0.0961283 1.8847e-17)
(0.597641 0.139124 -1.66808e-16)
(-1.61454 -0.397348 -1.29485e-16)
(-0.114929 -0.291036 0)
(-0.243936 -1.15282 -3.32348e-18)
(0.799623 0.307612 0)
(0.636695 -1.15458 0)
(-0.0541623 -0.150389 0)
(0.649738 -1.20946 2.31561e-16)
(0.654781 -0.375235 -1.05039e-16)
(0.875928 -0.353731 -3.50802e-16)
(1.08914 0.126275 0)
(-0.0583284 -0.715403 1.07119e-16)
(1.76089 0.114563 -5.43624e-17)
(-0.129666 0.18841 1.05098e-17)
(1.31758 -0.0814127 -7.98364e-17)
(0.278837 -0.0498902 0)
(1.0227 -0.876052 0)
(1.64262 -0.149475 0)
(0.00158486 0.572365 -1.50344e-16)
(0.730409 -0.133848 1.50774e-16)
(-0.235244 0.130287 2.67353e-16)
(-0.416671 -0.239984 0)
(0.703348 -0.382204 2.50418e-16)
(1.80353 0.304512 1.03542e-17)
(1.01612 -1.04618 -2.89274e-17)
(2.43139 -0.771065 0)
(0.827765 0.263385 0)
(1.73213 0.149487 -1.74774e-17)
(1.92734 -0.889225 3.16505e-17)
(1.67612 0.214885 -7.22274e-18)
(1.58345 -1.28311 -3.81964e-16)
(1.10956 0.999948 0)
(0.13131 -1.04667 3.45946e-17)
(0.469069 0.266916 2.48572e-16)
(-1.18217 -0.389443 1.12233e-17)
(-0.736437 0.415351 -2.53165e-18)
(1.42759 2.10668 -2.80721e-17)
(0.875904 -0.114349 0)
(2.67693 0.691503 3.63394e-16)
(0.378833 -0.12331 5.09577e-17)
(1.07817 -0.173516 -8.02564e-17)
(1.89052 0.293084 1.67896e-16)
(0.769154 0.282686 2.25274e-16)
(1.1655 -0.448322 1.00228e-16)
(0.974301 0.312691 0)
(2.46515 0.340603 -1.54902e-16)
(-1.30531 -0.946383 -1.36647e-16)
(1.56581 -0.367515 1.29211e-17)
(1.12265 -0.28245 -3.84404e-18)
(-0.677249 -1.80523 -1.41747e-16)
(5.13856 -2.91769 0)
(-0.692544 -0.0430443 -3.3217e-17)
(-0.162831 -0.0454512 -1.89463e-16)
(0.586947 0.374195 0)
(0.294472 0.347693 1.69743e-16)
(0.0162655 -0.968688 1.09821e-16)
(-0.211449 -0.95413 -3.35074e-17)
(1.33755 -0.210222 -2.91914e-16)
(2.23897 0.643279 -1.67131e-16)
(0.457145 0.24688 1.69183e-16)
(0.29724 0.0829381 0)
(0.444045 -0.91732 -3.14775e-16)
(0.718454 0.818224 -3.74317e-17)
(2.40597 1.97903 -5.40468e-17)
(0.348738 0.178093 9.40127e-18)
(-1.23599 -0.515829 -1.24889e-18)
(0.489467 -0.47432 1.02671e-16)
(-0.192553 1.06531 8.68495e-17)
(-0.696597 -0.107777 1.8504e-16)
(0.702962 -0.369655 0)
(0.726434 -0.0407782 8.97489e-17)
(-0.0968341 0.694492 -1.17504e-17)
(-1.75029 -0.641869 7.90091e-17)
(0.398164 -0.140373 -1.76744e-16)
(1.20236 -2.91972 0)
(1.00623 2.48567 0)
(0.0296787 -1.03541 -5.33735e-17)
(1.82341 -2.796 4.42917e-17)
(1.87547 -0.903505 7.13702e-17)
(0.632482 -0.509722 -1.27941e-16)
(-0.407516 1.26679 -1.42341e-16)
(1.77644 -0.252354 1.28948e-17)
(1.24692 -0.20124 -3.09107e-18)
(-1.92427 -1.04752 1.52641e-16)
(0.520744 -0.677901 -1.53962e-16)
(0.799282 0.4791 1.95956e-17)
(-0.00822846 0.404204 -1.16881e-16)
(-1.06817 0.0885799 0)
(-0.874034 -1.12442 0)
(-0.0400311 1.24635 -2.0209e-16)
(1.03406 0.339761 -1.39765e-16)
(-0.664809 0.392199 9.1332e-17)
(-0.391658 0.0735387 -1.19896e-16)
(0.909226 3.73618 -5.49212e-17)
(2.43834 -0.179061 0)
(1.57488 0.0694548 0)
(0.400997 0.196793 1.88606e-19)
(0.913102 -0.736967 -7.31412e-17)
(1.50932 0.576945 0)
(2.17209 -0.915806 3.24429e-18)
(1.03669 0.693833 -3.96641e-17)
(0.963418 -0.400094 7.62743e-17)
(1.07476 -0.456284 -2.64043e-16)
(0.743458 -1.298 0)
(-0.322364 0.462225 3.39303e-16)
(1.30163 0.8663 0)
(-2.07617 -0.430432 6.44129e-19)
(0.664473 0.263313 1.32297e-16)
(0.0371726 0.292962 0)
(0.255088 -0.352628 0)
(0.640227 -0.299221 0)
(1.24801 -0.0630422 1.21788e-18)
(1.68201 -0.609169 -3.40868e-18)
(-0.178469 -0.270329 -4.93488e-18)
(0.250156 -0.537914 1.68888e-16)
(0.600113 0.440852 9.37536e-17)
(0.90616 3.71669 5.2848e-17)
(0.845012 0.455836 -4.09422e-17)
(0.513168 -0.305282 2.84785e-16)
(0.987637 0.049195 0)
(0.872199 0.272651 -1.56306e-16)
(0.508166 0.197445 -2.65411e-16)
(0.638461 0.167585 0)
(0.505046 -0.112989 8.60277e-17)
(2.26737 0.157246 1.6922e-16)
(0.683202 0.0817252 3.35473e-16)
(0.577535 0.198553 0)
(0.773404 -0.21607 1.80403e-16)
(-1.6352 0.178181 0)
(-0.0104164 -0.92788 -6.01046e-18)
(-0.0134472 -0.99658 5.56429e-18)
(0.0148868 -0.0750326 -1.4724e-16)
(1.12634 1.04973 0)
(1.89731 0.549258 8.70757e-17)
(-0.848294 -1.41231 0)
(1.9352 1.42632 -2.53985e-16)
(-0.0447161 0.117047 1.23224e-16)
(1.43352 -0.00443498 8.32408e-17)
(0.501634 0.398742 0)
(-1.61432 0.30494 4.26515e-17)
(-0.894272 -0.0155074 0)
(0.603812 0.591153 -1.32756e-16)
(-1.26004 0.0312314 6.2857e-17)
(-0.37821 -1.25172 -1.87461e-17)
(0.942329 0.471199 -4.45076e-16)
(1.61737 -0.0542825 0)
(2.48012 -2.00217 -1.826e-17)
(1.81966 1.41953 5.05301e-18)
(2.80426 -1.04563 0)
(0.462377 1.34906 0)
(0.156188 -0.312262 0)
(0.626396 0.221796 1.58787e-16)
(0.45474 0.298542 0)
(-0.398692 0.434327 -1.65012e-16)
(-0.177308 -1.72749 6.31498e-17)
(1.27202 0.170023 -4.74701e-17)
(0.636168 -0.0421671 -1.89884e-17)
(1.6469 0.198573 -9.44114e-19)
(2.47034 -0.337943 -7.40607e-18)
(2.23534 0.420089 0)
(0.198124 -0.0188898 2.85738e-16)
(-1.71176 -1.30153 2.05605e-17)
(-0.052396 -0.0359886 5.81054e-17)
(0.788578 1.91659 -1.73555e-17)
(0.571821 0.262042 -4.6964e-17)
(-0.244644 -0.13527 0)
(1.99348 0.985083 0)
(2.56785 1.39629 9.95779e-17)
(0.31395 -2.21854 0)
(-1.22529 -0.541211 0)
(1.60229 -1.3142 -3.02865e-16)
(0.710683 0.267189 0)
(0.327089 0.453851 -3.08021e-16)
(0.827198 1.07585 -1.25597e-16)
(0.712754 -0.473246 0)
(0.527299 0.0415306 0)
(-0.0152673 -0.188196 2.21957e-16)
(0.661278 -0.509516 0)
(-0.509605 -0.676366 -3.96339e-17)
(1.29664 0.450765 -6.80872e-17)
(0.345555 0.0678581 0)
(0.158291 0.299025 1.86017e-16)
(0.209842 0.235109 2.22958e-16)
(1.26304 0.144132 6.2629e-18)
(1.71613 -0.435233 -1.69435e-17)
(-0.265407 0.220958 -1.73474e-16)
(1.40771 0.431691 2.07021e-17)
(0.878785 -2.0157 -2.10364e-16)
(0.935754 -2.10482 1.08577e-16)
(0.130322 0.226813 0)
(-0.25158 -0.0199838 -1.81192e-17)
(-1.29116 -0.9483 3.13127e-17)
(0.40875 0.336722 1.57007e-16)
(-0.584178 0.742847 6.19491e-17)
(-0.957276 -0.860061 0)
(0.986272 -0.0868155 -6.64256e-17)
(1.40273 1.34173 1.88479e-17)
(0.409363 -0.85988 4.49559e-18)
(0.168438 0.108456 0)
(0.985529 0.938222 -1.05739e-17)
(-0.418546 -0.846157 9.25943e-18)
(0.25523 -0.998394 -1.90356e-16)
(2.06667 -0.73709 0)
(1.51345 0.387968 4.58127e-19)
(1.03996 -0.820497 3.30623e-17)
(0.925356 0.14688 -1.2215e-17)
(2.99152 -0.139222 6.16163e-17)
(0.165195 -0.920371 0)
(0.504782 0.185701 0)
(0.352636 0.306566 1.83842e-16)
(0.484204 0.169394 -3.1029e-16)
(0.058385 0.113951 -3.80097e-17)
(0.148806 0.205958 -2.5501e-16)
(-1.62981 -0.138341 0)
(-2.17689 0.121435 -1.2232e-16)
(-2.98231 0.279357 2.78114e-17)
(2.34293 0.0958058 -9.65497e-17)
(-0.823297 0.288321 -8.03825e-17)
(-0.0112932 1.07721 0)
(-0.0343271 0.192702 -5.09005e-16)
(0.566542 -0.117766 0)
(0.104668 0.268422 4.72774e-17)
(-2.05485 -0.224812 -5.80222e-17)
(-0.626721 0.785674 -1.93385e-17)
(2.1149 0.548002 8.04614e-17)
(-0.251655 0.668309 3.15166e-17)
(0.760239 0.867088 2.96086e-16)
(0.499664 -0.398788 2.11164e-17)
(1.67354 0.308493 -1.50455e-18)
(2.30638 -0.559603 -5.06515e-18)
(-0.426411 -0.268829 6.61136e-17)
(0.675952 0.209318 2.43892e-16)
(-0.720801 -1.30829 0)
(-0.116504 0.193212 -1.498e-17)
(0.618725 -0.277774 -3.08306e-16)
(1.56236 -0.294067 -1.19153e-16)
(0.645517 0.0539038 -1.56289e-16)
(0.318916 0.0979653 1.81176e-16)
(-1.6705 0.161027 -1.67221e-17)
(0.557539 1.4717 8.46083e-17)
(0.661403 -0.0305149 -1.6563e-16)
(0.563067 -0.0959078 -6.87158e-18)
(0.628013 0.258579 0)
(0.870199 -0.239429 -1.12896e-16)
(1.22893 -0.443869 0)
(0.529116 -0.524331 0)
(0.959917 -0.127613 4.1812e-17)
(0.63647 0.196542 0)
(1.3438 1.0018 -1.02912e-16)
(1.14319 -0.0744477 6.45782e-18)
(1.58221 -0.514284 3.67441e-18)
(-0.337534 -0.27239 -2.13604e-17)
(0.837996 0.515525 3.32645e-16)
(-0.329645 0.25852 1.41846e-16)
(-0.646812 -0.472523 2.70858e-16)
(0.914377 -0.930928 9.58259e-18)
(3.78314 3.48748 5.26064e-17)
(2.92452 -0.513311 1.24373e-16)
(-0.181732 -0.673484 0)
(0.778198 0.128543 0)
(-0.665366 -1.05347 1.45017e-16)
(-2.56699 -0.89102 -2.55363e-17)
(0.713901 -0.380252 1.99167e-17)
(0.918667 -1.26829 -9.4278e-19)
(1.10695 -0.587974 -1.32329e-17)
(0.197937 -0.408303 6.31078e-18)
(-1.72182 0.118213 -3.29302e-18)
(1.50613 0.537015 0)
(1.8116 0.822278 0)
(-1.33818 -0.326082 -2.30658e-18)
(-2.75831 0.726509 1.23987e-16)
(-1.30296 -0.998027 3.94219e-18)
(-2.05902 -1.20647 -5.23025e-18)
(0.736123 -0.461341 -7.70503e-18)
(2.54462 -0.696256 1.23532e-16)
(1.82259 -0.341618 2.40604e-16)
(0.658533 1.62101 0)
(0.56416 0.291121 -4.20213e-17)
(0.65974 -0.408799 1.5472e-16)
(0.655583 0.00450823 -1.95311e-16)
(0.634062 -0.454988 1.334e-16)
(4.82128 -2.08869 3.45332e-17)
(3.72187 -2.55466 -2.47498e-16)
(-0.286807 0.207369 4.97317e-16)
(0.455917 0.412752 1.59822e-16)
(-2.52324 -0.0387576 -1.55201e-18)
(0.379247 -0.222417 0)
(1.49611 1.18021 7.74421e-19)
(1.66445 -1.67514 0)
(1.47644 0.0411836 0)
(2.22314 -0.200992 0)
(-0.169835 0.715293 0)
(-0.619205 -0.894699 0)
(1.93818 0.460444 -1.46062e-16)
(1.79622 0.530288 2.92985e-16)
(0.581642 -0.0422259 0)
(0.390546 0.0615972 1.78018e-16)
(1.20838 -0.460321 0)
(0.705274 -0.292171 -3.32076e-17)
(-0.95481 0.0868845 -6.58027e-19)
(1.05249 -0.0481856 -1.57033e-16)
(-1.34695 -0.115911 1.19527e-16)
(2.0078 -0.319026 1.81624e-17)
(1.35856 -0.292824 -1.49953e-17)
(-0.285537 0.530625 0)
(1.8909 -0.427655 -2.34631e-17)
(1.31031 -0.0162838 5.10375e-18)
(0.574726 0.629172 0)
(0.606257 0.177172 0)
(0.573346 0.344268 4.07292e-17)
(1.74517 1.14531 0)
(0.910143 2.06967 0)
(-0.747128 -1.73133 -6.2677e-17)
(-0.196386 -0.447563 -1.70432e-16)
(1.12801 0.105411 -1.69643e-16)
(1.62901 0.34824 -4.25266e-17)
(1.31336 0.390754 -3.26051e-16)
(1.79964 0.243265 0)
(1.16714 0.0027538 0)
(2.24338 -0.619755 0)
(1.62224 -0.070841 3.24598e-17)
(0.424369 -0.245802 -1.56382e-16)
(0.408222 -0.124343 3.02274e-16)
(2.1662 2.29741 -2.50117e-17)
(-0.221828 -0.268362 3.08171e-17)
(1.79604 -2.46286 2.01076e-17)
(-0.345137 -0.162961 1.38382e-16)
(-2.38611 -0.142473 0)
(1.09462 0.399 2.64043e-16)
(-0.446226 -0.0544816 -1.89236e-17)
(0.245386 -0.626037 3.27174e-16)
(1.7062 -0.0903615 -7.44962e-17)
(-0.513729 -0.284932 0)
(0.740833 -0.379157 -6.54912e-16)
(0.564755 0.051701 8.2241e-17)
(1.19812 0.434865 6.11358e-18)
(-0.46278 0.411831 -1.28976e-16)
(1.04884 0.465537 2.95906e-16)
(0.215025 -0.288935 3.63854e-17)
(1.73195 0.212301 -1.69726e-16)
(-0.548566 0.0735133 -1.0746e-16)
(0.512116 0.256571 -1.79595e-16)
(1.51158 0.223562 -1.79037e-18)
(2.15867 -0.475033 -1.72691e-18)
(0.302978 0.881518 -7.48572e-17)
(-0.695068 -0.756214 -2.05855e-17)
(-0.31871 1.24152 -9.50365e-17)
(-0.61681 -1.36711 3.66413e-17)
(3.6471 1.53036 0)
(1.30471 -0.308031 -1.70622e-16)
(-0.443248 1.0705 -1.72944e-16)
(1.45852 -1.56296 -6.27174e-17)
(1.69415 -1.8003 0)
(1.43619 1.22794 1.42239e-18)
(-0.732859 -0.822465 0)
(0.293372 -0.523051 -1.15475e-16)
(0.101149 -0.183776 0)
(0.36494 0.781876 -5.60657e-17)
(1.48253 -0.327865 8.87912e-18)
(-0.576027 0.148468 1.37679e-16)
(0.633928 0.565924 9.24782e-17)
(1.68585 1.46253 5.2715e-17)
(0.717704 -0.337236 0)
(-0.239374 -0.0973103 6.45844e-17)
(-2.16216 1.27336 -5.54385e-17)
(1.59987 0.196626 7.49422e-19)
(2.333 -0.315597 7.21591e-18)
(1.18801 -0.00412906 0)
(-2.15297 0.0648912 -1.34559e-16)
(2.18062 -1.20536 -3.49832e-17)
(1.84906 -0.387821 -1.46853e-16)
(1.80407 0.385698 8.34405e-18)
(0.0291773 -0.808831 0)
(-0.612988 1.17806 2.67656e-16)
(1.68099 -0.191177 -2.50927e-16)
(-0.0235942 -0.450638 -9.16039e-17)
(-1.01082 1.57848 0)
(-0.722527 -0.0111066 -6.85787e-18)
(2.35879 -2.63548 0)
(1.80414 1.94624 0)
(1.16035 -0.192414 -2.84077e-17)
(0.819376 0.306727 3.90649e-17)
(0.853369 0.21342 -1.65809e-16)
(0.00569942 -0.458258 1.64719e-19)
(-0.632096 -0.430932 1.34559e-16)
(-0.00646733 -0.837243 -5.55538e-17)
(1.6018 -3.99952 -1.29822e-16)
(1.36197 3.33948 0)
(1.0318 -0.0401714 1.61292e-16)
(-0.227768 0.504781 4.88799e-17)
(-0.211722 0.0393574 0)
(0.952572 0.936858 4.58205e-17)
(0.270942 -0.36284 7.25276e-17)
(0.200859 1.18753 -3.57097e-17)
(2.21647 -1.56983 0)
(1.86347 1.09911 -1.55252e-18)
(-0.246162 -0.306475 2.57463e-17)
(1.3087 -0.241709 5.60194e-17)
(1.5222 0.188955 1.54913e-19)
(2.22923 -0.429387 2.84941e-18)
(-1.35475 0.449606 0)
(-0.242839 -0.27691 0)
(-0.668321 0.0585964 6.72581e-17)
(0.847929 0.160531 -3.30985e-16)
(2.24007 -1.4061 -9.28809e-17)
(1.7334 0.536545 5.15102e-17)
(1.1807 0.99328 -1.10097e-16)
(-0.242871 -1.01571 -3.18431e-16)
(0.323348 -0.388859 3.14773e-16)
(-0.0802489 -0.141463 0)
(-1.90176 0.0421237 0)
(0.285853 -0.683002 2.56936e-17)
(1.55998 0.16787 1.36779e-16)
(1.76481 0.13598 2.2606e-17)
(0.429468 0.218791 0)
(0.596305 0.196103 2.5924e-16)
(0.473836 -0.000910481 1.51562e-16)
(-0.26903 0.445529 0)
(0.767429 0.715818 -2.86545e-16)
(0.183143 0.800725 0)
(-0.252779 1.21126 0)
(-1.03771 0.344872 -2.02773e-17)
(0.0846034 1.26151 2.25979e-16)
(-0.323531 1.27214 0)
(-1.47571 0.993617 1.46934e-17)
(-0.250524 -0.149027 8.65926e-17)
(0.338348 0.904564 -9.94541e-17)
(0.471925 0.415588 0)
(-0.300765 1.06466 6.78788e-19)
(-0.281685 -1.52969 -2.25721e-19)
(1.42186 -0.27432 1.07312e-17)
(0.442942 -0.410154 0)
(1.65026 0.3868 -4.26888e-16)
(1.30052 -0.0941461 -9.21808e-17)
(0.173798 0.438149 3.19021e-18)
(1.77357 3.4842 7.64937e-17)
(-0.0352239 0.173364 0)
(0.629043 -0.0120484 3.14899e-16)
(1.53933 -0.0634521 1.54374e-16)
(-1.07013 0.252394 -6.25333e-17)
(-0.0575855 0.188809 8.31202e-19)
(1.74642 0.289033 -1.7102e-18)
(2.33222 -0.89195 1.07661e-17)
(-1.24446 -1.11238 -1.33924e-17)
(-0.259733 0.394702 0)
(-0.142437 0.141155 1.76953e-16)
(0.129416 0.147646 8.21887e-17)
(0.377109 -0.739913 -2.25753e-17)
(0.806581 -0.485544 0)
(1.14972 0.0981191 -1.64528e-16)
(-0.781895 -0.407761 -2.14576e-20)
(0.608402 0.53735 3.40144e-16)
(1.92748 -0.0981617 0)
(0.746815 0.127472 -3.4348e-16)
(-1.55989 -1.02352 0)
(0.104929 -0.120093 6.28567e-17)
(0.231209 -0.270909 0)
(-0.810641 -0.0221786 -1.00581e-17)
(0.642848 -0.290701 0)
(-0.419338 0.028427 0)
(1.31845 0.389753 -1.52911e-16)
(1.27788 -1.01295 -3.10387e-16)
(0.831771 -0.371322 1.05324e-16)
(0.228054 0.0137925 -6.03082e-18)
(0.44855 -0.146201 -3.29006e-16)
(-1.1219 -0.482767 2.25195e-17)
(1.36244 0.478703 3.29509e-17)
(0.516412 0.664598 0)
(0.201899 0.366621 1.74173e-16)
(1.60703 -0.210373 2.14706e-16)
(1.59348 -3.07112 -1.23523e-17)
(0.561995 0.091067 0)
(0.481921 0.827847 -1.69377e-16)
(-0.0478928 -0.0170855 0)
(-0.849425 0.500237 0)
(-0.138587 0.615815 0)
(-0.863026 -1.8334 -7.56613e-17)
(0.0834954 0.295083 -1.84684e-16)
(0.136962 0.260423 1.11292e-17)
(1.11343 0.230763 -2.51791e-16)
(1.53549 0.150534 1.85679e-18)
(2.29278 -0.241744 -4.73709e-18)
(-2.53366 0.772395 2.69409e-17)
(-0.567666 1.08888 -1.00629e-16)
(1.57284 0.536805 -1.48984e-16)
(1.91718 -2.41674 0)
(1.89335 -1.0203 1.38863e-17)
(1.5304 0.320382 -7.35057e-18)
(-0.0827349 0.0126404 -2.37258e-17)
(-0.262728 0.549979 3.14412e-18)
(1.0349 0.600261 0)
(1.04414 -1.22597 7.58159e-18)
(1.64761 0.821265 6.17959e-19)
(2.41796 -1.24451 5.9998e-18)
(0.281675 -0.436387 -8.28995e-17)
(-0.895574 0.962712 -2.53883e-16)
(0.705902 0.143743 2.54501e-16)
(-0.76136 0.147619 0)
(0.554272 0.74045 1.80419e-16)
(-0.787763 0.0345806 -1.34618e-17)
(1.01606 1.11327 -2.67894e-16)
(0.987872 0.0630897 5.73333e-17)
(-0.961916 -0.928279 0)
(1.31471 0.162665 0)
(1.80319 -0.4226 0)
(1.14013 -0.287788 0)
(0.505749 0.303128 8.17879e-17)
(-1.50259 -0.147746 -1.12579e-17)
(0.666824 -0.0441233 -1.77496e-16)
(0.283492 -0.0469821 1.63847e-16)
(0.75319 -0.00907347 0)
(0.484605 -0.577895 -1.39553e-16)
(0.823727 -0.22782 4.0397e-17)
(-1.35037 -0.718346 1.83729e-17)
(0.806714 -0.117636 0)
(1.89201 0.666521 1.63562e-16)
(1.06703 0.19772 0)
(2.74343 -0.230909 9.63608e-18)
(1.75658 0.145535 -4.32904e-18)
(1.33735 0.00689415 -3.25337e-18)
(1.02426 -0.101974 1.15763e-18)
(-0.529591 -1.42838 1.05554e-16)
(2.12696 -1.42771 3.71647e-17)
(1.62854 1.01078 -1.07262e-17)
(0.756376 0.263051 1.81004e-16)
(-0.0248503 -0.22491 0)
(0.0698408 -0.307591 -7.71299e-17)
(0.437049 0.938807 -1.47201e-16)
(1.83023 0.871441 1.11946e-16)
(0.592252 -1.2554 -1.16419e-16)
(1.33146 -0.278858 -1.08812e-16)
(0.378076 -1.08216 1.50258e-17)
(0.12131 -0.815752 0)
(1.68797 0.138206 0)
(1.69195 0.108596 1.33564e-16)
(2.03629 -0.260616 -2.04748e-18)
(-0.471867 0.392003 1.99061e-16)
(0.464369 0.626228 1.7114e-16)
(0.378802 0.206105 -3.31175e-16)
(1.58725 -0.470239 -4.06246e-16)
(-0.253671 -0.551262 1.39274e-17)
(1.6482 0.0992431 0)
(0.756873 1.1355 0)
(0.337634 -2.04416 -5.41942e-18)
(1.60785 0.295578 0)
(0.688449 0.375358 -7.12414e-19)
(0.156715 -0.113705 -2.42017e-18)
(1.99228 -0.184383 -1.74173e-17)
(1.31915 0.128975 7.43944e-18)
(0.0285465 -0.283749 0)
(1.92206 -0.905261 0)
(1.50303 0.540566 0)
(1.08797 -1.17232 0)
(-0.967426 -0.242593 0)
(1.22664 -0.605777 -7.27729e-17)
(2.57952 -1.28582 1.6295e-17)
(1.91759 0.805902 -2.764e-18)
(-1.27851 -0.0638515 -8.21721e-18)
(1.54172 0.227762 -1.86175e-16)
(0.526608 0.357732 0)
(1.39401 0.527286 2.65276e-16)
(1.31406 -0.149324 1.35785e-16)
(1.87899 -3.35407 -2.18826e-17)
(1.60339 2.79379 1.11885e-17)
(0.00895583 0.223176 0)
(-1.52159 0.933455 -5.16426e-18)
(0.945973 0.554712 1.51026e-16)
(0.656989 -1.06774 -1.24356e-16)
(2.35725 -0.834166 2.44706e-17)
(1.69489 0.527593 -4.63251e-18)
(1.88758 0.705142 4.67814e-18)
(2.61289 -1.08419 -2.78876e-17)
(-0.198213 0.0670822 0)
(0.698335 -0.770411 0)
(-0.382086 -0.0546176 -8.69114e-17)
(1.17775 -0.515996 2.47908e-16)
(2.0148 0.604928 -6.96357e-17)
(1.71248 -2.63618 8.10637e-17)
(1.39024 2.28164 -1.20379e-17)
(-0.935856 -1.89368 6.83133e-17)
(0.19349 -0.792992 -3.21819e-16)
(0.395604 0.151461 0)
(-0.237471 -0.879068 0)
(0.452878 0.267122 -9.6593e-20)
(3.05867 -1.30535 -1.95055e-17)
(0.308936 -0.520032 0)
(4.65832 -2.75669 1.05838e-16)
(0.124739 -1.07219 5.59496e-17)
(-0.41655 0.136923 7.92629e-17)
(1.10233 -0.396219 2.85851e-16)
(0.914461 0.590666 1.24487e-16)
(4.54357 -5.46379 -8.8051e-17)
(0.321908 0.313319 0)
(0.379801 0.302469 1.76091e-18)
(-0.374571 0.411864 7.39189e-18)
(0.581319 -0.301032 3.5874e-18)
(-0.678314 -1.42406 2.41209e-17)
(-0.15829 -0.937944 -8.18058e-18)
(0.44456 -0.144749 0)
(1.02176 -0.0708944 -1.2632e-16)
(0.50631 -0.0349773 0)
(-0.862315 -1.59658 -1.69274e-16)
(-0.262404 -1.17741 0)
(1.7027 0.269868 1.12615e-16)
(1.00529 -0.893401 5.51543e-16)
(1.61436 0.92763 -1.60911e-16)
(0.0198623 0.0481243 2.02392e-18)
(1.09091 0.633126 -2.4944e-17)
(-0.82604 0.98666 0)
(0.352877 0.405064 0)
(0.246601 -0.214661 0)
(-1.14402 -1.67228 -2.93002e-17)
(0.638127 0.551814 0)
(2.33143 0.438981 0)
(0.237926 -0.342108 0)
(-0.216046 -0.030281 0)
(0.696727 0.0268259 0)
(0.337526 0.922906 0)
(0.0611042 -0.401519 -2.22212e-16)
(0.326404 0.493791 0)
(0.393049 0.358892 0)
(2.84509 1.89448 0)
(-1.99789 0.619326 4.91273e-18)
(0.439386 -0.479786 0)
(-1.69686 -0.956356 9.31838e-18)
(3.09165 0.947137 -1.16962e-16)
(-0.877031 -0.88659 0)
(0.196841 1.06317 -1.10058e-16)
(-0.554335 1.76796 -2.1594e-16)
(-1.9171 -0.216694 -6.56358e-17)
(-0.039986 0.641962 -1.6971e-16)
(-0.495734 -0.819018 0)
(0.981736 -0.0337992 3.35267e-16)
(0.983836 0.36303 2.79291e-17)
(1.76097 0.373514 -1.80797e-17)
(-1.50661 0.342577 -1.29107e-16)
(-0.337683 -0.661317 0)
(-0.810058 -1.51962 1.80309e-17)
(-0.880988 0.453307 -4.18096e-17)
(0.951672 0.380933 -1.39647e-16)
(0.917503 0.52296 0)
(-1.09979 0.435052 1.10956e-16)
(2.25939 0.036739 0)
(1.3012 -0.513417 0)
(0.670013 -0.00756314 1.36559e-16)
(0.413139 -0.248037 0)
(1.26994 -0.402033 1.74185e-16)
(0.127721 0.522279 0)
(0.332981 -0.288256 -7.77177e-17)
(1.89979 -0.61854 0)
(1.34582 0.421416 0)
(1.68425 2.5191 -9.45953e-17)
(0.676777 0.0862056 -1.81208e-16)
(0.681528 -1.97014 2.87739e-16)
(1.70219 0.888042 -1.87743e-16)
(-0.268467 -0.0905898 1.11327e-17)
(-0.772611 0.476741 0)
(0.0568508 -0.070679 0)
(-0.329091 0.919347 2.61965e-17)
(-1.38444 1.38872 -2.75383e-17)
(0.395069 -0.659408 0)
(0.776457 -0.46701 7.42784e-18)
(1.11566 0.0274068 -1.87645e-17)
(-0.115427 0.110232 -1.52521e-18)
(-0.0254064 -0.27149 -2.59364e-17)
(-0.283318 -0.557969 -1.71658e-16)
(0.37855 -0.222677 -3.23976e-16)
(1.32143 0.0279984 -3.23606e-18)
(0.566003 0.983028 0)
(1.12731 0.560315 1.48043e-16)
(-0.469637 2.00525 -2.39443e-16)
(0.693034 1.09541 1.55731e-16)
(3.33271 -0.176947 1.15213e-16)
(-1.12242 0.207525 -1.484e-18)
(-1.00458 0.296038 0)
(1.00087 -0.436797 0)
(2.12453 0.47783 0)
(0.246809 1.50754 -2.27818e-17)
(1.84675 0.566117 0)
(-1.94111 -0.275065 -1.14876e-17)
(-0.163435 -0.437168 -1.70603e-16)
(0.842491 -1.4172 0)
(1.5474 -2.30788 -1.4825e-17)
(1.37064 1.86465 6.09138e-18)
(0.531489 -0.656287 2.85195e-16)
(0.487074 1.29056 4.03746e-17)
(1.01661 -0.907409 1.68478e-16)
(0.536621 -0.435191 0)
(0.583901 0.481686 0)
(0.267928 0.426548 3.60523e-16)
(1.86042 0.693262 -2.14924e-16)
(-0.0939128 0.260652 0)
(0.754195 0.330152 0)
(-0.596466 -0.998225 -2.51792e-17)
(1.64075 0.424538 -2.7888e-16)
(-1.79363 -0.483091 1.24964e-16)
(0.978209 0.16326 -1.48606e-16)
(1.56311 -1.11182 -2.563e-17)
(0.359258 -0.456877 0)
(0.363202 0.367791 3.09257e-16)
(0.189121 1.11538 -4.68222e-16)
(2.01251 2.22744 -6.52184e-17)
(1.11592 1.22749 -9.97127e-17)
(1.38559 -1.77587 0)
(1.17931 1.23176 0)
(0.392841 0.404539 -1.5747e-16)
(2.2385 -1.60097 0)
(1.72758 1.10157 0)
(0.483714 -0.561572 0)
(0.576327 -0.0350006 1.59907e-16)
(-0.483891 -0.408133 0)
(0.971082 0.0826877 0)
(1.39141 -0.304517 0)
(-1.8458 0.446772 -4.84504e-17)
(-1.0667 0.964524 0)
(0.497999 -0.013136 0)
(0.541213 -1.13562 0)
(0.0737436 0.33407 1.38054e-16)
(0.418997 -0.393954 -7.98089e-17)
(1.14174 1.19157 7.7967e-18)
(1.41469 -1.59285 -3.83111e-17)
(1.22557 0.597183 -2.5796e-16)
(1.13084 -0.354614 -2.89784e-16)
(0.917255 0.717963 0)
(2.48852 -0.00324981 1.64499e-16)
(2.0776 -0.156852 -1.36816e-16)
(2.08719 -0.703665 0)
(-0.425987 -0.847808 0)
(-0.798154 -1.76917 0)
(1.16751 -0.3496 -1.73494e-16)
(-0.892303 0.111181 1.63128e-17)
(1.38601 -0.655657 -1.03361e-17)
(1.10926 0.22862 2.5434e-18)
(0.798815 -0.848719 3.66761e-17)
(5.6355 0.425892 0)
(0.473174 -0.631835 6.49587e-17)
(1.11942 -0.273226 1.01809e-16)
(0.639752 -1.12018 1.26952e-16)
(2.61129 -1.95514 -3.66699e-17)
(1.63209 0.76984 -3.35155e-16)
(0.116316 0.329884 3.56351e-16)
(-0.731778 -1.94726 1.79317e-17)
(1.01188 0.252789 -6.88982e-17)
(-0.093751 1.46275 -1.30511e-16)
(0.696288 0.182491 -3.70386e-16)
(-1.10828 0.723656 0)
(-1.20989 -0.165259 -1.90875e-17)
(2.44145 -1.18259 -7.94171e-18)
(1.70769 0.772249 -6.75679e-19)
(0.432138 -0.238663 0)
(0.325389 0.214203 3.28738e-16)
(1.62263 -0.0213802 1.63189e-16)
(0.308305 -0.802217 0)
(-0.632138 1.03305 3.12241e-17)
(-1.22469 -1.08574 0)
(-2.45668 -0.50846 -2.56591e-19)
(0.909722 -0.232618 -3.22169e-16)
(1.0473 -1.16209 -1.13756e-16)
(-0.453846 -0.823518 -1.40682e-18)
(2.10167 -0.360241 9.66075e-18)
(1.39581 0.226952 -1.58376e-17)
(-1.68542 -1.29655 -1.02962e-17)
(-0.386299 -0.511005 0)
(0.606616 -0.523907 -7.47616e-17)
(0.490578 0.0489949 -8.34117e-17)
(0.350212 -0.24591 -2.45875e-17)
(-0.847991 -0.963818 -2.25605e-18)
(0.0981058 -0.114146 -4.75354e-18)
(1.30842 1.40069 5.9451e-18)
(-0.995031 -0.870702 0)
(0.770277 0.370561 -1.69977e-17)
(0.607009 0.176145 0)
(0.271405 -0.522906 0)
(1.99915 0.212902 -1.82478e-16)
(1.84946 0.191846 1.74181e-16)
(0.511401 -0.01523 -1.4096e-16)
(1.05831 0.0900093 2.08204e-16)
(0.274292 -0.150124 0)
(0.680625 1.10885 1.70257e-16)
(-1.89685 -0.223651 -3.89284e-17)
(1.39481 -4.42684 0)
(0.377201 0.178443 -4.18464e-18)
(0.644515 -0.49822 -1.14292e-16)
(-0.73261 0.591637 -1.82566e-17)
(-3.14684 -1.43775 0)
(1.3698 -0.343815 1.48154e-17)
(1.08244 0.0531157 -5.5199e-18)
(-0.779183 -0.421301 -8.66165e-17)
(0.409619 1.61877 0)
(-0.509041 0.167053 1.31412e-16)
(1.48272 0.107745 -1.36434e-16)
(-0.538869 0.841882 -2.2204e-17)
(0.425985 0.807764 3.53851e-16)
(0.20983 -0.606194 3.77375e-17)
(0.977064 -0.239133 -1.43016e-16)
(-1.14566 -0.539704 6.19747e-18)
(1.26372 0.0575198 -1.8479e-18)
(1.75185 -0.492644 9.79849e-18)
(0.036861 -1.25294 1.1506e-16)
(0.178253 -0.127801 -2.45194e-16)
(-1.94245 -0.0911545 4.92325e-18)
(1.02806 0.0165455 -6.40188e-19)
(-0.728959 -1.24445 6.36957e-17)
(1.96628 0.199874 1.33006e-16)
(0.50444 -0.127521 -1.50687e-16)
(-0.336746 -1.02974 2.9569e-16)
(2.08875 -2.39079 -2.25648e-17)
(0.260594 -0.102814 6.72273e-17)
(1.03824 -1.82387 4.04098e-17)
(0.0525992 0.488384 -8.80299e-17)
(1.12423 1.1988 1.61072e-17)
(1.39137 0.0898736 0)
(0.439918 -0.382812 -2.72761e-16)
(1.92247 0.898305 -5.18587e-17)
(0.150938 -0.510867 3.54586e-18)
(0.242404 -0.11124 -1.39567e-17)
(0.983833 -0.32682 1.68618e-16)
(-0.281241 1.06956 0)
(0.322307 0.61261 0)
(0.424269 0.425086 -2.72624e-16)
(-1.46103 -0.985685 0)
(-2.09892 -1.44931 1.30109e-16)
(1.55002 1.64016 1.83431e-17)
(1.80736 -2.10105 8.85628e-19)
(1.04386 2.52327 -1.96185e-17)
(1.16322 -2.93679 8.24777e-17)
(-0.0901354 0.248214 0)
(2.46465 -5.4397 8.04245e-18)
(0.615793 -0.833049 -2.23806e-16)
(1.19182 -0.6965 0)
(0.453814 -0.460558 -1.77478e-16)
(-0.299705 -0.331119 -2.09842e-17)
(-1.61033 2.26347 0)
(1.61242 0.744335 0)
(1.54388 -0.315403 4.56748e-17)
(1.24913 0.295482 1.28486e-16)
(0.868626 -1.02627 4.96221e-18)
(1.1289 0.875168 0)
(1.30062 -1.37021 3.52959e-17)
(-0.0716723 -0.547104 -2.24188e-16)
(1.33526 -2.17119 -1.91287e-17)
(1.15037 1.79619 7.97265e-18)
(-1.39637 -0.574388 2.78941e-19)
(1.60233 -0.301828 -9.86958e-18)
(1.2459 -0.111149 1.56517e-18)
(-0.106575 -0.615853 0)
(-0.365787 -0.393403 0)
(-0.754306 0.570221 -1.43539e-16)
(0.197127 0.248438 1.72341e-16)
(-0.33055 -0.772918 -1.41151e-16)
(0.0241793 -1.18613 2.85914e-17)
(0.693576 -0.580396 6.615e-17)
(0.137574 0.345568 0)
(0.152982 0.181577 -1.03915e-17)
(-1.16808 -0.341589 4.76015e-17)
(1.50278 -0.224277 4.65818e-17)
(1.91494 0.610099 0)
(0.0647345 -0.484621 -5.09574e-18)
(0.277791 0.0634476 -6.20035e-18)
(0.681641 0.272687 4.06741e-16)
(0.655435 -0.459143 3.17703e-17)
(0.865718 0.216136 -4.93771e-18)
(0.973936 -0.781279 1.06791e-17)
(1.07878 -0.443738 -7.98871e-17)
(1.58398 0.0738569 7.80959e-17)
(0.415563 -0.142923 -1.89929e-16)
(-0.529323 -0.289786 -3.39426e-18)
(-1.90325 -0.675727 3.99657e-18)
(1.56964 0.291833 0)
(1.88141 -0.876931 0)
(-1.29788 0.410995 -1.3678e-16)
(0.655759 -1.00519 -2.81494e-16)
(0.866013 -1.66486 0)
(0.0527502 -0.2357 1.55123e-16)
(0.0963108 -0.0834968 1.93395e-16)
(-0.127605 0.0284236 -1.42215e-16)
(0.631516 0.2643 -7.27757e-17)
(-0.0348359 -0.343951 0)
(0.474848 0.00517146 -1.75362e-16)
(0.00343433 0.314919 0)
(1.08283 0.0717026 -1.21517e-16)
(-0.43824 -0.536552 -1.4483e-16)
(2.19551 -2.13198 -3.23186e-17)
(1.30946 0.0492059 0)
(1.32942 -2.68411 0)
(-0.252854 -0.039793 0)
(-1.28874 -0.325562 -7.64605e-18)
(0.228414 -0.215321 0)
(0.158786 0.647226 -1.83844e-18)
(1.46945 -1.38413 7.52996e-17)
(1.39461 1.01477 2.52742e-17)
(-0.869441 -0.00675649 4.43754e-17)
(2.1036 1.16279 6.15524e-17)
(1.56059 -1.57478 0)
(0.733805 0.334156 0)
(0.42558 -1.0258 9.97442e-19)
(0.486602 -0.367686 -1.08973e-16)
(0.049928 -1.40178 6.60615e-18)
(0.25835 0.857821 0)
(0.0939929 -0.199436 1.60519e-16)
(0.345311 0.30846 0)
(2.55615 -1.93682 2.73442e-17)
(-1.92369 -1.08645 0)
(1.44004 -3.11707 -4.86513e-17)
(0.671584 0.136042 3.69697e-16)
(1.6081 -2.92216 -4.72726e-17)
(-0.79598 -0.0710178 -1.63726e-16)
(1.011 0.102988 0)
(2.19883 -0.160178 0)
(-1.15517 0.540606 0)
(0.218214 0.192173 -4.64937e-18)
(0.122538 -0.890213 1.67863e-18)
(-0.145324 0.44145 -3.09924e-16)
(2.23439 -1.46058 8.71972e-18)
(1.79374 0.974401 -2.28471e-18)
(-0.482261 -2.09632 0)
(1.06918 0.722135 -1.4985e-16)
(-2.83096 -0.81501 3.41661e-17)
(-1.26986 -1.0087 0)
(-1.38361 -1.96153 0)
(-0.0863945 0.0606446 1.55625e-16)
(0.346668 0.286333 1.30797e-16)
(0.282677 0.0717585 -1.75235e-16)
(0.461479 -1.59184 4.54339e-17)
(0.0535019 -0.27817 5.58366e-17)
(1.52689 -0.0554056 3.1843e-16)
(1.77594 -0.525668 -2.88432e-18)
(1.37081 0.219454 4.54715e-19)
(-0.255683 -0.428606 -8.4731e-17)
(0.522979 0.278137 1.3166e-16)
(-0.0726102 -0.0824599 0)
(1.12184 -0.882181 8.43062e-17)
(0.887377 -0.20271 1.30504e-16)
(-2.33236 -0.337613 1.88104e-17)
(-1.94611 -0.0730944 0)
(-2.46386 -1.04742 -1.97857e-17)
(-2.39727 -0.677519 0)
(0.770585 -4.95014 0)
(0.271027 0.480614 -1.38796e-16)
(-0.273628 1.91577 -6.95486e-17)
(-0.311275 0.224984 1.27632e-16)
(1.25673 1.24529 0)
(-0.852175 -1.20681 0)
(0.753118 -1.64607 1.13846e-16)
(0.703379 -1.61064 -5.99849e-17)
(-0.543688 -0.727926 6.97228e-17)
(0.179548 0.277925 0)
(0.652101 -2.75556 0)
(-0.0322022 -0.0110101 3.95553e-17)
(-1.02454 0.0315102 3.36335e-19)
(0.493475 0.0690022 0)
(0.544251 0.419151 -5.93379e-18)
(0.189911 -1.01854 2.36487e-18)
(-0.268084 -0.541964 5.17594e-17)
(2.22896 -0.708702 -6.17675e-18)
(1.64997 0.249265 1.43219e-18)
(-0.728132 0.144079 0)
(-1.15857 0.424271 -1.02462e-16)
(0.258992 -0.233648 -2.898e-16)
(0.516197 0.419572 1.79338e-16)
(-0.097982 -0.592398 1.74233e-16)
(0.598165 0.167753 0)
(-1.49065 -0.719137 2.60282e-17)
(-1.57809 -1.20762 -1.20181e-17)
(1.22551 -2.18358 -7.87088e-17)
(1.19964 1.77177 -2.15515e-17)
(0.990808 0.598097 -9.95027e-17)
(1.96223 -0.533006 0)
(1.0935 0.268701 0)
(0.0429432 -0.140342 1.82811e-16)
(0.825192 0.0879244 -3.26511e-16)
(-0.907707 -0.269107 1.92805e-17)
(0.590111 0.308398 -3.49024e-17)
(1.14797 -1.20661 1.13533e-16)
(-0.373205 0.710541 0)
(0.0960809 0.605431 1.37989e-17)
(1.07069 0.104421 0)
(0.543764 -0.589105 0)
(-0.880434 -0.615519 -7.35809e-17)
(-1.58762 -0.290876 -2.22055e-16)
(0.963936 0.449821 -8.48939e-17)
(1.45566 0.106735 0)
(-0.636049 -1.39466 3.71812e-17)
(1.00249 0.0189008 9.74732e-17)
(0.927391 -3.11256 -4.87091e-17)
(1.12966 -5.69476 -7.991e-18)
(-0.668689 -0.928137 -1.48892e-17)
(-0.689151 -0.370323 0)
(-0.82588 0.106559 0)
(1.4202 1.88752 -3.46227e-17)
(0.896947 2.60249 2.54285e-17)
(1.32917 0.443148 -6.78226e-17)
(1.56071 -0.36225 5.8566e-18)
(1.22411 0.00788063 -1.35696e-18)
(1.70542 0.188411 0)
(-0.745622 -1.54379 3.9773e-17)
(0.684305 -0.0735566 -3.23817e-17)
(0.945551 -0.482789 -8.41815e-17)
(1.78762 0.538301 1.06905e-16)
(-0.262072 0.877147 -6.29993e-18)
(-1.39257 -0.949804 -2.33255e-17)
(-0.222925 -0.424998 1.21638e-16)
(0.0101919 -1.26181 -1.16522e-16)
(1.85602 3.51694 -2.17077e-17)
(1.21965 -0.674425 -2.34759e-16)
(0.978669 -0.409646 7.63699e-18)
(0.820729 0.0241242 -2.57297e-18)
(1.44022 -0.341793 0)
(-0.00879289 -0.356878 8.88473e-17)
(1.55724 0.33735 7.40981e-17)
(-0.082476 -0.472495 2.8608e-16)
(0.23335 -0.413861 1.88847e-17)
(-0.954496 -1.22274 1.14295e-16)
(0.954482 0.419603 -1.82897e-16)
(0.137827 -0.628983 1.15128e-16)
(0.371849 -1.05554 1.43962e-18)
(0.579406 0.540553 0)
(1.25184 1.17177 8.37991e-17)
(-0.204945 -0.214523 -8.23041e-17)
(-0.976682 -2.00376 -8.02138e-18)
(1.636 0.538778 4.53828e-18)
(2.01131 -0.917228 -5.0512e-17)
(1.13769 1.12438 -9.68668e-17)
(-0.552209 -1.3105 0)
(-2.30352 -0.255283 -1.95024e-17)
(-1.01904 -1.02803 -9.72794e-18)
(1.35083 1.04675 -2.8765e-17)
(1.47952 -1.6868 6.8509e-17)
(1.31459 1.09496 1.47101e-16)
(0.361214 -0.146708 1.99106e-16)
(0.119799 0.125516 1.64525e-16)
(1.27651 0.60628 2.40992e-17)
(1.45139 -1.0404 -5.90701e-17)
(0.0577956 -0.440684 -1.54771e-16)
(-0.167923 0.246731 -3.42898e-16)
(-1.55585 0.320943 1.19935e-17)
(-0.967358 -0.594811 0)
(-0.572195 0.867795 -1.27026e-16)
(2.68655 0.17701 1.14035e-16)
(-0.00687112 -0.167095 -2.64107e-16)
(2.03863 1.75815 -6.18958e-17)
(0.347842 -1.14131 0)
(-1.3176 -1.65687 0)
(0.390256 0.0497303 7.98441e-19)
(1.77832 3.53371 5.11455e-17)
(-1.11428 1.08123 5.67652e-17)
(-0.869428 -1.02657 0)
(1.83811 0.13516 -4.06869e-16)
(0.15296 0.0349991 0)
(-0.251099 0.219577 7.50699e-17)
(0.714569 0.157797 0)
(0.265668 -0.0166154 -2.18303e-16)
(-0.420968 0.763104 1.58139e-16)
(0.303563 -0.786013 -1.09117e-17)
(0.657465 0.382396 8.04201e-18)
(-0.442433 -1.3436 0)
(-0.185274 0.23736 0)
(-0.196831 -0.208855 0)
(-0.829557 -0.527694 -9.89159e-17)
(0.0973326 0.220471 8.80024e-17)
(-0.982179 -1.50635 0)
(-0.733866 -0.082827 -3.84982e-18)
(1.57245 -4.65332 0)
(-0.324129 -0.98148 -1.01981e-18)
(1.40125 -2.01327 6.47059e-17)
(0.414096 -0.0123513 -4.4477e-17)
(0.438888 0.040563 0)
(1.26485 -0.464015 -7.57547e-17)
(-1.22931 -0.510086 1.79298e-16)
(1.69545 -1.90122 -4.49617e-17)
(-1.00824 -1.14376 0)
(0.155968 -0.135326 -2.49617e-16)
(0.888196 0.201513 4.07828e-17)
(-0.965886 -1.21622 4.36756e-17)
(0.265385 0.325396 0)
(-0.0758592 -1.31167 -5.20102e-18)
(0.995185 0.254902 2.68349e-16)
(0.792236 -0.394279 6.66244e-17)
(0.712151 -0.489439 9.14799e-17)
(-1.85215 -1.11698 9.46185e-17)
(-0.0800288 1.05715 0)
(-0.248491 -1.73509 0)
(0.853591 -0.347748 3.03622e-16)
(-0.124085 -0.411956 1.09791e-16)
(-0.689463 0.692929 0)
(-2.85518 -0.0335248 -8.46892e-18)
(-1.82765 0.80455 0)
(-1.92878 -0.594791 8.88878e-18)
(-0.136061 -0.532221 -1.67823e-16)
(-0.127565 -0.184351 3.21243e-16)
(1.64822 -0.215515 0)
(0.04717 -0.853038 0)
(0.362955 0.497356 3.72482e-17)
(2.26828 -2.94992 0)
(1.95646 2.39058 0)
(1.83911 -1.30834 -3.74205e-18)
(1.58868 0.849233 -1.95201e-18)
(-0.841562 -1.68837 7.66263e-19)
(0.371213 0.20602 7.82661e-17)
(0.892867 0.137233 0)
(0.971573 -0.49407 0)
(-1.10246 0.253071 2.09103e-16)
(-0.158184 -0.474474 -1.98217e-17)
(0.241427 0.438111 -1.50331e-16)
(0.532344 -0.291224 3.06418e-16)
(0.640053 -0.0607907 -1.69581e-16)
(0.396646 -0.321204 1.48899e-17)
(0.00415684 -0.194656 5.20567e-18)
(1.29277 0.421257 -2.20626e-18)
(1.56859 -0.847431 7.87463e-18)
(1.03576 -0.667264 4.06607e-18)
(0.934805 0.295913 -5.44034e-19)
(1.40673 -0.546102 0)
(1.13923 0.134865 0)
(0.392566 0.843052 8.25149e-18)
(0.0981664 -1.29011 -3.15512e-18)
(1.19124 0.14029 -2.62108e-17)
(0.772897 -0.740578 9.82467e-18)
(1.31594 -0.148695 1.66638e-16)
(0.266531 0.0522597 0)
(-0.146298 -0.335124 -4.67482e-17)
(-0.643235 -1.76109 -4.57361e-18)
(-2.03458 -0.67276 1.96472e-17)
(-0.194568 -0.200318 0)
(1.29068 0.470979 0)
(-0.725516 -1.46169 7.95193e-17)
(0.527971 0.0433212 -1.74531e-16)
(0.130537 0.3718 0)
(-1.63489 -0.0475788 1.4085e-16)
(-1.61763 -0.213591 -1.29275e-16)
(-2.57377 -0.39125 1.16634e-17)
(0.0170406 -0.0650181 -5.16779e-17)
(1.80699 -1.02726 -2.53726e-17)
(1.43159 0.672633 5.77663e-18)
(0.155663 0.463867 1.90422e-16)
(0.492044 0.312363 -1.80626e-16)
(1.60681 -0.755885 0)
(1.20095 0.547204 0)
(1.75885 1.36345 0)
(1.3597 -0.175303 0)
(1.01525 -0.114012 0)
(-0.10769 0.0346713 1.3642e-16)
(-2.20888 -0.16709 0)
(-2.4819 -0.772256 2.05861e-17)
(1.03752 0.38947 -2.61019e-18)
(1.13638 -0.736184 9.68444e-18)
(2.1251 -0.931844 8.34746e-18)
(1.63596 0.514568 -2.60271e-18)
(0.252981 0.277173 6.89373e-17)
(-0.0103171 -0.879122 -6.48733e-17)
(-0.433566 0.179098 -2.30262e-17)
(0.747089 -0.485685 0)
(0.50446 -0.227587 1.20988e-17)
(-0.165535 0.960316 8.03265e-17)
(-0.554932 -0.142086 0)
(-0.273905 -0.331738 0)
(-0.941803 0.931245 2.21008e-16)
(1.89671 -1.40273 1.27171e-16)
(-0.834905 -0.268306 -1.56171e-16)
(0.309067 0.572733 1.00811e-17)
(0.230736 -1.05034 0)
(0.595249 4.35032 7.4336e-18)
(2.46391 -0.97774 -7.51063e-18)
(1.62827 0.619877 1.13976e-17)
(0.462029 0.836886 7.47511e-17)
(0.0302654 0.174087 0)
(-2.79647 -0.732063 -5.70172e-19)
(0.682496 -0.547845 -1.63435e-16)
(0.598763 -0.604142 -7.95583e-17)
(1.72848 -1.85383 -8.53116e-17)
(1.66224 1.37479 -3.08234e-17)
(-0.661879 0.73674 -1.71828e-17)
(-2.96104 -0.372556 0)
(1.54295 -1.4357 -2.92875e-17)
(-2.00097 -0.845838 2.55739e-17)
(1.44927 -0.216382 2.25196e-16)
(0.452242 -0.0572372 0)
(0.0256922 0.390526 -1.66886e-16)
(0.32798 -0.6281 1.72614e-16)
(-0.83705 0.236355 0)
(-1.04273 0.464252 -1.66177e-16)
(1.74241 1.08539 2.97186e-16)
(1.8596 1.56287 -7.58978e-17)
(2.11788 -0.550862 0)
(1.28077 0.040865 0)
(-2.04409 -1.30476 1.56316e-16)
(-0.139478 0.370982 -9.40143e-19)
(0.498595 0.0278895 6.24136e-17)
(0.586299 0.125226 -5.57405e-17)
(1.28428 0.151633 1.48106e-16)
(1.13451 0.305569 0)
(2.18023 1.76419 8.25777e-17)
(0.0552297 -0.57676 -2.24894e-17)
(0.0964297 -0.100103 5.34746e-17)
(1.15087 -1.18547 3.45169e-17)
(-1.69698 -0.603154 2.3035e-17)
(1.70701 -0.360442 -8.30279e-18)
(0.470915 0.0915319 0)
(1.85853 -0.155626 1.27787e-16)
(0.233672 0.401211 -6.25421e-17)
(-0.418396 0.239131 0)
(0.106747 0.404804 0)
(0.272129 0.00426454 0)
(0.841143 -0.472133 -8.60227e-17)
(-0.127391 -0.117127 1.68524e-16)
(-0.788371 -0.129926 -1.68099e-16)
(-0.629526 -0.209555 9.25995e-17)
(-0.24198 -1.29372 3.82267e-17)
(2.78546 1.47538 -1.82662e-16)
(0.356408 0.0892058 -4.78087e-17)
(0.579181 0.0146309 -1.53128e-16)
(0.0712018 0.404107 0)
(-0.0593051 -1.11754 0)
(2.44495 0.0514596 -4.54413e-18)
(1.57236 -0.0183008 -1.97446e-18)
(1.38157 0.401185 0)
(-0.267945 1.09043 4.98525e-17)
(1.52295 -0.603931 -1.60582e-16)
(0.225096 -0.897274 -1.3569e-17)
(0.238279 0.373143 0)
(-0.362858 0.225137 2.03123e-17)
(0.202515 0.472327 -7.22377e-17)
(0.407792 0.450004 -3.79179e-17)
(1.65792 -0.658179 -2.15052e-16)
(1.93298 0.11065 1.35702e-17)
(1.28482 -0.0504412 0)
(-0.925032 -1.88282 3.35038e-17)
(-2.67368 -0.522474 -6.75258e-18)
(-0.377018 0.432114 1.86747e-18)
(0.328457 0.179924 -1.93768e-16)
(0.414982 0.117804 1.76157e-16)
(2.38396 -1.72889 0)
(-0.129432 0.0662649 0)
(0.0581588 -0.0386604 0)
(0.450132 -0.0358722 2.24427e-16)
(-0.357966 0.0412923 7.86179e-17)
(0.124996 0.277601 4.55856e-17)
(1.22135 -1.0641 8.32026e-17)
(-1.63158 1.27914 -1.11531e-16)
(1.72623 -1.32447 -4.82341e-17)
(-0.953446 -0.817988 0)
(0.525122 -0.0358355 0)
(0.592118 0.0254775 6.55213e-17)
(0.503776 -0.0796276 -9.87168e-17)
(0.480833 0.0907642 0)
(-0.441588 -0.192273 2.4102e-17)
(0.768653 1.30119 -7.05904e-17)
(-1.15814 -0.868224 1.35962e-16)
(-1.06265 0.582814 -1.31978e-16)
(1.80105 1.50524 0)
(2.07796 -1.99964 0)
(0.257932 -0.180534 -2.08863e-16)
(-0.942874 -1.04259 0)
(-1.93634 0.684486 2.14316e-18)
(0.372523 -0.361088 1.54387e-16)
(-0.204023 -0.0940264 1.50885e-17)
(-0.184297 -0.41146 0)
(0.27412 -0.75387 -1.48049e-17)
(-1.57381 -0.485311 -2.79612e-17)
(-3.02185 -0.519417 -2.69532e-17)
(0.460055 0.135049 1.31435e-17)
(0.0897469 -1.31915 8.52624e-17)
(0.225447 -0.260244 0)
(-1.73981 0.78274 6.25221e-17)
(-1.28732 0.923876 1.47765e-16)
(0.736645 -3.32451 5.26756e-17)
(0.605588 2.70821 0)
(0.609523 0.148217 0)
(0.41796 5.92949 -7.87776e-18)
(0.545912 0.235893 1.56036e-18)
(0.534415 0.139104 1.26705e-16)
(1.60667 -1.7216 -4.13326e-18)
(-1.00144 0.66936 -1.99629e-16)
(-0.0503868 0.0689034 -2.63389e-17)
(0.109159 0.821457 -7.33279e-17)
(2.21066 -1.04216 5.9471e-18)
(1.58948 0.634742 1.23707e-18)
(0.158147 0.133229 -1.7762e-16)
(0.419733 0.486384 5.62675e-19)
(-0.876181 0.0881933 0)
(0.307606 -0.800658 0)
(0.485083 -0.644894 1.1972e-16)
(-0.430523 -1.8065 0)
(-0.343691 0.250045 9.24057e-17)
(0.349622 -0.0854871 -1.8522e-16)
(0.247391 -0.034871 9.10733e-17)
(1.41734 0.722146 -1.3169e-16)
(0.984006 1.22043 1.92891e-17)
(0.929673 -1.7087 0)
(0.109119 0.520902 0)
(-0.12161 0.795499 -4.4549e-17)
(-0.892407 -0.287453 0)
(-2.22868 0.140952 3.85754e-17)
(0.653158 1.02175 0)
(0.247169 -0.464585 1.43992e-16)
(-2.45098 -0.704197 2.26211e-17)
(-2.82114 -0.562056 2.26514e-17)
(0.408423 -0.0424643 1.67995e-16)
(-0.022411 0.188507 4.58705e-17)
(0.743918 0.357448 0)
(0.476221 0.138221 0)
(0.519258 0.144214 -1.25283e-16)
(0.635208 -0.337464 -2.64463e-16)
(-0.673662 0.451657 1.42338e-16)
(1.12231 1.09744 0)
(0.583074 0.456806 -2.93785e-16)
(1.20026 0.161168 -6.44531e-17)
(-2.24487 -0.218807 -9.12265e-17)
(-1.82062 -0.263246 1.51962e-18)
(0.614726 -7.00387 0)
(-1.0535 0.174663 1.88472e-16)
(-0.145864 1.01736 8.43908e-17)
(0.226606 -0.053458 1.74926e-16)
(-2.09769 -0.47807 2.54015e-17)
(-1.94485 0.0657444 0)
(0.316111 0.1536 2.86501e-16)
(0.947181 -1.1755 0)
(-0.662424 -0.53765 -3.8277e-17)
(-0.215497 0.180537 8.85933e-17)
(0.432413 -0.516615 -1.61792e-16)
(0.313934 -0.253977 0)
(0.500225 -0.73205 0)
(0.215796 -0.415797 -1.3473e-16)
(0.040258 -0.530104 7.80807e-18)
(0.309939 0.221894 -1.00744e-17)
(0.692554 0.563593 0)
(0.391241 -0.316686 8.22284e-17)
(0.516257 0.179643 0)
(0.56536 0.233002 -4.88907e-17)
(0.540237 0.614836 2.19052e-17)
(0.118398 0.172593 -3.57079e-17)
(-2.90451 -0.470935 0)
(0.563587 0.195549 -1.65268e-17)
(1.21651 0.309245 -7.30133e-18)
(1.76851 -0.447115 5.13789e-18)
(0.423833 -0.305891 -4.07916e-17)
(1.8793 1.43174 2.66153e-17)
(1.89765 -1.71608 9.95111e-19)
(1.0349 0.211677 0)
(0.717528 -0.30902 0)
(-0.105282 -0.536604 -6.66988e-17)
(1.81944 1.01214 0)
(2.59568 -1.46844 0)
(-0.749572 0.160687 -2.3504e-17)
(-0.837853 -1.23162 -2.75167e-17)
(-2.99177 -0.857795 1.4001e-17)
(0.185714 0.49238 0)
(-0.696016 -0.699254 7.03421e-18)
(-1.37444 -0.406543 0)
(-0.875099 -0.779441 9.57707e-18)
(0.241559 0.0540466 -1.1802e-17)
(-2.45154 -0.394151 2.59838e-17)
(0.374996 -0.256306 0)
(0.361496 -0.332072 3.00557e-16)
(0.887802 -0.531286 -8.78831e-17)
(0.476556 -0.025252 9.04268e-17)
(-0.727067 0.275542 0)
(1.92147 -0.358928 -2.2161e-16)
(-0.0722302 -1.19362 0)
(1.18822 -0.263321 0)
(-0.283336 -0.105984 0)
(-1.86533 -0.299314 0)
(-0.134202 -0.0766133 -1.8849e-16)
(0.965958 -1.5207 -4.69659e-17)
(0.813546 1.22333 1.74215e-17)
(-0.612623 0.0655116 7.69182e-17)
(0.183166 1.97752 3.71408e-17)
(2.51276 -2.81266 2.27553e-17)
(-0.542203 0.0743284 -1.6577e-16)
(-0.211156 0.0633051 3.60686e-17)
(2.14279 1.08583 0)
(0.861436 -1.53523 1.81497e-17)
(-0.252102 -0.0585714 -1.56814e-16)
(-0.357106 -1.38102 0)
(-0.306847 0.739869 0)
(-2.99353 0.109019 0)
(0.601978 0.261497 0)
(0.947361 -0.00760955 -1.97927e-16)
(1.88349 -3.82798 5.1077e-17)
(1.19302 -0.0878963 0)
(-0.602748 0.62875 0)
(-0.0153138 0.35837 0)
(0.45868 -0.115926 1.89447e-16)
(-3.11674 -0.0605717 -7.9281e-18)
(-0.564059 0.751361 1.64134e-17)
(1.06966 -4.24712 0)
(0.561697 -0.079484 0)
(-1.63633 0.258924 8.13753e-17)
(0.0141055 -2.4275 1.8849e-17)
(-0.517959 -0.324648 -3.2697e-16)
(0.438286 -1.5095 9.70093e-17)
(-3.59187 -0.255023 -5.98112e-17)
(-0.187585 0.312366 -1.96871e-17)
(1.6431 0.507736 -2.35278e-17)
(-0.197164 -0.0879414 9.06854e-17)
(1.41502 -0.267613 -1.76039e-18)
(1.0554 0.00685153 4.78423e-19)
(-0.815331 -0.882782 0)
(0.317466 -0.389497 -1.62975e-16)
(0.170857 0.454269 1.59701e-16)
(-2.7231 -0.757029 4.05796e-17)
(-2.46614 -0.544551 2.32891e-17)
(1.60485 1.99098 -1.06956e-17)
(1.88849 -2.51956 3.10442e-17)
(-2.77859 -0.288011 -2.63671e-17)
(1.67196 2.52953 3.35944e-17)
(1.46655 2.19331 -1.41072e-17)
(1.77418 -2.72069 2.68931e-17)
(-0.336998 0.281578 8.46633e-18)
(-2.72595 -0.849741 4.65472e-17)
(-1.20655 1.05998 0)
(1.59372 -1.74956 4.25117e-17)
(3.70021 1.64372 1.91546e-16)
(-0.37786 -0.663635 0)
(-1.0504 0.410085 0)
(0.0337574 -0.0732119 9.54829e-17)
(0.503514 -0.829397 -5.48036e-18)
(0.713201 0.590192 0)
(-2.74421 -0.0490457 9.44273e-18)
(-0.387424 -0.284968 7.63709e-17)
(0.79175 0.306795 1.94478e-16)
(-1.01165 -0.00095885 0)
(0.139657 1.04784 -1.43479e-16)
(0.132742 0.119741 -2.32043e-16)
(-0.568671 0.375278 -7.14187e-17)
(1.65139 4.87335 -2.62893e-17)
(0.194009 0.0631026 -3.76789e-16)
(-1.07184 -1.01574 1.36603e-17)
(-0.251455 1.89531 -1.48583e-17)
(-1.27834 0.345323 -4.768e-17)
(-1.20297 -0.566476 -9.47002e-18)
(1.12507 -0.240093 1.07612e-16)
(-0.0281301 -0.65831 1.23865e-16)
(0.61538 -0.401242 0)
(0.834452 0.0461256 0)
(-0.107594 -0.0244655 2.54544e-16)
(-0.343834 0.15234 -3.84664e-17)
(1.85205 -0.583382 2.24732e-18)
(1.41694 0.27298 -1.53312e-19)
(-0.337142 -0.297068 0)
(0.328588 -0.394002 -1.53376e-16)
(-1.11898 0.0372132 0)
(-0.568647 -0.172833 0)
(-1.07684 -0.436492 2.11145e-17)
(-2.13285 -0.110513 0)
(-2.09295 -0.195947 6.6169e-18)
(-2.76089 -0.121913 -2.69935e-17)
(-0.0437758 1.1065 -4.05656e-17)
(1.70755 1.00083 0)
(2.33818 -1.5229 0)
(1.91015 3.34022 4.76868e-17)
(2.0066 0.874197 -4.65543e-17)
(0.146805 0.384343 -8.0755e-18)
(-0.0655818 -0.3682 4.68261e-18)
(-0.121647 0.214363 -2.49745e-17)
(0.31494 -0.491703 -1.62651e-16)
(0.751922 -0.415142 0)
(1.18921 0.172479 -4.99823e-16)
(1.5836 1.8824 4.14642e-18)
(1.91403 -2.4653 -1.43943e-17)
(-1.55189 0.267503 -8.12546e-17)
(2.08232 -2.56498 1.42263e-17)
(1.658 1.97698 -4.73448e-18)
(0.315204 0.716059 4.90592e-17)
(-0.349552 0.344574 2.58703e-17)
(-0.192076 0.00463214 0)
(-0.528771 -0.31259 5.81403e-18)
(2.15029 0.417638 5.20392e-18)
(1.44284 -3.14903 1.44408e-17)
(-0.454773 -0.364572 1.90403e-16)
(0.209354 -0.0386572 -2.56375e-16)
(1.49277 0.502564 2.09439e-18)
(2.13015 -0.947226 2.02219e-18)
(-1.13834 -0.542176 8.83787e-18)
(0.139255 0.420813 -7.24682e-17)
(-0.349764 0.13457 4.12402e-17)
(0.499303 -0.0347283 3.45482e-16)
(0.243683 0.118988 -2.6432e-16)
(-2.76875 -1.19105 1.3307e-17)
(-0.062321 -1.42136 0)
(-0.875581 -0.669942 0)
(-1.64665 -0.690421 9.86648e-18)
(-1.72284 -1.07978 -1.89937e-17)
(1.79597 0.346464 1.52703e-16)
(0.409427 -0.0476219 -1.58173e-16)
(-0.180461 -0.535411 3.02941e-17)
(-2.27716 -0.931339 4.07432e-18)
(-3.85734 -1.76319 1.49353e-17)
(-3.19042 -1.0264 -3.38086e-17)
(0.680194 -0.0118739 6.61028e-18)
(-0.703579 0.79114 7.70701e-17)
(-0.542592 0.404016 8.82858e-17)
(0.202378 0.0454662 0)
(-1.85703 -0.546661 -6.9901e-18)
(-1.7664 0.455152 0)
(0.559476 0.0169945 -1.57876e-16)
(0.836385 -0.113094 -1.86402e-16)
(1.61309 -0.379721 -2.91767e-16)
(1.43934 0.689687 2.55975e-16)
(-2.52041 -1.03311 0)
(0.980734 0.731888 0)
(-0.101848 0.226855 3.00128e-16)
(-0.0208263 -0.103118 -4.50884e-17)
(-0.59192 -0.514415 -2.39064e-17)
(-0.101174 0.278772 0)
(-0.232118 -0.279883 0)
(-0.0786963 0.0112112 -2.38206e-16)
(1.16193 0.0468127 -2.0734e-17)
(-0.367257 -0.544651 -7.26275e-17)
(-3.07717 -0.189508 3.78076e-17)
(0.244202 0.165401 5.48859e-17)
(-0.775407 0.421553 0)
(0.276281 0.603528 0)
(-0.307417 -1.14541 1.77855e-16)
(-1.28894 -0.105463 0)
(0.0625581 -0.0698967 0)
(-0.499943 0.0483133 4.74202e-17)
(-1.61292 -0.0475517 8.78761e-17)
(0.00673476 0.212117 -2.96429e-17)
(0.252536 -0.981928 2.96008e-17)
(-1.03172 -0.319876 -7.20581e-17)
(0.216838 0.308987 1.74392e-16)
(3.04476 5.78543 -4.58875e-17)
(-0.916611 -0.554966 7.17767e-17)
(0.153005 0.123217 -4.43969e-18)
(0.121914 -1.46065 -5.58197e-17)
(0.0817884 -0.0280054 -1.74035e-16)
(-0.972842 0.747701 0)
(-1.21878 -0.413976 3.39702e-17)
(-1.00389 -0.861078 0)
(-0.677965 -1.08327 2.38363e-17)
(-1.04271 -0.769119 -2.71193e-17)
(0.763132 0.240446 0)
(0.723215 0.488599 -1.45596e-16)
(1.23922 0.445952 7.9088e-19)
(0.632232 -0.894819 -2.83301e-19)
(0.502534 -0.231744 2.01817e-16)
(-0.607161 0.265955 0)
(-0.373963 -0.774418 2.17569e-16)
(-0.635341 0.427995 2.3076e-17)
(0.0615081 -0.290911 -1.06335e-16)
(-0.466379 1.05387 1.58114e-16)
(-0.9105 0.812849 -2.89471e-16)
(0.665739 -0.204916 -1.4365e-16)
(0.853514 -1.09247 -1.63774e-16)
(-0.285971 -1.36704 2.5553e-16)
(-0.572952 0.710908 -3.9164e-17)
(-1.81349 -0.322162 -3.59346e-18)
(-2.79734 0.311066 6.06682e-18)
(-1.58775 0.349636 9.93848e-17)
(-2.59176 0.180606 -2.41719e-17)
(-1.81544 0.209493 4.30438e-17)
(-1.81608 -0.957065 5.88116e-17)
(0.0787705 -0.42522 1.68929e-16)
(0.128292 -0.368352 -4.79643e-17)
(1.36867 1.70623 0)
(1.57804 -2.19065 0)
(0.331722 -0.412379 0)
(-0.0838124 -0.230353 0)
(0.190392 -0.0783029 1.55103e-16)
(-0.126064 0.0787998 1.9204e-16)
(-0.729569 -0.258413 1.85995e-16)
(1.93786 1.32033 7.44962e-17)
(-0.809214 -0.23101 0)
(-1.81222 -0.442955 -9.09962e-17)
(0.644121 0.811714 -1.12836e-17)
(-0.492116 -0.612996 0)
(0.399502 -0.813025 -1.76395e-16)
(-0.983357 -1.29889 -5.98431e-17)
(0.55926 -0.674331 3.01086e-16)
(-1.33446 -1.07153 -8.22649e-17)
(-0.635524 0.129399 -1.75866e-16)
(-3.42025 -1.03762 7.19259e-18)
(-0.818145 0.0577602 5.56274e-17)
(-0.62977 1.08797 0)
(1.72536 0.548745 -3.23363e-17)
(-1.04546 -0.107067 5.90883e-17)
(-0.679456 -0.25796 8.46937e-17)
(-1.12567 -1.26161 -3.48335e-17)
(-2.6031 -0.879395 -9.17771e-18)
(0.0621375 0.0657802 -9.09108e-18)
(0.0486647 -0.562051 6.93656e-19)
(0.743213 0.171382 0)
(0.471329 -0.627624 -4.02697e-17)
(-0.450343 -1.03696 2.51413e-17)
(-0.130055 -0.823864 1.38258e-17)
(1.53698 -0.178052 2.46466e-18)
(1.04069 -0.0544182 -9.28479e-19)
(-0.390488 -0.152318 1.72162e-16)
(1.45943 0.531786 -8.33456e-17)
(0.283925 -0.627403 0)
(0.288169 0.0324863 1.54201e-16)
(-0.0539349 0.268986 3.09795e-16)
(-0.360236 -0.819711 2.0929e-16)
(-0.0332125 0.0216493 -1.00206e-18)
(0.953754 -0.783626 -1.75316e-16)
(-1.05031 0.333279 0)
(-2.56101 -0.107663 5.24565e-17)
(-2.77643 -0.339867 0)
(-1.69742 -2.78406 -1.12445e-16)
(-0.507239 0.259715 -9.58298e-17)
(-1.93287 -0.192406 -1.94508e-17)
(-2.72842 -1.38292 4.49567e-17)
(-2.73142 -0.804754 -2.98993e-17)
(3.53777 0.603824 1.02774e-16)
(3.38149 0.932501 -1.10235e-17)
(-1.42031 0.00261133 -1.48448e-17)
(-2.13669 -0.434896 -3.88206e-18)
(1.97429 -0.106086 -1.36921e-16)
(1.39867 0.089903 0)
(-0.339418 -0.253696 1.37679e-16)
(-2.95424 -0.835154 0)
(1.66213 -0.74703 1.06099e-17)
(1.36417 0.385256 -3.60319e-19)
(-1.27891 -0.02103 -1.70672e-17)
(-0.814011 0.518562 0)
(-2.72903 -0.133601 1.35212e-17)
(-2.47334 -1.38137 0)
(-2.6908 -0.146265 0)
(-2.70491 0.138831 0)
(0.167807 0.312667 1.12943e-17)
(-0.928248 -0.285539 1.96353e-17)
(-1.56846 0.0281586 0)
(-2.28685 -0.557573 4.65212e-17)
(-2.3892 -0.163369 -7.09784e-17)
(-1.80182 0.276561 3.44911e-17)
(0.0189806 -0.0718825 0)
(-3.1577 -0.36701 -8.86025e-17)
(-3.0063 0.0219933 5.94096e-17)
(-2.86978 -0.255962 1.00803e-16)
(-2.4229 -0.0498062 -7.44328e-17)
(0.990744 -1.46845 0)
(0.996706 0.987096 -1.62746e-17)
(-2.25095 -0.549897 -3.16477e-17)
(-2.40484 -1.11319 1.29437e-17)
(-0.0373954 -0.143376 0)
(0.249114 0.343219 -8.85875e-17)
(-2.37765 -0.441959 0)
(-2.4893 0.278806 0)
(-0.406056 -0.606449 0)
(-1.25242 0.532183 -8.84585e-17)
(-0.511391 -0.976386 3.39836e-17)
(-0.220583 0.0370235 -8.78392e-17)
(-0.632837 0.111271 2.0947e-16)
(-0.358513 -0.109501 0)
(-0.935349 -1.35623 -1.1666e-18)
(0.157526 -0.791942 0)
(0.333222 -0.126617 -4.18767e-17)
)
;

boundaryField
{
    frontandback
    {
        type            empty;
    }
    simetry
    {
        type            symmetry;
    }
    inlet
    {
        type            fixedValue;
        value           uniform (0.5 0 0);
    }
    outlet
    {
        type            zeroGradient;
    }
}


// ************************************************************************* //
