/*--------------------------------*- C++ -*----------------------------------*\
  =========                 |
  \\      /  F ield         | OpenFOAM: The Open Source CFD Toolbox
   \\    /   O peration     | Website:  https://openfoam.org
    \\  /    A nd           | Version:  7
     \\/     M anipulation  |
\*---------------------------------------------------------------------------*/
FoamFile
{
    version     2.0;
    format      ascii;
    class       surfaceScalarField;
    location    "0.15";
    object      phi;
}
// * * * * * * * * * * * * * * * * * * * * * * * * * * * * * * * * * * * * * //

dimensions      [0 3 -1 0 0 0 0];

internalField   nonuniform List<scalar> 
3982
(
-7.5967e-06
7.8137e-06
-2.17002e-07
-8.03545e-06
6.04314e-07
7.43113e-06
1.6541e-05
1.05959e-06
-1.76005e-05
1.03236e-05
-4.19291e-06
-6.13072e-06
3.11069e-05
-3.24319e-05
1.32491e-06
1.90183e-05
-1.16762e-05
-7.3421e-06
-1.40326e-05
3.22772e-06
1.08049e-05
5.51173e-08
-1.10817e-05
1.10266e-05
1.84927e-05
2.13579e-05
-3.98506e-05
3.26211e-05
-1.51416e-06
-1.02616e-05
2.92799e-05
3.56092e-06
-3.50575e-06
1.52653e-06
-1.55591e-05
2.58449e-05
-7.06411e-07
-2.51384e-05
-1.51626e-05
-4.55629e-06
1.97189e-05
3.36141e-05
1.13429e-06
-3.47483e-05
2.79449e-05
-1.65542e-05
-1.13907e-05
5.54765e-06
1.39505e-05
-1.94981e-05
-4.20607e-06
-6.5281e-06
1.07342e-05
9.76003e-09
1.76676e-05
-1.76774e-05
8.61615e-06
-1.17913e-05
3.17513e-06
-2.39241e-05
1.63463e-05
7.5778e-06
-1.65526e-05
4.83837e-05
-3.1831e-05
-3.25346e-05
1.5982e-05
5.94998e-06
-1.39854e-05
4.18867e-07
-8.01556e-06
-6.15022e-06
3.43744e-06
2.71278e-06
-7.93614e-07
-1.3242e-05
1.40356e-05
1.28997e-05
-1.20021e-05
-8.97673e-07
2.8261e-05
1.09333e-05
-3.91943e-05
-1.68785e-05
8.00093e-06
8.87758e-06
-1.17948e-05
2.83357e-05
1.70429e-06
8.61937e-06
8.45681e-06
1.31246e-05
-2.15815e-05
-7.20539e-06
-3.59662e-06
1.0802e-05
-6.15017e-06
-7.93648e-07
-9.39117e-07
6.82046e-06
-5.88135e-06
1.97107e-05
-1.80328e-07
-1.95303e-05
8.04765e-06
1.96046e-06
-1.00081e-05
-3.95763e-05
-1.85949e-05
5.81712e-05
-3.35383e-05
4.98039e-05
-1.62657e-05
1.56747e-05
-7.62714e-06
2.51324e-06
2.46601e-06
-4.97925e-06
4.10498e-06
-3.13129e-05
2.72079e-05
1.97106e-05
-9.39094e-07
-7.57053e-05
2.02492e-05
5.5456e-05
4.32279e-05
-1.89877e-05
-2.42402e-05
-5.52403e-05
1.69342e-05
3.83061e-05
9.87763e-06
-1.22545e-05
2.37692e-06
2.81842e-06
7.05926e-06
-3.00493e-05
2.1802e-05
8.24734e-06
1.67149e-05
-1.95171e-05
2.80217e-06
-9.70048e-06
1.11627e-05
-1.46218e-06
3.00629e-05
-3.54797e-05
5.41678e-06
-6.67035e-06
6.42716e-06
2.43189e-07
6.32128e-06
-6.51496e-06
1.93679e-07
8.35839e-07
1.5879e-05
-6.71552e-06
-2.98495e-06
1.72783e-05
9.5248e-06
-2.68031e-05
7.98789e-06
9.29038e-06
-5.99798e-06
-6.72354e-07
-4.35769e-06
1.0679e-05
-1.7773e-05
-1.47761e-05
3.25491e-05
-2.70563e-05
-2.14243e-05
4.84806e-05
2.20557e-05
-4.91121e-05
2.91566e-05
9.65821e-06
-3.88148e-05
4.29065e-05
2.58876e-05
-6.87941e-05
2.06055e-05
-6.58937e-05
4.52882e-05
-3.6383e-06
1.17351e-05
-4.52733e-05
1.30756e-05
5.32456e-06
-1.84001e-05
-4.8102e-06
-2.44656e-06
7.25676e-06
9.06083e-06
1.3718e-05
-2.27789e-05
-3.02427e-06
-7.63357e-06
1.06578e-05
2.04644e-05
5.38044e-06
1.29204e-05
-2.95738e-05
1.66534e-05
-7.06541e-06
-8.09714e-06
1.35764e-05
2.00377e-05
4.61267e-07
2.20845e-06
-2.66975e-06
-1.06811e-05
1.11423e-05
-7.31943e-06
-1.66047e-05
2.86159e-05
8.28487e-06
-3.69008e-05
-1.67694e-05
5.61087e-06
1.11585e-05
4.51608e-05
-2.66681e-05
-3.66268e-05
4.63363e-05
-9.70946e-06
-1.83792e-05
-9.83777e-06
2.82169e-05
-2.22132e-05
1.77378e-05
4.47534e-06
-2.72836e-05
9.51065e-06
-2.41819e-06
-3.48734e-06
5.90552e-06
-1.9965e-05
1.32198e-05
6.7452e-06
-2.24611e-07
-4.11881e-06
4.34343e-06
5.29776e-06
-7.71597e-06
-1.71356e-05
2.85134e-05
-1.13778e-05
-1.64056e-05
1.6181e-05
-2.24316e-06
-1.77219e-05
-2.73655e-05
-3.14643e-05
5.88297e-05
1.16264e-05
-1.43031e-05
2.67667e-06
-7.1442e-06
1.45513e-05
-7.4071e-06
2.48633e-05
7.46399e-06
-3.23273e-05
-9.71449e-06
3.032e-05
2.17146e-05
3.43075e-05
-5.60221e-05
-3.71579e-06
2.54304e-05
6.98925e-06
5.91046e-06
-3.68654e-05
1.63868e-05
2.04787e-05
1.74853e-06
4.01865e-06
-5.76718e-06
5.79396e-07
-9.45459e-06
2.7768e-06
6.67779e-06
-2.19833e-06
-7.25632e-06
-3.88391e-05
2.48904e-05
1.39487e-05
5.35285e-06
3.53905e-07
-5.70675e-06
-2.3663e-05
1.98518e-05
3.81116e-06
-2.35022e-05
-1.60569e-07
-1.27231e-05
7.3303e-06
5.39282e-06
4.47942e-05
-3.18738e-05
2.51941e-05
-1.86246e-05
-6.5695e-06
-5.83953e-05
4.1626e-05
-3.90601e-06
2.0977e-05
-1.7071e-05
-5.51431e-05
2.50938e-05
5.72664e-06
3.16862e-05
-3.74128e-05
-1.39853e-05
1.00793e-05
-9.73447e-06
3.70599e-05
-2.73254e-05
-3.3847e-06
-6.34975e-06
-1.63766e-05
1.63864e-05
1.0728e-05
-1.49341e-05
-0.000116791
4.10854e-05
6.37054e-05
-2.04776e-05
-9.30884e-05
3.78481e-05
-1.97398e-05
5.68097e-05
-3.70699e-05
3.6967e-06
-1.01663e-05
6.46964e-06
7.79505e-06
-1.26585e-05
4.86346e-06
-2.89547e-05
6.75427e-05
-3.85879e-05
2.80282e-05
-3.31735e-05
5.14531e-06
-1.38692e-05
1.90574e-05
-5.18817e-06
1.00348e-05
-1.31717e-06
-8.7176e-06
1.02815e-05
-2.94906e-05
1.92091e-05
-5.22964e-06
2.21948e-05
-1.69651e-05
-2.81365e-05
9.47241e-06
1.86641e-05
1.46695e-05
-1.56681e-05
9.98624e-07
-5.70249e-05
3.9131e-05
1.78939e-05
8.72793e-06
-3.06307e-06
-5.66486e-06
-5.70348e-05
4.50123e-05
1.20225e-05
-5.1424e-05
3.2644e-06
-1.62624e-05
1.2998e-05
-1.58492e-05
-1.45558e-06
1.73048e-05
2.43235e-05
6.12912e-06
-3.04526e-05
-2.05878e-05
-4.97482e-06
2.55626e-05
-1.67104e-07
2.44907e-05
-1.24986e-06
-1.45993e-05
1.30641e-05
2.39971e-06
-1.54638e-05
-2.27212e-05
-1.19019e-05
3.46231e-05
-1.35365e-05
5.41122e-05
-4.05756e-05
-4.83156e-05
3.47791e-05
2.2201e-05
-2.13652e-05
-8.88217e-06
2.16667e-06
-3.40751e-06
-1.49718e-05
-6.82345e-06
8.2542e-07
1.21797e-05
-1.65374e-05
1.79297e-05
-7.69704e-06
-1.02326e-05
6.30342e-07
4.73063e-06
-5.36097e-06
-1.91821e-07
-3.69404e-06
3.88587e-06
2.58025e-05
1.87089e-06
-2.76734e-05
2.37513e-05
2.05124e-06
-1.48858e-05
1.07045e-05
4.18127e-06
2.51769e-06
-3.82611e-07
-2.13508e-06
4.07063e-06
2.48249e-06
-6.55312e-06
-5.22148e-05
2.67544e-05
2.54604e-05
-5.77916e-05
3.80549e-05
1.97368e-05
1.30592e-05
-2.26141e-05
9.55496e-06
8.54115e-06
-2.34269e-05
2.51311e-06
4.53968e-09
1.44759e-05
-1.31632e-05
-1.31268e-06
-2.21283e-06
1.66887e-05
-1.89556e-06
5.08078e-06
-3.18522e-06
2.65537e-06
-1.19666e-05
9.31121e-06
-1.31059e-05
1.12103e-05
4.24824e-05
-3.9827e-05
-3.69313e-05
4.10362e-05
6.93675e-06
-4.42352e-06
2.87502e-05
-2.30235e-05
-1.6183e-05
1.56039e-05
5.79148e-07
1.10589e-05
-1.84364e-05
7.37755e-06
-1.54475e-06
5.37358e-07
1.00739e-06
-1.51807e-06
-1.89994e-05
2.05175e-05
-1.27198e-05
5.85565e-06
6.86415e-06
1.58723e-05
-2.81308e-06
-4.31339e-05
2.66274e-05
1.65065e-05
-4.79931e-06
-7.44691e-06
1.22462e-05
3.75273e-05
-3.75273e-05
1.50571e-05
-1.91729e-05
4.11573e-06
-1.33746e-05
-3.88402e-05
-4.7746e-05
4.7746e-05
-6.16823e-06
9.95698e-07
5.17252e-06
-9.7643e-06
6.35677e-06
3.32297e-06
-1.19655e-05
8.64256e-06
4.25752e-05
-3.56685e-05
-6.90675e-06
-7.74801e-06
-5.62656e-06
-1.62809e-05
-4.30682e-06
2.83561e-05
1.42192e-05
-1.05967e-05
9.07861e-06
1.26751e-06
-2.81229e-06
-7.18656e-06
-1.87655e-08
4.56021e-06
3.89672e-06
2.89617e-06
1.88783e-05
-2.17744e-05
-3.86859e-06
6.76474e-06
-3.33581e-05
1.60218e-05
1.73362e-05
-4.36516e-06
-3.22617e-05
6.12213e-06
2.21389e-05
-6.25953e-06
-3.33168e-05
-1.06439e-06
-1.69932e-06
-6.27524e-06
5.21085e-06
2.07641e-06
-3.77573e-06
1.01491e-05
4.90797e-06
-2.42663e-06
-3.74157e-06
2.79017e-05
9.62547e-06
-2.57308e-05
-2.40561e-06
1.1871e-05
2.79856e-06
7.13035e-06
1.59756e-06
-3.68513e-05
-2.01738e-05
-3.58139e-05
4.91805e-06
3.08959e-05
-1.4897e-05
-2.0917e-05
-3.06003e-05
-1.71458e-05
1.68554e-05
-5.79658e-06
-7.00361e-06
8.73627e-06
-1.73266e-06
1.69049e-05
5.24656e-05
-6.93705e-05
1.8692e-05
-1.78713e-06
1.5056e-05
-1.5657e-05
6.01058e-07
-5.34733e-05
2.34776e-05
2.99957e-05
2.19953e-05
-1.59317e-05
-6.06362e-06
-3.98295e-05
2.40933e-05
1.57362e-05
3.95369e-07
4.25112e-05
-2.05606e-06
-4.94752e-06
1.44938e-05
-3.4011e-05
-3.79181e-06
1.49545e-05
-4.65595e-06
1.10831e-05
1.47433e-05
-2.12583e-05
4.17453e-06
-4.104e-05
-2.59064e-06
4.3392e-06
-1.11312e-05
1.60493e-05
1.48279e-05
-5.36671e-05
-1.02644e-06
6.37922e-06
-2.18533e-05
5.83654e-07
1.44723e-05
8.23602e-06
-1.93673e-05
1.40218e-05
-8.58772e-06
-5.43405e-06
7.80582e-06
-1.09655e-05
3.15965e-06
-9.5305e-06
4.69252e-06
4.83798e-06
-5.1431e-06
2.58562e-06
2.55748e-06
-2.1545e-06
1.2436e-05
1.87647e-05
2.59321e-06
5.59367e-06
-7.7481e-06
6.37401e-06
1.15557e-05
-2.46696e-05
1.26365e-05
-3.40687e-05
2.14322e-05
7.34487e-06
-6.09854e-06
-1.24634e-06
1.93366e-06
-3.94338e-06
2.00971e-06
-2.76339e-05
-2.75092e-05
-1.2392e-05
-9.82118e-06
2.06605e-05
8.49617e-06
-2.33744e-05
3.43078e-05
-2.37031e-05
1.17011e-05
9.1538e-06
-1.07318e-05
1.57798e-06
-3.52064e-05
4.48646e-05
1.19483e-05
-7.43521e-06
-4.51306e-06
-3.2396e-05
2.4565e-05
7.83095e-06
-3.03089e-06
-1.70357e-05
2.00666e-05
2.81364e-05
-4.67314e-05
-1.92102e-05
1.29979e-05
6.21224e-06
9.17871e-06
-4.20926e-06
-4.96945e-06
1.34716e-05
2.0274e-05
-3.37456e-05
-3.29349e-05
2.52407e-05
-5.81756e-05
-1.65831e-05
9.43904e-06
-9.03791e-06
-4.87536e-05
-2.24459e-06
1.53694e-05
3.83715e-07
-3.98027e-06
8.83088e-07
-9.60706e-06
8.72397e-06
1.04296e-06
-6.45291e-06
5.40995e-06
-3.64132e-05
8.73073e-05
-5.08941e-05
-2.55234e-05
6.28774e-05
-3.7354e-05
1.07613e-05
4.64955e-06
-1.54109e-05
-2.30726e-05
-6.4179e-06
6.00691e-06
7.46462e-06
-8.41488e-06
9.46657e-06
-1.05169e-06
2.48802e-05
-2.92458e-05
4.36555e-06
1.39582e-05
-3.03639e-05
2.08173e-05
-2.38482e-05
-7.49461e-06
-9.20258e-07
2.17821e-05
3.09822e-06
5.11674e-06
4.76924e-07
6.06491e-05
-3.5455e-05
-4.0498e-05
2.66287e-05
2.29699e-07
6.67347e-06
-6.90317e-06
-3.55295e-05
2.28064e-05
7.23286e-05
-4.43003e-05
1.05929e-05
-5.2952e-06
1.49271e-05
-1.86301e-06
-2.91137e-05
6.3926e-06
5.26026e-09
2.48451e-06
-2.48977e-06
1.58947e-05
-1.81379e-05
2.06704e-05
-4.32845e-05
8.11322e-06
-8.10795e-06
-5.25873e-05
5.8016e-05
-5.42872e-06
-2.54091e-05
-6.98684e-06
1.03218e-05
1.62648e-06
9.08474e-06
9.40078e-08
-1.80738e-05
-1.13642e-06
-1.95556e-05
-3.48616e-06
8.57626e-05
-7.24531e-05
-1.33095e-05
-5.04078e-06
1.56337e-05
2.28016e-06
2.25832e-05
-8.65716e-06
3.03887e-05
-2.17316e-05
6.74907e-06
-2.66714e-05
1.99224e-05
-7.01272e-06
2.22847e-05
-1.52719e-05
-1.13256e-05
2.72205e-05
-2.31459e-05
1.92357e-06
2.12223e-05
1.65019e-05
-1.09115e-05
-5.59037e-06
-1.92805e-05
-2.15226e-05
3.12831e-05
-3.24253e-05
1.14212e-06
1.90751e-05
6.13063e-06
1.48464e-05
-2.79572e-05
5.03833e-05
-2.24261e-05
-2.34535e-05
-1.76596e-05
4.11132e-05
-2.32782e-05
2.39978e-05
-7.19659e-07
-4.67687e-05
2.34905e-05
2.11024e-05
1.59575e-05
6.74979e-06
1.84909e-05
-3.12853e-05
3.8035e-05
-2.32338e-06
-1.3837e-05
1.61604e-05
1.75029e-05
2.22273e-05
-3.97303e-05
3.5815e-05
-1.81473e-05
-1.82327e-05
1.17046e-05
5.25934e-05
-1.67784e-05
-2.86711e-05
1.04384e-05
2.8578e-05
-4.1028e-06
-2.44752e-05
2.53218e-05
3.25614e-06
8.73925e-07
-9.26065e-06
8.38672e-06
2.31665e-06
4.57e-06
-6.88664e-06
-1.74577e-07
-1.25453e-05
2.53671e-05
1.65196e-05
-4.18867e-05
-3.39186e-07
1.35443e-06
-1.01524e-06
8.19664e-06
1.77644e-05
-2.5961e-05
-3.90014e-05
1.5627e-05
2.60032e-05
-9.48341e-06
-1.65198e-05
4.09493e-05
-3.7884e-05
-3.06532e-06
-6.61761e-06
1.73789e-05
1.7097e-05
8.9062e-06
8.60297e-06
-5.33856e-06
-3.12739e-05
-7.75759e-07
3.20496e-05
4.91132e-05
-2.09768e-05
4.14695e-05
-3.3762e-05
-7.70744e-06
1.59757e-05
-5.1182e-05
6.85052e-06
-6.13697e-06
-7.13551e-07
2.92809e-06
1.07029e-06
-3.99838e-06
-1.04625e-06
1.31323e-05
-1.20861e-05
-1.44e-05
4.63016e-06
9.76984e-06
-5.03015e-06
7.55418e-07
4.27473e-06
2.42459e-05
-1.54977e-05
-8.7482e-06
-1.07237e-05
5.56577e-07
1.01672e-05
-4.66218e-06
3.40766e-06
1.25451e-06
5.28683e-05
-3.13872e-05
-2.1481e-05
-2.45908e-05
1.27995e-05
-2.90258e-05
-1.41082e-05
4.3783e-06
-1.45023e-06
3.34719e-06
3.50331e-06
-4.11012e-06
3.06368e-06
-1.40971e-05
-3.02965e-07
-1.6185e-05
2.62197e-05
3.23315e-05
-1.96951e-05
2.56379e-05
-2.00902e-05
-1.59422e-05
-1.27289e-05
2.71851e-05
2.54082e-05
-2.40525e-05
2.67898e-06
2.13735e-05
1.06864e-05
9.11607e-07
-1.1598e-05
2.04691e-05
-9.66362e-06
-1.08054e-05
-2.68332e-05
1.21829e-05
1.46502e-05
8.12663e-06
-3.90861e-06
2.0337e-05
-7.39026e-06
1.39117e-05
1.48596e-05
-2.15943e-05
6.73468e-06
2.71068e-05
-1.13636e-05
-1.57432e-05
2.00179e-05
-3.59601e-05
-2.81589e-05
5.53441e-05
-1.70713e-05
-2.67945e-06
1.97508e-05
-1.51881e-05
1.8511e-05
2.17359e-05
-1.05949e-05
-1.1141e-05
-1.22298e-05
7.55874e-06
4.67108e-06
1.04227e-05
-6.35211e-06
2.40864e-05
1.80116e-06
1.62814e-05
-1.06144e-05
-5.66707e-06
1.51843e-05
-2.52868e-05
3.47328e-05
-9.44599e-06
1.62091e-05
-1.03576e-05
-5.85155e-06
-3.18959e-05
1.96235e-05
1.22724e-05
1.0433e-05
-1.27326e-05
2.29959e-06
1.42567e-05
-6.92635e-06
-1.58145e-05
5.41146e-07
7.23507e-06
7.36997e-06
-3.30215e-06
3.19181e-05
8.79465e-06
1.89178e-06
-2.02395e-05
-3.81292e-06
2.21851e-05
-1.71608e-06
-2.70524e-05
2.19198e-07
-2.64646e-05
7.84002e-06
3.26597e-05
-5.55288e-06
2.17359e-05
-1.22299e-05
-3.02978e-06
2.00826e-06
-2.2396e-06
1.13881e-05
4.95813e-06
-1.89585e-05
2.77556e-06
-4.05076e-05
1.91055e-05
2.14021e-05
9.62425e-06
-4.97471e-06
-1.89044e-08
4.19343e-06
4.85863e-06
-7.44924e-06
1.58909e-06
-2.61553e-06
1.37347e-05
1.09313e-06
-1.15132e-05
2.6733e-05
-1.52199e-05
7.90415e-06
2.3379e-05
2.17149e-05
-3.73592e-05
1.56443e-05
1.37905e-06
-2.13866e-05
-1.58246e-05
2.7499e-05
-1.16744e-05
-2.82733e-05
2.38776e-05
4.39572e-06
1.14082e-05
-1.90038e-05
7.59565e-06
-4.14797e-05
8.30631e-06
2.46089e-05
-5.55157e-06
-8.98879e-07
-9.26754e-06
-8.15707e-06
6.49667e-05
-3.38918e-06
-9.26928e-06
-3.57355e-06
7.11162e-05
1.76554e-06
-5.6249e-05
6.3713e-05
-8.43925e-06
7.58989e-06
-4.37319e-06
-3.21671e-06
-5.05202e-06
6.6094e-06
-1.55737e-06
1.06103e-05
-1.38599e-05
3.24962e-06
-6.96086e-06
1.70369e-05
-1.0076e-05
1.01842e-05
1.194e-06
8.43023e-06
-4.15121e-06
5.34524e-06
-1.17918e-06
-1.63115e-05
1.74907e-05
-8.27685e-06
9.33643e-06
-2.13908e-06
-2.05384e-06
-5.69929e-06
1.35131e-05
4.51996e-06
-3.91565e-06
1.68227e-06
1.45991e-05
3.85458e-05
3.15273e-05
-3.09437e-05
-6.40864e-06
-5.7871e-06
-1.04752e-05
2.91127e-05
-3.62581e-07
-5.56926e-06
6.03055e-06
-4.61297e-07
2.65626e-06
-6.40631e-07
-2.01562e-06
-8.31375e-07
-4.85812e-07
7.59114e-06
-1.87024e-05
1.3133e-05
-1.16384e-05
-5.39725e-06
-3.37009e-05
2.79138e-05
1.04237e-05
-9.79326e-06
-6.57588e-06
6.38407e-06
-1.50175e-06
-1.23352e-05
2.81444e-05
1.52749e-05
-8.08558e-06
6.99868e-06
-1.95133e-05
-8.4439e-06
-1.28568e-05
2.02018e-05
8.58326e-06
-6.18356e-06
-1.31522e-05
1.25034e-06
4.41222e-05
1.58885e-05
-2.06878e-05
-3.76485e-06
-5.49571e-06
2.78155e-06
1.78854e-06
7.13795e-06
-1.45849e-05
8.47946e-06
-4.78567e-07
2.41286e-05
1.47879e-05
-5.63412e-06
1.79932e-05
-1.96144e-05
1.62121e-06
3.29317e-06
1.47e-05
4.59351e-05
-8.11479e-06
2.95469e-05
-2.14321e-05
1.3041e-05
-2.11558e-05
-1.08912e-05
5.83912e-06
1.41731e-05
-6.5832e-06
1.77023e-06
-3.91183e-07
1.59236e-05
-3.73102e-05
4.24008e-05
-1.57733e-05
7.6002e-06
-1.15435e-05
2.15373e-05
2.70862e-06
-4.42178e-06
-6.30192e-06
-2.31842e-05
1.62234e-05
6.95185e-06
3.65835e-06
3.57581e-05
1.71101e-05
-4.51487e-06
-1.47364e-07
-2.02784e-05
7.12607e-06
9.93165e-06
-1.34832e-06
-1.18875e-05
-2.59965e-05
1.00591e-05
-3.77775e-06
-6.28134e-06
-1.95663e-05
3.93873e-05
-1.9821e-05
-1.08987e-06
-1.55968e-05
1.66867e-05
-9.77667e-06
-7.28541e-07
1.05052e-05
-1.07378e-05
4.04925e-06
-1.76918e-06
6.99778e-06
2.56597e-05
-1.42613e-06
-4.49091e-06
4.47308e-06
2.06458e-08
-4.49373e-06
7.0163e-06
-2.54317e-06
-2.14985e-05
-1.38082e-05
-4.62816e-06
3.99368e-05
1.04464e-05
3.73028e-05
-2.13271e-05
5.05607e-06
-4.75517e-05
7.04405e-06
6.83254e-07
1.00837e-05
-1.78728e-05
2.48621e-05
1.04832e-05
-1.52702e-05
-2.64878e-05
4.1758e-05
2.79726e-05
9.33025e-06
1.61437e-05
-9.69835e-06
-6.44533e-06
-1.24683e-05
-1.06775e-05
-1.42569e-05
1.62667e-05
-3.52228e-06
-2.39869e-05
3.8916e-06
-8.04281e-06
-3.84431e-05
1.70188e-05
-2.3269e-05
7.61192e-06
-5.57253e-05
2.01958e-05
8.81288e-05
-1.58001e-05
8.03625e-05
-1.97134e-05
-5.89358e-05
1.84378e-05
-1.8643e-05
-4.626e-06
-1.36987e-05
1.75902e-05
-1.04208e-05
3.85652e-05
-5.84969e-06
-2.23594e-06
-1.76531e-05
5.8176e-07
-3.10792e-05
-7.36392e-06
-3.88587e-05
7.5849e-06
5.05019e-05
3.61027e-06
5.32688e-05
-1.62255e-05
-3.70434e-05
1.92804e-05
-2.27666e-05
-1.78071e-05
2.25595e-05
-4.75239e-06
2.01204e-05
3.03816e-05
2.5261e-05
-4.92399e-06
-8.71127e-06
2.51083e-05
2.81607e-05
-4.68722e-06
2.39677e-05
2.05075e-05
-2.05075e-05
-1.67969e-05
1.67969e-05
1.2867e-05
-1.2867e-05
-1.13416e-05
1.13416e-05
-9.43869e-06
-6.78946e-08
9.50659e-06
3.9574e-06
-3.57884e-05
1.64127e-05
-2.94084e-06
-1.34719e-05
-2.55207e-05
4.6338e-05
1.05965e-05
-3.85656e-05
3.30018e-06
-2.86511e-07
-3.01366e-06
-3.73382e-05
2.52914e-05
1.20468e-05
-1.78589e-06
-2.37347e-05
-1.39517e-05
-9.8965e-06
9.09333e-06
-5.83688e-06
2.72764e-07
5.56411e-06
6.52753e-05
-4.87734e-05
3.96699e-06
-8.54015e-06
4.57318e-06
6.43377e-06
-8.82983e-06
2.39606e-06
-4.04648e-06
-3.65056e-06
4.7304e-06
-1.25298e-05
7.79938e-06
1.81889e-05
-2.40258e-05
1.23411e-06
-1.65043e-05
-1.06805e-05
1.46476e-05
-1.11176e-05
-5.66338e-06
-9.23361e-06
1.25248e-05
1.17109e-05
-2.42358e-05
-2.56825e-06
1.74278e-05
-5.26849e-06
3.19987e-06
-3.38383e-06
-3.53946e-06
2.1507e-06
-1.24664e-06
2.28956e-06
-4.701e-05
3.56635e-05
-6.11869e-05
-2.04512e-05
2.6441e-06
-1.01954e-05
2.46842e-06
7.72696e-06
-1.10144e-05
-5.09505e-06
1.61094e-05
2.63374e-05
5.69538e-06
-3.20328e-05
-2.47537e-05
7.45577e-05
-6.56797e-05
4.0926e-05
6.48116e-06
-2.28578e-05
5.35123e-06
-1.50591e-05
-4.62498e-05
-1.19257e-05
-2.59702e-05
1.57748e-05
-1.71816e-05
4.83856e-06
1.23431e-05
4.08815e-08
-1.09063e-06
1.04975e-06
-2.1548e-05
-4.4222e-06
4.88486e-06
2.06777e-05
1.19422e-05
-7.21184e-06
-2.05535e-06
-1.9798e-05
-5.59406e-06
9.64485e-07
4.62958e-06
-1.81729e-06
-1.70498e-06
3.30757e-05
-1.82854e-05
-1.47903e-05
3.51624e-06
7.21173e-06
2.5254e-05
3.07005e-05
-5.59545e-05
2.2483e-05
1.63353e-05
-3.58909e-05
1.30225e-05
3.3128e-06
-2.30616e-05
3.68029e-06
6.92103e-06
-2.6707e-05
-7.99796e-06
3.47049e-05
4.72596e-05
-1.4184e-05
4.89923e-06
-1.45064e-05
6.33972e-06
5.65377e-05
3.33376e-06
-9.78677e-06
1.2159e-05
7.51482e-05
-6.84636e-07
1.32202e-05
-1.25355e-05
2.80321e-05
2.34849e-05
-5.1517e-05
-3.82844e-05
-1.51889e-05
1.41751e-05
7.82016e-06
-5.98728e-05
7.28555e-06
-4.97038e-06
-1.08543e-05
-1.49873e-05
3.31109e-06
-2.66544e-05
-5.77743e-06
1.75072e-05
-1.42794e-05
3.34737e-06
-1.4429e-05
1.09429e-05
-1.65282e-06
-9.29005e-06
-2.33322e-05
2.67014e-07
-8.06452e-07
-4.30883e-05
-2.29302e-06
2.25422e-05
-8.01696e-06
-1.09707e-05
7.76319e-06
-1.00896e-05
7.7967e-06
-2.60765e-06
-5.40937e-06
-1.07634e-05
-1.48134e-07
-2.00526e-06
1.89394e-05
-9.38638e-06
-1.37702e-06
-8.6225e-06
6.61724e-06
-5.83878e-06
-5.17552e-06
1.65599e-05
9.77746e-06
-2.61076e-05
1.79506e-05
-2.68185e-05
2.3245e-05
8.67855e-07
-4.25703e-06
2.373e-06
-3.27187e-06
-2.15997e-05
-7.30738e-07
3.26692e-06
-2.53618e-06
4.80069e-06
-1.011e-05
5.3093e-06
-1.05396e-05
4.87633e-06
7.99063e-06
-1.40912e-06
-6.58151e-06
-4.58958e-06
-3.66438e-06
8.25396e-06
-1.03549e-05
2.90469e-05
-1.84002e-05
7.25676e-06
-2.27789e-05
1.06577e-05
-1.24669e-05
4.83149e-05
-3.5848e-05
-1.1408e-05
2.39329e-05
1.7372e-05
1.17853e-05
-2.91572e-05
2.38369e-06
-3.0683e-06
8.69857e-06
-2.18221e-05
3.79825e-05
2.14541e-05
7.03959e-06
-2.84936e-05
-3.58768e-05
2.24229e-05
1.34539e-05
1.11925e-05
-2.2522e-05
3.09087e-05
1.51562e-05
-2.20429e-05
-1.12565e-05
-1.39721e-05
1.66285e-05
9.73579e-05
-1.15953e-05
1.68675e-06
1.56853e-05
-5.8707e-07
1.94152e-06
1.63686e-06
1.61275e-05
-2.18748e-05
-1.61968e-05
3.80716e-05
7.39914e-06
1.05638e-05
-1.79629e-05
-3.94235e-06
4.74701e-06
-8.04666e-07
-3.6934e-05
1.27504e-05
3.8567e-05
-4.41176e-05
-2.65117e-06
8.34797e-06
-1.63352e-05
1.26412e-05
3.43996e-05
-2.96688e-05
6.86554e-06
-3.14563e-05
-1.04327e-06
3.97058e-06
-2.92732e-06
-1.10203e-05
-2.21167e-05
3.3137e-05
-1.06201e-05
1.23135e-06
9.38873e-06
-3.2571e-05
-5.76632e-06
3.83373e-05
-2.17359e-05
1.48977e-05
6.83817e-06
-2.66715e-05
1.22298e-05
-1.4468e-05
2.23824e-06
3.03887e-05
-1.3648e-05
1.30074e-05
-2.18194e-06
1.13865e-06
-1.80419e-05
7.02153e-06
4.10319e-05
-3.8345e-05
-2.68687e-06
2.54916e-05
1.55404e-05
3.51774e-05
-7.11881e-06
-2.80585e-05
4.0363e-07
1.08374e-06
-1.48737e-06
1.74307e-05
-1.92625e-05
1.83177e-06
-1.30067e-05
3.64252e-06
9.3642e-06
1.2458e-06
4.15158e-06
-3.26452e-05
1.37979e-05
1.5749e-05
-2.85609e-05
-1.09323e-05
-2.19341e-05
1.58544e-05
6.07965e-06
-1.47716e-05
3.75781e-05
-2.28066e-05
7.53731e-06
-1.75235e-05
9.98615e-06
-3.01978e-05
3.88964e-05
-1.0214e-05
3.19961e-05
4.02846e-06
-1.15231e-05
-1.25514e-05
1.11124e-06
1.45157e-05
-4.1994e-05
2.74783e-05
-1.08698e-05
1.56401e-06
8.54008e-06
-2.16602e-06
-5.24772e-06
-3.46349e-07
1.0538e-05
5.98163e-06
-2.18988e-06
4.30272e-05
-4.69696e-05
5.08383e-06
-1.17725e-05
-2.01325e-05
1.14232e-05
-1.66425e-05
-1.92343e-05
6.83725e-06
-3.94082e-05
1.75237e-05
7.73741e-06
1.20812e-06
4.82238e-06
4.35331e-06
-2.29963e-05
8.50128e-06
2.44162e-06
-5.69242e-06
2.97857e-05
-9.59389e-06
8.50689e-06
4.62236e-06
2.03735e-06
2.09952e-05
-2.04157e-05
-2.04392e-05
-8.27043e-06
2.87097e-05
3.40873e-05
-6.11466e-06
-3.81259e-05
-1.80997e-05
5.62257e-05
-3.52154e-05
1.89851e-05
-3.19916e-05
-1.74655e-05
1.33359e-06
1.9666e-06
-2.53244e-06
-3.48058e-05
-9.53843e-06
-1.46706e-05
1.49861e-06
3.60553e-06
-2.22652e-06
-1.01654e-05
4.16086e-06
-1.49e-05
2.66109e-05
2.22026e-05
-1.47746e-06
-2.07252e-05
-5.03783e-05
2.87305e-06
4.75052e-05
2.20223e-05
1.05268e-05
1.1801e-06
1.44947e-05
-9.55141e-06
1.80475e-05
-6.5211e-06
-3.81989e-07
-1.17815e-06
3.58012e-05
-3.1968e-06
-1.22669e-05
-9.11829e-06
4.19434e-06
1.95782e-06
1.83363e-05
-2.02942e-05
2.00425e-05
-6.09205e-06
-1.29591e-06
-7.82227e-06
-6.64372e-06
4.88123e-05
-4.28062e-05
-6.00615e-06
1.15673e-05
2.0211e-05
-4.18924e-06
4.94938e-07
1.46552e-06
-1.76645e-05
1.11025e-06
1.12745e-05
-4.96918e-06
1.34486e-05
-1.65395e-05
3.50304e-05
2.81199e-06
-4.108e-06
2.28797e-05
2.19146e-05
2.51512e-06
-7.2024e-06
-7.32892e-06
9.61069e-07
6.36785e-06
8.89228e-06
-5.59906e-06
1.71773e-05
-2.36922e-06
4.88438e-06
-1.80272e-05
1.58006e-05
-4.46817e-05
6.08253e-05
-4.82614e-06
7.30862e-06
1.50667e-05
-2.00877e-05
2.20112e-05
1.32062e-05
1.94149e-05
2.69161e-05
-3.64675e-05
-5.49042e-06
-2.82716e-05
7.63564e-06
-6.1091e-06
-9.75398e-06
1.33149e-05
-1.30084e-05
8.38237e-06
-7.90909e-06
2.24421e-06
2.8602e-05
-1.07082e-05
8.3951e-06
-5.92667e-06
-3.98348e-05
3.77171e-05
2.11775e-06
-5.10441e-05
-1.57808e-05
6.68248e-05
2.13993e-05
-2.7351e-06
-6.06326e-06
7.06194e-06
5.45632e-06
-2.77709e-05
2.23146e-05
2.1595e-06
1.34445e-05
3.18099e-06
-4.09854e-07
-1.79472e-06
1.01952e-05
1.99921e-07
2.07952e-05
-4.83029e-06
2.89168e-05
-2.00548e-06
-1.99296e-06
-4.88169e-06
1.46517e-05
-4.4216e-06
9.29791e-06
1.96394e-05
6.47682e-06
1.35556e-05
1.00902e-06
-1.45646e-05
-1.75072e-05
3.4938e-05
-1.41917e-05
3.58874e-06
1.0603e-05
9.3991e-06
-1.7667e-05
8.26793e-06
-1.2631e-05
1.06256e-05
3.05999e-05
-3.54816e-05
-2.90933e-06
2.02455e-05
-2.66125e-05
4.88373e-06
3.9109e-06
-1.51121e-05
-5.12745e-06
-2.02466e-05
-6.80579e-06
1.46142e-05
7.57097e-06
-6.45365e-05
-4.25749e-06
1.00213e-05
3.45045e-05
-1.3241e-05
-2.12635e-05
-2.98802e-06
2.74967e-06
2.38343e-07
-4.76224e-05
3.95813e-05
-2.36201e-05
6.69919e-06
-5.01249e-06
-3.4096e-06
-1.85244e-05
6.33949e-06
-1.2726e-05
7.01898e-06
4.75432e-06
-1.17733e-05
1.98098e-05
-1.27908e-05
7.98017e-06
-2.86617e-05
-2.65139e-05
-1.54165e-07
-3.60924e-06
-3.71967e-06
3.1155e-06
6.90575e-06
3.5108e-06
-3.12808e-06
1.61691e-05
-3.92463e-05
-5.88591e-07
5.53397e-05
-3.24601e-05
-2.88857e-05
-1.31217e-06
1.75818e-05
-1.75818e-05
6.27467e-06
-4.37042e-06
1.16103e-06
9.87818e-07
-6e-06
2.5962e-05
-1.9962e-05
6.94748e-06
-1.09199e-06
-5.04927e-05
5.04927e-05
2.47969e-05
-3.67928e-05
1.19959e-05
-1.22314e-05
-1.66543e-05
2.70253e-05
-1.38051e-05
-4.90019e-06
-1.05648e-05
1.5465e-05
-1.1026e-06
1.12324e-06
1.2669e-05
-6.08333e-06
4.2975e-06
-5.00943e-06
-1.07396e-06
7.86938e-06
-3.70851e-06
1.42866e-05
2.84164e-05
-4.93872e-06
-2.61529e-06
-3.44834e-06
3.0974e-05
-2.46062e-06
-1.29613e-05
-1.07068e-05
2.09807e-05
-1.02739e-05
-9.89612e-06
-1.31696e-05
2.30657e-05
-3.43526e-05
2.21212e-05
-3.25452e-05
2.31064e-05
-3.58566e-05
2.98567e-05
-2.48066e-05
-6.2726e-06
-1.46139e-05
3.1093e-07
2.91178e-05
1.81418e-05
5.072e-06
-5.072e-06
-4.13944e-06
4.13944e-06
-1.11763e-05
1.11763e-05
1.38457e-05
-1.38457e-05
7.10484e-06
6.98257e-06
-1.40874e-05
-7.46874e-06
6.37948e-06
1.12752e-05
-3.38347e-06
-8.28812e-06
2.08931e-05
-1.2605e-05
-2.53383e-05
2.25637e-05
-2.09938e-06
2.85329e-05
5.9716e-06
-4.60873e-06
1.6207e-06
4.57611e-06
4.96022e-07
-6.78349e-06
2.64401e-06
7.59886e-05
4.67894e-06
-1.70732e-05
1.00077e-05
4.26143e-06
9.31496e-06
1.71402e-05
1.17314e-05
2.81989e-06
-3.02046e-05
1.71819e-05
1.45714e-05
-7.25669e-07
-1.30664e-05
1.89022e-06
-3.15525e-05
6.88286e-06
-8.23372e-06
-1.13807e-05
-6.12572e-05
-1.56235e-05
-5.46706e-06
2.10905e-05
1.82321e-05
3.97056e-06
-4.27415e-05
-7.63681e-06
-3.53881e-05
-1.14734e-05
4.68616e-05
1.99516e-05
-3.34396e-05
2.45011e-05
8.9385e-06
-2.1216e-05
3.62827e-05
1.67623e-05
-1.10143e-05
-2.05576e-05
3.00824e-05
-4.67934e-05
3.65175e-05
-1.33149e-05
3.15381e-05
1.33266e-05
-2.11863e-05
2.69511e-05
-1.21048e-05
2.35487e-05
5.42259e-05
-7.77038e-06
-5.18441e-05
-2.10953e-05
2.10274e-05
6.79447e-08
-1.68984e-05
-9.02907e-06
-3.24894e-08
-1.1933e-05
-1.0808e-05
-1.19586e-05
-2.40474e-05
9.85571e-06
5.84322e-06
1.29924e-05
-3.60541e-05
1.82742e-05
-8.87502e-06
2.01936e-05
-2.0121e-06
-2.799e-05
-1.61979e-05
4.41879e-05
-7.33324e-06
-6.55077e-06
-7.82467e-07
3.20166e-06
1.81243e-05
-1.49226e-05
1.6839e-05
-3.47973e-06
-1.48943e-06
1.32656e-05
-1.67453e-05
-1.58608e-05
-3.57318e-05
3.36757e-05
-1.39192e-05
1.0617e-05
-1.95096e-05
4.42206e-05
-5.82486e-06
1.92272e-05
-1.34024e-05
-1.18839e-05
-2.1563e-06
1.40402e-05
-1.4461e-05
1.17815e-05
2.85216e-05
-8.40129e-06
1.84239e-08
-2.1591e-05
-1.68525e-05
3.84435e-05
2.61707e-07
3.29604e-05
-9.19166e-06
-2.37688e-05
-9.49025e-06
-3.1056e-07
9.80081e-06
-3.91804e-07
1.72308e-05
-2.05964e-05
1.23083e-05
-4.94974e-06
1.36861e-05
-2.16527e-05
7.58786e-05
1.28148e-05
-6.13704e-06
7.33003e-06
3.37375e-06
4.37448e-07
-3.263e-06
1.06456e-06
1.23799e-05
-2.66369e-05
5.14671e-05
6.13792e-06
-2.96402e-05
-1.31591e-05
-4.56877e-06
3.16473e-05
-3.7336e-06
-1.68222e-06
-4.89361e-06
-1.44998e-05
1.73129e-05
-2.81306e-06
-4.17802e-05
-7.33194e-06
4.93403e-07
1.51919e-05
1.62838e-05
-2.79396e-05
1.16558e-05
-2.62237e-05
-3.94559e-05
2.82902e-05
-6.26789e-06
-1.05092e-05
-2.49927e-06
2.30896e-05
-3.37521e-06
-1.97144e-05
2.40939e-05
-4.56849e-05
1.96922e-05
2.71694e-05
2.34634e-05
-4.06636e-08
-2.34227e-05
1.04874e-05
-2.18781e-05
-1.33336e-05
-1.46564e-05
-2.96762e-05
1.54113e-05
1.42649e-05
3.65497e-05
-3.98617e-05
3.31207e-06
2.88016e-05
1.80012e-05
1.46584e-05
2.10444e-05
-1.41789e-05
-2.88323e-05
3.42886e-05
5.08031e-06
1.38889e-06
-6.4692e-06
2.35119e-06
-1.20495e-05
-2.19727e-05
-1.89441e-06
4.57349e-06
2.98834e-06
-2.0767e-06
-5.34611e-06
-4.31756e-06
9.92412e-07
1.11905e-05
3.5914e-06
-2.30895e-05
-1.4687e-05
-2.09815e-05
1.13652e-05
1.32408e-05
-2.45824e-05
1.67426e-05
-1.40153e-05
-9.57908e-06
-2.88924e-06
3.35924e-06
-1.78203e-05
4.69605e-05
-8.65445e-06
-3.48753e-05
1.06349e-05
5.72704e-05
-1.8143e-06
1.76405e-05
3.40385e-06
-1.46323e-06
1.47288e-05
-5.71205e-06
8.46172e-06
1.71434e-05
-3.03844e-05
1.81651e-05
-6.46052e-06
-3.9613e-05
2.14657e-05
-2.28455e-05
-2.60151e-05
4.88605e-05
1.02347e-05
-2.70115e-05
-4.00165e-07
7.0095e-06
2.05126e-05
-2.48858e-05
6.51155e-06
-1.83266e-05
-5.82358e-06
2.41502e-05
-2.00851e-05
-8.83732e-06
-1.82923e-06
2.39505e-05
-1.32505e-05
-1.91748e-05
-1.91778e-05
-2.50864e-05
4.42643e-05
-2.43009e-06
3.8332e-06
6.59052e-06
3.22784e-07
1.71604e-05
-1.61514e-05
4.85522e-07
-1.21185e-05
1.86354e-05
-6.51688e-06
4.14647e-05
1.55142e-06
3.86535e-06
-1.75405e-05
-2.87527e-06
4.29162e-06
-3.33412e-05
2.90495e-05
2.01842e-05
-1.68249e-05
-1.75847e-05
-2.86651e-05
-1.4924e-05
-6.72776e-07
-5.78626e-06
5.58024e-06
-6.30876e-06
-5.42896e-06
-1.71776e-06
-4.17375e-06
-5.84521e-06
-3.74869e-06
2.51119e-05
-2.04896e-05
1.47992e-05
-1.73425e-05
1.08732e-05
-2.73341e-05
1.09119e-05
8.89788e-06
9.98923e-06
7.50722e-07
1.6149e-05
-5.23865e-07
-1.56252e-05
2.11089e-06
1.40381e-05
-9.93286e-06
9.89222e-06
8.9894e-07
-1.02853e-05
-1.85672e-05
9.94469e-06
-1.90123e-05
8.92271e-06
5.38047e-06
-7.98809e-06
2.35604e-06
4.52597e-06
-6.88201e-06
-3.84904e-05
2.37e-05
-9.47647e-06
-5.23288e-06
6.19737e-06
1.18346e-05
4.44908e-06
7.49033e-06
3.10748e-05
-4.65288e-06
2.4169e-06
3.22939e-06
1.42613e-05
8.16472e-06
-1.87792e-05
-1.67064e-05
1.08296e-06
-6.45999e-06
1.11786e-05
-4.71858e-06
7.25766e-06
-3.6934e-05
4.72589e-06
1.34392e-05
-5.1503e-06
-3.44628e-05
3.6312e-05
3.48042e-05
-5.38255e-06
-3.88672e-06
-6.61637e-06
-2.65119e-06
3.61549e-05
2.88118e-05
2.20886e-05
-8.63992e-06
-1.47071e-05
7.3506e-07
-2.42045e-06
-1.22866e-05
2.14984e-05
-3.87293e-06
-1.76255e-05
-1.19411e-05
3.13167e-05
8.26468e-06
-2.04554e-05
-3.16476e-06
-6.72681e-06
8.68462e-06
-1.60031e-05
3.44365e-05
3.71645e-05
-8.29655e-07
-2.57345e-07
-1.46958e-06
1.70496e-05
-2.31481e-05
1.10451e-05
-3.94033e-06
-1.5876e-05
-2.16588e-06
-1.10771e-06
-1.07424e-06
1.06747e-05
-4.72473e-06
-3.36142e-06
3.78036e-06
-3.28203e-05
1.35578e-05
-1.7587e-05
5.79211e-06
6.4427e-06
-4.73842e-06
-5.37579e-05
-2.25224e-09
-2.21145e-05
1.26072e-07
3.84449e-06
-8.34416e-07
5.91859e-06
-5.08417e-06
1.21888e-05
9.72576e-06
1.40804e-05
-1.33297e-05
-1.58706e-06
-1.87959e-05
2.0383e-05
8.46182e-06
-3.52853e-06
-1.5716e-05
5.19285e-06
-1.81048e-05
2.46163e-05
-3.09206e-05
1.64207e-05
-4.45478e-06
1.47838e-05
-1.56181e-05
-1.93408e-05
-1.4114e-06
2.07522e-05
2.72166e-05
-6.21717e-06
-2.09995e-05
-1.08182e-05
-2.35896e-05
3.44078e-05
2.8655e-05
-2.8655e-05
-1.20462e-05
1.20462e-05
-7.70038e-06
7.70038e-06
2.26205e-05
-2.26205e-05
6.21472e-06
-1.03362e-05
4.12149e-06
-3.48124e-05
2.55763e-05
-3.82805e-05
1.93367e-05
-7.08214e-06
1.7994e-05
-4.54289e-06
3.9322e-05
1.76401e-05
2.10832e-05
2.0064e-06
7.4005e-06
8.45393e-06
-3.26537e-05
2.19218e-05
-1.94947e-05
-7.11782e-06
5.26131e-07
3.50234e-06
3.14164e-06
-1.33556e-05
-9.92904e-06
-2.26057e-05
5.69218e-05
5.34509e-05
-3.30135e-05
3.81242e-05
-2.34578e-05
-1.64949e-05
1.77263e-05
2.31877e-05
2.9717e-07
1.82594e-05
3.82915e-06
4.79178e-06
-4.26566e-06
-7.53286e-06
1.06745e-05
-4.00845e-05
2.92662e-05
-4.08132e-06
-7.80254e-06
1.86049e-06
3.01235e-05
-3.1984e-05
-1.04326e-05
3.70575e-06
-1.16185e-05
-1.67888e-06
1.32974e-05
1.68579e-06
-1.33042e-05
-8.07237e-06
2.40064e-05
-2.2851e-05
-1.15544e-06
-5.35156e-06
1.03739e-05
-5.0223e-06
-1.60446e-07
2.52892e-05
-2.65742e-06
5.97019e-06
1.68061e-05
-2.19288e-06
-1.69849e-05
3.0119e-05
-2.58272e-05
-1.45169e-05
1.0644e-05
-2.94095e-05
1.09712e-05
1.26019e-05
-2.35732e-05
2.82688e-05
-1.72975e-05
1.52289e-05
2.77983e-05
2.63769e-05
-1.11481e-05
-2.8674e-06
-1.63056e-05
3.45847e-05
4.1294e-05
-3.68575e-05
1.75166e-05
-2.17991e-05
7.11202e-06
3.46405e-05
7.84194e-06
-1.22147e-05
-8.91158e-07
-3.42349e-05
-2.51685e-05
2.0911e-05
1.57575e-05
9.19463e-07
3.35527e-06
-2.87012e-06
8.70923e-06
1.11888e-05
-1.7772e-05
-2.94479e-06
-1.51475e-05
1.80923e-05
1.63646e-05
-1.93093e-05
2.02044e-05
1.44362e-05
-9.93307e-06
-2.28168e-06
-1.42697e-05
-1.88175e-06
9.90927e-06
-2.4179e-05
-1.93966e-05
-8.97583e-07
2.5894e-05
-6.81048e-06
-1.42848e-05
-1.66781e-05
7.56824e-06
-5.5896e-06
-2.19434e-05
-1.40168e-05
3.4205e-05
2.11391e-05
-4.92698e-06
2.5138e-05
4.99062e-06
-6.46806e-06
-1.40087e-05
1.68817e-05
1.23645e-05
-1.25263e-05
-2.59832e-05
-2.25643e-05
1.75549e-05
9.3002e-07
-2.34943e-05
5.7469e-07
1.99379e-05
7.23479e-06
-7.63497e-06
-2.23772e-05
1.74297e-05
-1.40581e-05
-8.31918e-06
4.05339e-06
-1.48613e-05
3.19566e-07
8.88911e-06
4.08713e-06
-1.29762e-05
6.56913e-06
3.36612e-07
2.25371e-05
-2.5513e-06
-1.99858e-05
2.98969e-05
-4.78506e-06
3.03176e-06
-8.87699e-06
-8.29906e-06
8.48158e-07
7.4509e-06
-5.13489e-06
6.93607e-06
1.24711e-05
-9.65264e-06
-2.04631e-05
-3.66774e-06
2.55559e-05
2.07822e-05
-6.81245e-07
-2.21376e-08
-1.62115e-05
2.77788e-05
-1.63301e-06
-5.5694e-06
9.75241e-06
-1.45827e-05
3.23598e-05
-1.69158e-05
-1.54441e-05
-1.22804e-06
-6.40808e-06
7.63612e-06
-9.8419e-06
1.98514e-05
-1.00095e-05
-1.56996e-05
-3.30424e-06
2.20756e-05
4.65736e-06
-2.2117e-05
2.68155e-06
-2.81008e-05
3.99392e-05
-1.18384e-05
-1.91015e-06
2.14852e-06
-7.26657e-06
-1.39969e-05
-2.17048e-06
-2.1513e-06
-1.43437e-05
1.10187e-05
-1.97199e-05
7.32916e-06
-1.70934e-05
2.25532e-05
3.03415e-06
2.89618e-05
-5.71349e-06
-5.80962e-06
-1.4632e-06
2.22932e-05
-2.083e-05
-1.28027e-05
7.94926e-06
6.70235e-06
2.66074e-06
-4.65369e-06
-2.93777e-06
6.11295e-06
-6.60848e-06
3.67071e-06
-1.91229e-05
1.67279e-08
-8.46426e-07
-2.38608e-05
7.85776e-06
2.91355e-05
-1.20986e-05
-1.23587e-05
-1.50124e-06
-2.07162e-05
3.74851e-06
1.69677e-05
-1.54926e-06
-6.7476e-06
8.29686e-06
6.25034e-06
1.5977e-05
2.44553e-05
3.83485e-06
4.81444e-06
2.75454e-05
3.26686e-06
-1.01101e-05
-8.78944e-07
7.12929e-06
5.52203e-06
1.12749e-05
-5.7845e-06
-1.4723e-05
-3.18013e-07
-1.25489e-05
-4.90509e-06
1.62467e-05
-1.72208e-05
-1.6353e-05
3.35739e-05
4.0396e-06
-3.66431e-06
-1.40903e-06
-2.30699e-05
-7.87385e-06
-2.74637e-05
1.02429e-05
3.75451e-06
-1.21025e-05
9.97637e-06
3.60351e-06
-1.35799e-05
4.72856e-06
7.96529e-06
-1.35384e-05
5.57315e-06
-5.56363e-06
-2.98914e-05
1.34997e-05
1.31291e-05
5.67994e-06
1.71265e-05
-1.69725e-05
-2.73278e-05
2.88423e-05
-1.52013e-05
-1.3641e-05
1.09222e-06
5.12249e-06
9.08657e-06
2.69421e-06
4.40105e-06
-5.91807e-06
-1.72114e-06
-1.3838e-05
-3.89635e-06
3.9061e-07
-1.41415e-05
1.24204e-05
6.70656e-06
-6.21859e-06
2.22006e-05
-1.3515e-06
-1.62685e-07
2.18569e-06
2.70943e-05
1.07928e-05
-1.21444e-05
1.04537e-05
8.64593e-06
-2.97493e-06
-3.83549e-06
9.82467e-06
-7.01038e-06
2.06357e-05
1.55134e-05
-8.35432e-06
-4.94404e-05
2.91939e-05
3.66451e-05
-2.20309e-05
-4.55235e-05
3.04114e-05
2.4542e-05
-1.96582e-05
-3.94958e-05
2.63598e-05
-3.66007e-05
1.6554e-05
1.47147e-05
-3.75601e-05
3.29788e-05
1.84883e-05
1.72949e-05
1.13258e-05
-2.86207e-05
7.20895e-06
1.02624e-06
8.35647e-06
-9.38271e-06
5.01368e-06
-3.41043e-05
2.90906e-05
2.04548e-05
-2.57257e-05
5.27089e-06
6.07123e-09
-5.93118e-07
-4.075e-06
5.71184e-06
-9.25213e-07
1.3397e-06
-6.60731e-06
2.89578e-06
1.81649e-05
-2.58549e-05
1.27878e-05
1.57011e-06
3.27881e-06
-9.10234e-06
-3.16656e-06
2.23926e-05
-7.66278e-06
-1.82753e-06
2.22239e-05
1.07365e-05
8.65951e-06
-4.6199e-06
-4.54806e-06
7.08933e-06
1.39634e-09
-2.36792e-06
1.50546e-05
-1.90202e-05
-1.05536e-05
-3.8528e-05
3.66988e-05
9.22085e-06
-6.55002e-06
-3.30045e-05
1.89464e-05
4.36204e-05
-2.28852e-05
-1.85451e-05
3.08882e-05
1.01609e-06
3.37008e-08
1.1674e-05
1.59715e-05
-2.48032e-05
-1.78978e-05
-1.22786e-05
1.94236e-06
4.68629e-05
-1.52639e-06
-1.55803e-07
-3.35885e-05
-8.62069e-06
4.22092e-05
2.31184e-06
-1.73423e-06
-5.77614e-07
-3.49471e-05
2.51052e-05
2.90247e-05
-5.0211e-05
1.24181e-05
-1.36461e-05
8.58306e-06
-2.53221e-05
1.68061e-05
1.99184e-05
-2.16454e-05
1.72699e-06
-2.94095e-05
1.4896e-05
-1.59298e-05
1.89698e-05
-3.04006e-06
-2.16075e-05
2.75031e-05
-1.02081e-05
3.03907e-05
-1.40262e-05
-2.6507e-05
2.38632e-05
-1.60196e-05
-7.84366e-06
-1.87e-05
-9.40089e-06
2.27012e-06
3.7224e-06
-2.76134e-06
1.6646e-06
-5.80821e-07
1.85064e-05
-2.56253e-05
-3.73056e-05
-1.47822e-05
-2.79567e-06
1.66118e-05
3.29548e-05
-1.06616e-05
-2.4605e-05
2.66424e-05
6.57357e-06
1.93324e-06
-1.09638e-05
6.21648e-06
3.18186e-05
1.83614e-05
-1.83614e-05
-1.63536e-05
1.63536e-05
-1.25379e-06
-1.36849e-05
1.49387e-05
1.1286e-05
-1.20907e-05
-2.17561e-05
2.17561e-05
9.23285e-06
-9.23285e-06
2.71002e-05
-3.95006e-05
1.24004e-05
1.75212e-05
9.21811e-08
-8.18923e-06
-4.06588e-05
1.62731e-05
6.37232e-06
-2.47145e-06
1.08194e-05
-8.33471e-06
8.54604e-07
1.6366e-05
5.63258e-06
2.82917e-06
-2.72323e-05
-3.15213e-06
5.5285e-06
3.15616e-06
-1.5123e-05
-9.50734e-08
1.52181e-05
2.24269e-06
3.31398e-06
-5.55668e-06
5.70706e-06
-1.5886e-05
-1.41097e-05
-2.98372e-06
-2.07047e-05
7.91382e-06
-4.20811e-06
1.62368e-05
1.35054e-06
-1.75873e-05
-2.84857e-05
9.52517e-06
1.89605e-05
-3.34325e-06
1.06733e-05
-6.89283e-06
-1.17858e-05
1.09068e-05
6.20184e-06
-2.94572e-06
4.45103e-06
4.46917e-06
-3.37789e-05
1.28694e-05
1.69162e-05
1.00855e-05
-1.37533e-05
-2.44326e-05
3.96945e-06
9.32729e-06
-1.99222e-05
2.08783e-05
-1.39789e-05
4.32483e-06
-9.55769e-06
-1.23039e-06
5.49145e-07
2.34152e-05
-2.34373e-05
-1.53719e-05
3.01216e-05
-2.60284e-05
3.94823e-05
-1.41728e-05
2.17315e-05
4.80527e-05
2.92571e-05
-2.62583e-05
-9.23173e-06
-1.75714e-05
1.10957e-05
3.12459e-05
1.24967e-05
1.90422e-05
5.08639e-06
-1.78764e-05
-1.81776e-05
-1.59376e-05
1.38039e-05
-1.09713e-05
1.21631e-05
-1.1918e-06
1.209e-06
2.12942e-05
-3.44392e-06
-6.41057e-06
-1.42942e-05
-9.60487e-06
1.86732e-05
-2.85483e-06
7.86849e-06
3.98071e-06
-2.9545e-06
2.15248e-05
2.50641e-06
-1.05364e-05
8.03002e-06
1.45264e-05
-1.06296e-05
-1.40481e-05
1.40294e-05
-1.81419e-05
6.80682e-06
-1.87904e-05
8.09084e-06
3.1708e-05
2.11465e-05
-1.67531e-05
-2.71943e-06
1.63243e-06
7.91228e-06
-1.64695e-05
7.93104e-06
-1.67386e-05
-3.51235e-06
2.42539e-06
-2.71955e-06
7.91225e-06
7.93101e-06
-3.51269e-06
4.50665e-05
-2.41734e-05
-1.00987e-06
3.26415e-05
-5.8191e-06
1.43903e-05
5.09862e-06
-2.74252e-06
1.10829e-05
-4.15848e-06
2.32948e-05
-7.35327e-07
9.19707e-06
5.52197e-06
-5.78446e-06
-3.18024e-07
-4.90508e-06
9.79016e-06
-5.95691e-06
-3.40106e-06
-9.62549e-06
3.74418e-06
-4.33395e-05
1.71457e-05
-3.11019e-06
-3.99705e-06
2.11102e-05
1.7811e-05
5.80975e-07
-7.14454e-07
-4.5624e-06
-9.0466e-07
1.3367e-05
-6.16769e-06
-4.80767e-06
1.09754e-05
1.14224e-05
5.09934e-06
-3.21524e-05
2.87428e-05
-1.5502e-05
-8.29928e-06
2.1514e-06
4.5729e-06
6.02355e-06
-2.26252e-06
-3.63031e-05
8.85129e-06
7.76046e-06
-2.4762e-05
-1.25437e-05
2.09807e-05
-6.54161e-06
7.12074e-06
-1.07391e-05
4.19752e-06
-1.31697e-05
-1.39e-05
-1.48482e-06
6.78492e-06
2.1748e-05
-4.34067e-06
-2.68067e-07
-2.1616e-05
-1.92068e-05
-1.4037e-05
-2.53712e-05
7.35956e-06
2.89409e-06
8.25702e-07
3.41548e-05
-3.49805e-05
7.19524e-06
-1.66675e-06
1.84036e-05
-9.69378e-06
5.69865e-06
-5.38772e-06
9.13165e-06
-2.45757e-05
2.7183e-06
-5.38793e-06
-1.63019e-05
-1.44104e-05
-1.25259e-06
2.64137e-06
2.1629e-06
4.83572e-06
1.45463e-05
7.28675e-07
1.13708e-05
-4.50672e-06
6.07635e-07
4.90777e-07
5.51614e-06
2.03723e-05
3.53468e-05
-3.30048e-05
-3.18815e-05
-9.07415e-06
4.95489e-05
2.45039e-05
-2.66969e-05
-4.779e-07
2.83851e-05
3.79868e-06
-1.21939e-05
-1.15093e-05
-2.51542e-05
3.66635e-05
7.69622e-06
6.08867e-06
-1.37849e-05
-2.52555e-05
-1.05926e-05
-6.27233e-07
-1.54269e-05
1.35354e-05
5.20892e-06
-1.6445e-05
1.69285e-06
1.35214e-06
2.71732e-05
1.36229e-05
-1.19301e-05
-9.06441e-06
1.04165e-05
-1.3102e-08
5.26376e-06
-5.25066e-06
-1.98293e-05
1.39117e-05
-7.39026e-06
-3.90861e-06
8.12663e-06
2.81736e-05
-5.859e-06
8.48336e-06
-2.83127e-05
8.53319e-06
-3.68483e-07
3.90946e-06
-2.41879e-05
-1.16103e-05
-3.78599e-05
3.53701e-05
1.03258e-05
-1.12279e-05
9.02088e-07
-6.5696e-06
7.81736e-06
-1.24776e-06
9.29979e-06
3.54131e-05
-1.80535e-06
7.65339e-06
-5.84804e-06
-6.71416e-06
9.7612e-06
-5.03698e-06
2.65781e-06
-4.06927e-06
-1.32328e-05
1.0203e-05
-3.48488e-05
1.31846e-05
1.88734e-06
-4.12695e-06
-5.10624e-06
7.1145e-06
-2.4313e-05
1.81605e-05
-1.11903e-06
-1.43639e-05
-2.83521e-05
1.51454e-05
-6.61223e-06
2.23355e-05
4.04131e-06
-2.3657e-06
2.12996e-05
1.84399e-05
-2.82119e-06
-4.96627e-06
1.5652e-06
1.4785e-05
3.85045e-06
-1.10934e-05
-5.57658e-06
1.667e-05
-5.26792e-06
-7.08239e-07
5.97616e-06
2.10195e-05
-1.26392e-05
-8.38029e-06
-6.77531e-06
1.98103e-06
4.79428e-06
1.09041e-05
8.70238e-06
-1.96065e-05
2.09957e-05
-2.57142e-05
-1.01054e-05
8.31831e-06
-3.52898e-06
-2.87966e-06
7.63227e-06
-1.29002e-05
-1.30071e-05
3.40266e-05
-2.20338e-05
4.05395e-06
4.38332e-06
-1.11587e-05
-9.95717e-06
2.08614e-05
-1.07693e-05
5.9763e-05
-3.65804e-05
-2.31826e-05
4.02094e-06
2.54223e-05
5.8014e-07
-1.15945e-05
7.3326e-06
-4.41583e-07
-6.89102e-06
-4.23805e-06
-4.59927e-06
-2.54091e-06
-5.15952e-06
5.74248e-06
1.6878e-05
-2.64316e-06
-9.40308e-06
6.33882e-06
2.23162e-05
-1.10416e-06
-5.6993e-06
5.07659e-05
-4.96869e-06
-4.00224e-06
8.73882e-07
-2.04042e-05
-1.44334e-05
-6.4835e-06
-1.01755e-05
1.28883e-05
-6.36145e-06
1.62931e-05
-2.11068e-05
-4.56878e-06
-7.3559e-06
-1.31591e-05
2.21054e-05
-5.76799e-06
5.6826e-06
1.5435e-05
-8.57024e-06
5.92708e-06
1.64159e-05
-1.00771e-05
2.48968e-05
-1.91544e-05
-1.14888e-05
8.94794e-06
1.38829e-05
-1.52313e-05
5.25397e-06
2.23447e-05
-1.08356e-05
-1.226e-05
2.30956e-05
-6.40499e-06
1.66657e-06
1.68956e-07
5.62313e-06
3.87675e-05
-4.96032e-05
1.6594e-05
-1.28137e-05
3.04227e-07
-5.02898e-06
-2.15855e-05
-6.45569e-06
8.21546e-06
-5.79855e-06
2.33736e-06
2.87374e-05
1.82425e-06
-1.27956e-05
3.93366e-07
1.43082e-06
6.80796e-06
4.96933e-06
-6.05431e-06
-1.16467e-05
1.37683e-05
1.40728e-05
2.40224e-05
1.25735e-05
-8.19946e-07
-1.89335e-06
8.37381e-06
-3.48615e-05
1.25756e-06
1.71038e-05
-1.51557e-06
-1.48381e-05
-1.72e-06
9.63382e-06
-2.52324e-05
-6.42373e-06
-4.54006e-06
3.45307e-05
-9.649e-06
1.88818e-05
-8.23072e-06
-1.35254e-05
-3.26842e-05
2.10739e-05
1.64861e-05
7.12608e-06
-2.58512e-05
4.28486e-06
1.22014e-05
1.28515e-05
-5.73953e-06
8.80504e-06
-3.0478e-05
3.87569e-07
1.86546e-05
1.00134e-05
-3.10129e-05
-2.65431e-05
3.65565e-05
-9.27494e-06
2.93291e-05
-2.81869e-05
1.59003e-05
9.99361e-06
-8.78207e-06
1.0512e-05
-1.72989e-06
9.37459e-06
-5.11323e-06
5.0556e-07
-1.75788e-05
3.8964e-05
-7.28281e-06
-3.00274e-05
-9.20576e-07
5.29443e-07
4.06943e-06
-2.84722e-06
-1.2222e-06
-3.34579e-05
3.35337e-05
-1.76333e-05
1.70473e-05
7.15342e-06
1.54103e-05
1.68691e-05
5.01826e-06
-2.89448e-05
4.73933e-06
-1.04223e-05
5.68296e-06
-3.53852e-06
9.66629e-06
-1.33845e-05
1.00981e-05
-1.25679e-05
8.9552e-06
-4.83375e-06
1.22686e-05
-7.52921e-06
-2.18188e-05
-3.65789e-06
2.59353e-05
-8.83828e-06
7.21851e-06
6.43441e-06
-3.75348e-05
-1.15768e-05
1.15768e-05
-2.24732e-06
8.97193e-06
-8.97193e-06
1.45592e-05
-5.34709e-06
-6.84586e-06
-3.10139e-05
8.73915e-07
9.69716e-06
-6.08692e-06
2.94946e-06
-1.50399e-05
2.39951e-05
-1.01755e-05
2.40212e-06
7.54554e-06
-9.94765e-06
-2.48358e-06
1.24823e-05
4.74051e-07
-9.03397e-06
-4.65102e-06
-2.50956e-06
-1.09022e-05
-8.05646e-06
-9.97218e-06
2.50344e-05
-9.76294e-06
-2.45156e-05
-8.1381e-06
-4.10185e-06
6.74317e-06
6.56262e-06
-1.25688e-05
-5.28494e-06
-1.75661e-05
1.17337e-05
-2.63552e-05
1.4846e-05
9.96738e-06
-2.27123e-06
-3.15444e-05
2.51207e-05
-5.82656e-06
-2.49674e-05
1.77778e-05
-6.8841e-06
2.52485e-06
-6.27467e-06
4.37042e-06
2.25534e-05
-2.86403e-05
-1.16103e-06
-9.87818e-07
1.45259e-06
-1.51552e-06
1.25758e-06
3.29376e-05
1.98929e-06
-8.75936e-06
-9.64903e-06
-8.23078e-06
-2.09649e-05
-1.12968e-05
-8.0954e-06
-6.20166e-06
-2.42763e-05
-3.60539e-05
1.4782e-05
-3.83716e-05
-1.89099e-05
3.91554e-05
4.18914e-05
-4.18914e-05
-3.79843e-05
3.79843e-05
-1.84099e-05
7.04501e-06
7.05349e-06
-2.71829e-05
9.25152e-06
7.61759e-06
-1.94444e-05
6.43724e-06
1.0899e-05
-3.26672e-06
-9.88281e-06
-7.43359e-08
4.61297e-06
-2.29656e-07
-3.46682e-05
3.45201e-05
2.8968e-05
-1.07324e-05
3.1e-06
9.21988e-06
-1.23199e-05
-2.80005e-05
3.35737e-05
2.19344e-05
3.91419e-05
-3.30655e-05
1.68687e-05
1.75319e-05
-6.96814e-06
-5.45128e-06
-1.68629e-06
1.10609e-05
-1.58449e-05
1.63506e-05
7.76784e-06
1.47855e-05
-1.80109e-05
-1.57761e-05
-1.92044e-05
1.20989e-05
5.43291e-06
9.75084e-06
-2.59739e-06
4.71129e-06
-1.60386e-05
1.2822e-05
-1.17086e-06
-3.86565e-07
3.7614e-05
-8.00868e-06
1.73225e-05
-5.52927e-06
2.33987e-05
1.53296e-05
8.5234e-06
-1.09057e-05
2.36501e-06
6.0519e-06
-1.08647e-05
7.03734e-06
-1.79844e-05
-2.0199e-05
1.15591e-05
1.7882e-05
-5.49506e-06
-1.79276e-05
-7.66569e-06
4.63933e-07
2.51278e-06
-4.84235e-06
-3.09107e-06
3.4656e-06
-9.1142e-06
-3.45232e-05
1.37874e-05
1.15975e-05
-2.2916e-05
-9.16988e-06
1.00616e-05
-3.93734e-05
2.42504e-05
1.2562e-05
-1.03193e-05
-2.45825e-05
1.13652e-05
-3.46794e-05
4.59654e-05
1.67426e-05
-1.40153e-05
-4.3885e-07
6.36593e-06
2.0547e-06
-1.21317e-05
2.51513e-07
-8.87272e-07
9.83523e-06
4.9664e-07
-1.9651e-05
5.39874e-06
-2.99259e-05
4.20034e-06
-1.72995e-05
1.48389e-05
1.88037e-06
3.78315e-06
3.54293e-05
-1.83797e-05
-8.77346e-06
-6.90766e-08
-9.12772e-06
5.48942e-06
-2.61505e-05
2.25532e-05
-2.17048e-06
6.89578e-06
2.1847e-05
2.37516e-05
-9.60484e-06
4.45856e-07
6.6521e-06
4.49464e-07
-5.12963e-07
1.45009e-05
-2.29517e-06
-4.73868e-06
-4.05259e-05
1.12102e-05
2.48704e-05
2.3829e-06
2.24875e-05
-1.22342e-05
2.27216e-05
-1.67449e-05
7.86512e-06
-2.45387e-05
-2.11463e-05
2.87018e-05
1.27629e-05
-4.27303e-07
2.34962e-06
1.23767e-05
-3.82161e-06
-4.46517e-05
3.43658e-06
-2.46046e-05
5.54888e-06
-6.03063e-06
-7.22987e-06
9.72645e-07
7.83419e-06
-6.48535e-06
4.31046e-07
1.27095e-05
-2.43563e-05
-9.35612e-06
1.43255e-05
1.60532e-05
-9.24523e-06
-1.78328e-05
-5.01702e-05
-3.73068e-05
2.60788e-05
1.56144e-05
-7.79708e-06
3.05431e-05
-1.22837e-05
2.27414e-06
-7.39559e-06
-2.25704e-06
4.34265e-06
-1.07041e-05
8.85629e-06
1.55355e-05
-2.07984e-05
-2.39192e-06
3.8704e-05
-2.01271e-06
-3.36982e-06
-4.03429e-06
-2.582e-06
1.73475e-06
3.44202e-05
-1.70823e-05
4.9386e-05
1.62908e-07
-2.99301e-05
-2.60389e-05
1.09326e-05
1.50067e-06
5.09346e-06
5.8391e-06
-1.66126e-05
-9.42637e-06
3.15348e-06
-1.82971e-05
-2.07922e-05
5.24404e-06
6.62332e-06
-2.10442e-05
-6.19617e-06
4.17838e-05
-3.13563e-06
-6.94379e-06
-6.92737e-06
2.81449e-06
1.22072e-05
6.75594e-06
2.23162e-05
-9.40312e-06
1.6878e-05
-5.15952e-06
2.69987e-05
-1.33318e-05
1.14024e-05
-3.34579e-05
-1.91442e-05
2.82644e-06
-2.13228e-06
3.8964e-05
-1.5276e-05
-1.68604e-05
1.65952e-05
7.58302e-06
7.41622e-06
-1.49992e-05
6.86343e-06
1.61878e-06
-2.33837e-06
-1.10516e-05
1.4961e-05
-1.5967e-05
-3.408e-07
-1.11546e-05
-7.20911e-06
3.32227e-06
4.0519e-05
-1.18094e-05
1.41369e-05
-1.44652e-05
-1.35934e-05
1.18865e-06
-2.67598e-06
9.6819e-06
-2.00797e-05
1.96243e-05
1.61159e-05
-4.33536e-06
1.77922e-06
1.44697e-05
-1.80546e-05
-1.30965e-05
-1.61893e-05
1.81209e-06
1.06846e-05
-1.82735e-05
2.84547e-05
-1.01811e-05
7.36271e-06
-1.8017e-05
-6.01695e-05
-2.78898e-05
1.02126e-05
1.3854e-05
-3.11983e-06
-1.54508e-05
-2.382e-06
2.56341e-05
-3.76056e-05
-3.39567e-05
1.70499e-05
-7.85741e-06
-2.07922e-05
-2.10442e-05
5.24404e-06
6.62332e-06
-1.80984e-05
-2.92007e-05
1.34345e-07
-1.22129e-06
-9.17033e-07
-1.69867e-07
-1.93343e-05
-2.56177e-05
-7.97997e-06
5.38259e-06
-2.9652e-06
6.42506e-06
5.30868e-06
-1.73829e-05
-8.28362e-06
1.47086e-05
-1.17248e-05
1.10966e-05
9.42185e-06
-1.05273e-05
-1.93439e-05
1.55714e-05
-5.50692e-06
3.71634e-06
9.43754e-07
8.54618e-06
-1.39434e-05
-4.5264e-06
2.92736e-06
1.47377e-05
-2.15013e-06
2.40558e-05
-3.52503e-07
-3.22706e-06
-3.99455e-05
-4.92652e-05
9.31969e-06
8.16512e-08
2.24058e-05
2.34804e-05
1.5754e-05
5.96602e-07
5.22161e-06
1.54304e-06
-4.6748e-06
2.57618e-05
9.24049e-06
-3.892e-05
2.96795e-05
2.2371e-05
-6.30593e-06
-9.69652e-06
1.53311e-05
-1.29542e-05
2.08473e-05
8.76385e-06
4.87696e-06
-3.97747e-05
1.01944e-05
-1.35675e-05
-1.74534e-05
1.57106e-05
-3.8457e-06
1.96617e-05
-1.09179e-05
3.0058e-05
2.05869e-05
-2.54847e-05
-4.05389e-06
2.25421e-05
-2.48376e-05
-7.87653e-07
7.7592e-07
-1.35673e-06
-2.1998e-05
-2.73451e-05
-8.3769e-06
1.48095e-05
7.53523e-06
-2.87033e-05
-1.41441e-05
-1.06814e-05
6.17472e-06
-2.65275e-05
1.58461e-05
-1.08053e-05
8.3217e-06
1.22957e-05
-1.18216e-05
1.69309e-05
-3.7058e-05
-3.16041e-05
4.00996e-05
1.23783e-06
-4.24868e-05
2.71207e-06
6.75894e-06
-2.43357e-05
-3.41716e-05
-2.05009e-05
-2.8505e-05
3.70184e-06
-5.02856e-08
-2.81019e-05
-9.43288e-06
1.44842e-05
-3.82342e-08
-9.76966e-07
-7.46137e-06
-1.84997e-05
4.0106e-05
-6.53233e-06
-2.80178e-05
-2.04529e-05
-2.13178e-05
8.96834e-06
-3.21658e-05
1.48074e-05
-4.15921e-05
6.32985e-06
-4.25592e-05
2.72648e-05
-8.57037e-06
-1.43811e-05
-4.03273e-06
3.99876e-06
-6.76009e-06
6.01667e-06
-2.81336e-05
-2.88727e-05
-3.2769e-05
2.68841e-06
1.6327e-06
-6.50671e-06
4.34072e-06
1.91947e-05
2.42239e-05
1.50105e-05
3.11896e-05
-2.23846e-05
1.09683e-06
-9.63139e-06
1.03213e-05
6.27393e-06
-1.20906e-05
-4.76978e-06
-4.9922e-05
2.10493e-05
3.36589e-06
-1.73319e-06
3.30581e-06
-6.17406e-07
-5.26152e-05
1.98462e-05
-2.20951e-05
-2.87119e-05
-1.10718e-05
1.44919e-05
3.65205e-05
-2.20286e-05
-3.71063e-05
2.22436e-05
-9.82361e-06
2.59017e-05
1.32538e-05
2.57743e-05
3.55827e-06
-5.97993e-06
3.03869e-05
1.64751e-05
-1.52981e-05
-3.02324e-07
2.48483e-05
-1.11203e-05
-2.2213e-05
-1.52655e-05
2.96291e-05
2.77474e-05
9.42696e-06
-3.9357e-05
2.17124e-05
-1.28144e-05
-3.46233e-06
1.01941e-05
-1.75362e-05
-4.01372e-06
-1.09695e-05
-4.43728e-05
5.09901e-05
3.39234e-05
-3.53004e-05
-3.87279e-05
4.65246e-05
2.17387e-05
-2.7148e-05
3.84505e-06
2.35787e-05
-3.52224e-05
-1.69286e-05
5.10699e-06
9.83646e-06
-1.51474e-06
2.64552e-05
1.9181e-05
6.77278e-06
5.12273e-05
-2.58542e-05
2.22036e-05
3.18979e-05
3.94115e-05
-6.66721e-05
3.29408e-05
-1.73939e-05
-1.82709e-05
1.32137e-05
-6.56855e-06
-6.13625e-06
1.22061e-05
-1.3719e-05
-2.63293e-05
2.6911e-05
2.92123e-05
4.43465e-05
-3.50268e-05
-1.02423e-05
-6.04875e-06
1.43593e-05
-2.36149e-05
-2.57785e-06
1.80885e-07
3.70927e-05
2.24379e-05
-2.61715e-05
-2.52442e-06
-8.45366e-07
1.31132e-05
2.1307e-05
-3.1104e-06
5.28455e-07
1.28799e-05
2.5824e-05
-1.17215e-05
-3.68951e-05
-7.45911e-06
-4.56702e-05
1.20451e-06
-4.23563e-05
1.4627e-06
1.71918e-05
-1.85317e-05
-2.79407e-05
5.56996e-06
9.0908e-06
-1.8558e-05
-9.25881e-07
-9.22672e-06
2.99701e-06
2.76439e-05
4.62518e-06
-2.67631e-05
4.16307e-05
1.55706e-05
)
;

boundaryField
{
    frontandback
    {
        type            empty;
        value           nonuniform 0();
    }
    simetry
    {
        type            symmetry;
        value           uniform 0;
    }
    inlet
    {
        type            calculated;
        value           nonuniform List<scalar> 
23
(
1.0869e-06
1.0869e-06
1.08696e-06
1.087e-06
1.087e-06
1.08696e-06
1.087e-06
1.0869e-06
1.08696e-06
1.087e-06
1.087e-06
1.08695e-06
1.08695e-06
1.087e-06
1.08696e-06
1.08696e-06
1.08696e-06
1.0869e-06
1.087e-06
1.08699e-06
1.08695e-06
1.0869e-06
1.0869e-06
)
;
    }
    outlet
    {
        type            calculated;
        value           nonuniform List<scalar> 
23
(
-9.92625e-06
-4.34193e-05
1.26875e-05
5.84007e-06
-6.65972e-06
-1.42703e-06
6.08288e-06
4.52611e-05
4.05037e-06
-4.73519e-05
-1.84334e-05
-2.646e-05
-2.38447e-07
8.55726e-06
8.80751e-06
-2.70606e-05
-4.73546e-05
-5.56618e-05
-1.97609e-05
6.07155e-05
4.7299e-05
4.4952e-05
3.45002e-05
)
;
    }
}


// ************************************************************************* //
