/*--------------------------------*- C++ -*----------------------------------*\
  =========                 |
  \\      /  F ield         | OpenFOAM: The Open Source CFD Toolbox
   \\    /   O peration     | Website:  https://openfoam.org
    \\  /    A nd           | Version:  7
     \\/     M anipulation  |
\*---------------------------------------------------------------------------*/
FoamFile
{
    version     2.0;
    format      ascii;
    class       volVectorField;
    location    "0.15";
    object      U;
}
// * * * * * * * * * * * * * * * * * * * * * * * * * * * * * * * * * * * * * //

dimensions      [0 1 -1 0 0 0 0];

internalField   nonuniform List<vector> 
2700
(
(9.0314 -11.8426 8.55053e-16)
(11.5371 12.2475 1.01808e-14)
(26.5468 22.1757 -1.00175e-15)
(-1.80135 -5.08274 -5.07768e-15)
(-16.3692 -3.22208 6.50384e-15)
(22.985 14.9569 1.26637e-14)
(-6.47524 24.2041 6.32745e-15)
(17.3806 18.8208 -2.25964e-15)
(23.3968 -6.27005 -7.48338e-15)
(-39.3462 8.5874 9.81722e-16)
(18.2209 -5.0711 4.13756e-15)
(-17.4899 -15.8446 2.0694e-15)
(-26.5757 38.3734 -3.28717e-15)
(-3.78177 12.155 0)
(5.58145 20.1083 -7.23643e-15)
(5.98627 -15.6271 8.52191e-16)
(9.65927 11.5405 -1.64798e-15)
(23.388 -18.6714 4.47186e-15)
(11.2532 -16.2161 1.45693e-14)
(22.4801 -29.9802 7.34389e-16)
(-4.58462 6.88869 8.02157e-15)
(-5.03752 21.1241 -3.30065e-15)
(12.5305 -33.0207 -1.13574e-15)
(14.1451 -31.3394 0)
(6.52851 1.1888 0)
(-23.0405 1.25704 -6.82555e-16)
(12.1914 -6.19273 4.52638e-16)
(22.5121 8.62766 0)
(12.7991 5.16146 0)
(30.7926 15.5164 0)
(11.442 -3.73274 -8.09406e-15)
(13.9125 9.80388 2.81039e-15)
(-17.9898 3.75704 5.07627e-15)
(-5.37013 -8.61307 6.07716e-16)
(0.427132 0.19671 -4.89454e-15)
(8.54554 24.4603 0)
(18.7857 -32.7562 0)
(16.6928 5.91864 -2.07258e-15)
(-2.82509 -12.9262 0)
(-2.72484 -22.6326 -4.13659e-15)
(48.4503 25.0071 -5.82094e-16)
(39.0088 14.2981 0)
(-0.428247 -5.26825 -4.24398e-15)
(0.535787 -0.643125 1.33912e-14)
(47.5458 1.89023 -3.79405e-16)
(-5.91509 27.8941 0)
(11.1676 -25.0412 0)
(73.6028 -19.3628 1.75843e-15)
(42.5637 17.144 -1.22724e-15)
(63.7965 14.0205 -2.73375e-15)
(-3.15397 -7.24909 4.14205e-15)
(-9.81524 -12.3488 -3.83245e-15)
(28.3363 13.8249 0)
(-24.1071 -5.3752 -1.21556e-15)
(-9.17368 4.5647 -9.44086e-15)
(18.6329 9.94846 -3.46178e-15)
(-6.40843 -3.5843 2.72289e-14)
(-14.488 2.91359 -1.56591e-15)
(-27.5232 8.34039 4.9327e-16)
(-7.56297 1.58117 0)
(57.6205 -13.9088 1.757e-15)
(26.3601 -10.8918 -6.29083e-15)
(-4.85564 -0.652011 -9.37934e-15)
(-18.2391 -12.398 1.23107e-15)
(36.3148 -5.50434 0)
(50.303 17.3815 0)
(40.1288 19.0018 -4.41732e-15)
(47.8575 -14.372 -2.21587e-15)
(69.7454 18.147 -6.50079e-15)
(44.4809 27.3841 -1.40078e-15)
(-16.4366 6.14641 -4.06484e-15)
(-0.909561 34.1975 0)
(13.5305 14.3094 0)
(3.78592 -3.07881 4.52015e-15)
(18.3197 -15.3014 3.26411e-15)
(6.93093 3.74014 -2.18343e-15)
(17.8251 -16.8664 9.39101e-16)
(23.183 15.6185 6.29807e-16)
(11.886 -5.35818 1.19359e-14)
(38.4532 6.29424 8.33832e-16)
(-6.62431 15.7891 0)
(31.8146 17.1151 0)
(53.2674 3.28424 -9.42669e-15)
(28.9421 -7.34895 -9.40648e-15)
(50.6646 14.7007 9.70276e-15)
(55.9451 0.615125 1.96381e-14)
(18.9573 6.87888 1.33294e-14)
(13.3602 -8.13988 0)
(27.5688 5.76298 -1.29178e-14)
(28.8517 4.69895 0)
(-21.6707 11.0098 0)
(-11.0813 -20.8954 3.05851e-15)
(-3.77304 1.55971 -3.62305e-15)
(20.7222 -18.2974 2.63809e-15)
(52.1221 17.4142 2.26538e-15)
(21.2449 -14.302 3.82717e-15)
(30.3473 9.45238 -4.36666e-15)
(64.3931 39.5084 -1.48442e-15)
(24.7401 6.00103 -1.8135e-14)
(8.6386 7.66888 -5.23312e-15)
(60.6876 -22.2004 0)
(22.7134 66.3345 -8.22854e-16)
(52.3848 6.99178 5.72385e-15)
(48.4507 -3.00148 -5.48798e-15)
(7.99061 5.75899 0)
(-61.6393 29.086 8.02361e-17)
(-9.8299 -1.53543 1.13341e-15)
(50.0666 7.63138 0)
(12.29 -36.4978 -1.07565e-14)
(-4.17603 5.59248 9.40086e-15)
(-49.0747 -34.8581 1.13271e-16)
(-9.9014 3.69757 0)
(20.5666 -16.3456 0)
(12.6125 28.5272 6.71477e-15)
(16.9349 15.3152 -9.59267e-15)
(57.617 38.7557 0)
(24.8691 34.4673 1.65911e-15)
(26.2513 6.31102 -6.95068e-15)
(4.91788 14.6293 5.10945e-15)
(32.4779 9.70282 0)
(39.6573 19.4278 8.65506e-15)
(39.1587 -14.1395 -4.85238e-15)
(20.7323 -8.57199 -3.99682e-15)
(37.9503 14.5009 0)
(-23.0041 -16.2389 -2.15473e-15)
(-5.69481 -10.9177 4.9838e-15)
(97.1394 -5.11562 -1.864e-15)
(49.7161 1.09857 4.68929e-15)
(73.9488 -2.36165 1.28006e-15)
(-44.5561 -60.2258 1.05803e-15)
(-6.76726 11.6403 8.94395e-15)
(-9.38235 -10.9015 9.21406e-15)
(-53.1448 57.483 4.39736e-16)
(-0.467292 -35.1354 -1.1658e-16)
(-0.364256 -19.9061 6.57767e-16)
(-11.8811 -9.18545 0)
(-12.4735 15.9882 1.13391e-16)
(13.334 -12.9709 -9.49132e-15)
(45.0028 -18.6171 5.64472e-16)
(19.4938 16.2829 -4.76896e-15)
(66.6074 35.6914 0)
(13.7705 -5.4624 4.69899e-15)
(52.3711 -25.3376 0)
(35.0936 -20.3076 0)
(9.10321 12.4806 4.98506e-15)
(-16.6728 -16.2051 -9.37701e-15)
(-23.2668 -26.4958 -2.12317e-15)
(-29.0392 5.49208 0)
(-32.9484 -26.5299 5.03731e-16)
(-19.4159 -15.1124 -5.36177e-15)
(-15.3807 -11.3834 -9.45818e-15)
(-33.8468 -23.4195 1.80067e-15)
(36.566 66.3234 -9.7531e-16)
(42.4932 37.4254 8.27308e-16)
(-53.3702 -14.675 -4.87057e-16)
(-12.3027 9.37621 -4.78794e-15)
(18.3229 -1.03781 -4.10721e-15)
(-10.1165 -8.77491 4.63875e-15)
(-41.9561 8.03341 0)
(-3.38042 -15.5368 2.22937e-15)
(21.5136 13.61 -7.80821e-16)
(11.4745 10.7272 0)
(2.38623 24.3923 -1.10625e-15)
(-10.0685 33.6672 0)
(1.30829 -4.06675 0)
(-3.00255 1.21943 1.0303e-14)
(17.1269 16.8579 -1.15821e-14)
(49.3222 -6.97245 0)
(62.2722 -16.9529 8e-15)
(-33.3601 -1.69553 -2.07999e-15)
(-1.80014 42.5591 0)
(-0.853886 4.04172 8.96367e-15)
(-6.80617 16.6377 -4.47835e-15)
(-0.102478 14.6739 0)
(2.413 -15.1423 0)
(20.4737 -40.643 0)
(15.5695 -6.80515 4.95406e-15)
(34.8891 -22.1365 -9.58177e-16)
(55.461 -0.409134 0)
(0.0180567 4.77266 0)
(-6.36283 -21.7489 -7.37528e-15)
(16.1868 -11.9265 0)
(-14.7736 6.08643 1.22926e-15)
(-4.4362 -1.84304 -9.43124e-15)
(-1.17497 -28.9712 1.14981e-15)
(7.14752 -9.03264 -1.43966e-15)
(34.8077 17.1237 4.08055e-15)
(36.8403 -33.396 7.5654e-16)
(-3.65947 -11.7857 2.45282e-15)
(44.3856 17.5419 -9.48668e-15)
(-1.2187 -8.74444 -3.20923e-17)
(29.2598 10.4834 5.19153e-15)
(54.755 24.6556 0)
(-5.1902 0.486637 -6.40625e-15)
(10.94 -17.956 3.99897e-15)
(4.93137 23.2018 -2.94258e-15)
(-31.0604 29.8805 -5.29901e-15)
(-1.36777 -2.1643 -5.75967e-15)
(-21.932 2.62867 -3.71258e-15)
(-30.9959 22.7081 3.09148e-15)
(13.2829 -15.529 -1.16612e-15)
(-1.307 0.183076 -3.14774e-17)
(8.68882 1.6821 1.1888e-14)
(13.9131 3.8021 7.7083e-16)
(37.1229 1.18918 3.64868e-15)
(-16.9342 8.50174 0)
(32.5388 17.7779 -3.79529e-15)
(61.4246 5.18954 -9.63829e-15)
(34.6829 -18.2967 6.29394e-16)
(53.5493 -38.1869 -7.33811e-16)
(10.4457 21.2678 -1.87857e-15)
(5.48216 34.4748 1.46559e-16)
(-4.23701 -3.53025 2.27004e-15)
(-7.16724 -3.78049 -4.76445e-16)
(7.18382 -13.3022 0)
(-5.65131 16.5539 4.9138e-15)
(20.6982 -23.9434 3.33532e-16)
(-19.7498 -15.8131 0)
(-2.36615 12.1393 1.02104e-17)
(-5.20224 -5.20715 0)
(0.272918 21.28 0)
(-12.6066 16.4644 0)
(-27.633 24.4705 0)
(31.8606 -22.5162 -4.12317e-15)
(10.414 18.0307 0)
(10.9015 12.3792 0)
(63.3137 56.2712 -8.92529e-16)
(44.1119 17.2163 0)
(18.385 -5.48694 4.13973e-15)
(57.3045 -13.8851 2.22185e-15)
(25.4365 -3.47342 0)
(31.7093 -9.57908 0)
(72.0861 -6.79944 6.27338e-15)
(12.8466 31.1165 -1.86937e-15)
(-13.8138 13.5036 2.44835e-16)
(-6.52081 -1.72797 8.76893e-15)
(-3.13752 2.35994 -1.5887e-14)
(-4.76126 -14.2997 8.14652e-16)
(26.7603 22.03 1.94366e-15)
(3.97319 -1.1689 1.07669e-14)
(7.09852 2.14913 6.71822e-15)
(39.4971 -25.6046 1.90211e-15)
(4.50481 4.85216 0)
(-7.69497 -18.5667 6.30476e-15)
(21.9463 2.39509 2.16667e-15)
(-6.80323 13.0628 -7.42682e-15)
(47.5735 -32.7968 -1.36537e-15)
(56.8325 26.1742 -1.14777e-15)
(0.717465 9.5593 -1.88319e-14)
(0.6134 -6.57076 -9.02346e-15)
(-6.05022 -3.05501 0)
(-43.0578 15.9885 -1.35403e-16)
(14.8307 -8.66684 8.43884e-15)
(16.6732 -25.6121 2.55438e-15)
(31.6125 6.18596 0)
(30.2864 18.3528 -4.67392e-15)
(4.26881 7.19036 -4.54732e-15)
(-16.891 -18.0519 0)
(58.0222 18.0229 4.58554e-15)
(11.1135 -17.3929 0)
(27.5235 -14.2694 4.32184e-15)
(42.4913 -7.6197 0)
(13.768 30.7182 -8.34688e-17)
(1.65398 26.9397 1.85363e-15)
(48.7958 -24.583 -3.45755e-15)
(-7.48758 18.4636 1.28333e-15)
(-22.5762 -41.694 1.09659e-15)
(-14.9278 -10.3643 0)
(57.1698 -10.9215 6.26017e-16)
(-14.9028 34.8892 -7.51724e-17)
(-4.03624 -18.3003 7.47765e-15)
(24.1711 -14.5311 8.79879e-15)
(57.9824 3.46597 0)
(52.2944 -5.99162 6.16546e-15)
(-13.88 22.6595 -1.75915e-15)
(-1.22783 -7.24835 -8.18438e-15)
(-22.3099 5.4315 0)
(54.5332 -8.46785 -1.53824e-14)
(-4.44909 9.02939 -1.12297e-14)
(-19.8515 -27.0196 0)
(-2.56059 -5.03591 -1.48502e-15)
(-1.86608 -2.68532 2.3956e-15)
(7.49708 2.95913 -1.01557e-14)
(5.17063 -4.01335 0)
(55.8295 -28.7341 -2.79377e-15)
(40.7351 20.0389 2.14172e-15)
(-9.793 10.602 -1.75672e-16)
(-42.087 -11.66 -4.32827e-15)
(20.931 -28.4417 0)
(8.44476 6.84249 2.24596e-15)
(10.2224 16.2793 2.42661e-15)
(-0.912454 0.483297 -3.422e-15)
(-12.8497 3.36483 1.12827e-14)
(9.95723 6.80144 7.09229e-15)
(40.62 27.1815 -2.56059e-15)
(3.62728 -0.0831124 -8.31798e-15)
(37.4654 -17.7731 0)
(23.0998 9.17565 -5.42431e-15)
(5.14999 11.639 5.52509e-15)
(25.4326 -7.88775 1.11862e-14)
(42.7149 9.92599 0)
(1.4488 25.869 -2.63961e-15)
(1.38446 -11.3955 -4.98268e-15)
(4.15201 -18.0486 0)
(17.5961 -2.47805 -4.41014e-15)
(9.96839 -37.8284 4.31154e-15)
(0.660693 32.8301 3.6696e-15)
(19.9342 46.4113 -3.17051e-15)
(50.4374 -6.25099 0)
(-26.4822 0.189061 -2.153e-15)
(-9.88751 -1.82821 0)
(-7.74687 1.94949 -9.12489e-15)
(-13.8939 -4.16131 2.55674e-16)
(33.7997 -8.6508 0)
(-1.90364 11.1388 5.62722e-15)
(77.4668 16.4472 0)
(16.5344 -3.76653 5.37044e-15)
(8.85192 19.4913 -2.65104e-15)
(13.7321 17.1678 -1.2834e-14)
(8.7818 15.2743 0)
(40.2608 5.09753 6.74372e-16)
(19.8185 0.0410905 -6.65666e-15)
(29.5032 25.8371 3.92431e-15)
(37.2822 6.85371 1.90606e-14)
(5.34485 -11.2097 0)
(21.3794 6.90931 4.30516e-17)
(-19.1088 -25.7196 3.76913e-15)
(-19.2139 -23.4606 -7.2315e-15)
(16.317 2.52034 4.15274e-15)
(-49.987 -5.47438 9.61288e-17)
(26.573 -2.79837 -1.23072e-15)
(19.9716 -3.19441 8.97763e-16)
(52.0906 14.4822 9.45337e-16)
(17.772 -7.77505 -3.53229e-15)
(19.8643 18.5957 -4.30787e-15)
(9.15455 -21.3857 2.76845e-15)
(-50.7695 15.1196 0)
(28.4669 -6.00674 0)
(41.7606 -51.1275 0)
(24.9584 -22.2205 5.54349e-15)
(31.7839 19.2632 0)
(17.3543 6.99164 -1.58519e-14)
(-20.7429 10.83 0)
(-10.722 8.01924 -4.99883e-15)
(-43.3601 -17.5443 0)
(-35.5786 17.3757 -1.29202e-14)
(-18.8171 -10.3238 6.42115e-16)
(24.119 19.7386 0)
(-0.957956 -0.183301 0)
(-18.6134 -52.1708 -3.38631e-16)
(35.6376 -19.7532 0)
(-14.1763 -1.43371 0)
(41.882 -10.9391 8.44589e-15)
(-18.8498 10.6258 8.70732e-15)
(-39.0663 -11.7928 0)
(13.3548 -6.60373 2.50734e-15)
(-7.83559 3.39286 5.74082e-15)
(50.9239 -40.4199 2.83971e-16)
(-48.7367 -15.6363 2.52115e-15)
(47.5159 -7.3713 2.38112e-15)
(-1.97105 4.56999 9.68103e-15)
(1.95314 -7.34645 -2.43864e-15)
(-3.48137 -1.6775 5.67165e-16)
(-5.23126 -22.495 7.86781e-16)
(-16.3775 2.33953 2.36679e-15)
(46.6235 -26.8751 -6.29536e-17)
(14.8096 2.26594 2.59598e-17)
(8.73162 -3.73763 -4.44552e-15)
(71.5709 -5.19275 0)
(32.1413 11.9965 0)
(29.2492 -64.8579 0)
(-5.55244 8.46705 4.49881e-15)
(-5.00442 -0.44952 -4.5667e-15)
(-0.678233 -11.4244 -2.25839e-16)
(-17.6404 20.319 -1.24575e-15)
(-14.8684 1.29457 0)
(40.0752 31.2304 6.29298e-16)
(58.9702 -26.8756 4.84914e-15)
(36.2357 -18.2722 -1.03061e-14)
(71.5142 -28.9688 0)
(-11.275 -6.03533 2.58218e-15)
(-5.5034 9.59076 -9.46093e-15)
(-12.1487 -0.699931 9.8582e-15)
(-16.4405 10.1447 1.76295e-15)
(-0.191572 -8.86727 -1.47982e-15)
(1.23984 0.30279 -1.5124e-14)
(36.8564 14.2575 -5.03292e-15)
(4.76562 0.541908 0)
(6.43129 6.34511 -5.43427e-16)
(6.26366 17.5136 0)
(-35.0891 15.7605 -4.94513e-15)
(15.437 -10.7701 1.99428e-14)
(23.0805 -22.2075 -1.40691e-15)
(4.22226 15.5037 -2.72159e-16)
(-50.5942 -4.67383 2.96168e-15)
(14.7133 -42.92 -9.73093e-15)
(5.54335 -38.6965 -1.27715e-14)
(-38.2456 -2.74664 1.13231e-14)
(23.7052 -14.5662 0)
(-25.8653 -22.9277 -5.37026e-15)
(8.38595 21.7341 0)
(-23.5091 -11.7511 -3.50192e-16)
(-3.91826 12.6343 0)
(-9.05801 29.2907 -3.8135e-16)
(-7.04705 -4.19449 4.57335e-15)
(-0.828609 5.14724 1.40596e-17)
(16.9545 -6.86631 6.12226e-16)
(-3.116 15.2892 0)
(5.45816 30.1192 0)
(4.78839 -4.34065 -4.95348e-15)
(26.701 9.90679 1.08881e-14)
(-0.910583 -13.6901 2.71954e-15)
(4.04542 25.0122 0)
(-9.36123 16.9483 -1.39587e-14)
(-4.92356 -25.7773 -1.97051e-15)
(-4.53542 12.8358 -2.12487e-15)
(-24.4439 -19.9694 0)
(29.8751 61.1219 1.16572e-14)
(20.1372 61.2382 1.51428e-14)
(38.1468 -12.1421 0)
(43.5666 10.5061 -1.99373e-15)
(31.6283 -8.70791 9.16595e-15)
(9.24815 -0.21028 7.57161e-15)
(22.2146 -13.75 3.27291e-15)
(-57.2565 14.4673 -2.56319e-15)
(16.8823 3.8528 0)
(-20.9147 7.95966 -1.67346e-15)
(-5.52831 6.74931 -9.24485e-15)
(-5.12901 -2.32878 -8.76736e-15)
(-7.4386 -7.50921 1.00636e-16)
(14.2106 -13.6818 -7.74994e-15)
(21.3146 5.74187 -4.46913e-15)
(-24.5877 10.4506 1.36434e-14)
(6.08801 1.96182 -1.61918e-14)
(14.8475 1.30954 0)
(24.9113 -19.0587 4.66484e-15)
(-31.3417 -13.4994 0)
(15.7743 -18.0252 0)
(-16.0288 -27.1806 9.00668e-16)
(-11.6165 -14.7491 0)
(-10.2794 -1.93647 -9.66836e-15)
(-55.6752 -7.55577 0)
(-11.7077 3.18328 0)
(-64.5485 3.18747 -9.01485e-16)
(12.8474 4.37487 1.93716e-15)
(57.556 -21.637 0)
(8.90858 6.90029 -2.9265e-15)
(24.6397 -10.0199 -6.89828e-16)
(17.5127 -1.94084 4.96049e-15)
(-0.769679 14.2811 1.85241e-14)
(-1.04033 7.74849 0)
(-31.2334 -6.19674 -5.85163e-15)
(16.5633 8.7679 0)
(-8.18204 12.6044 -2.31648e-15)
(-8.81851 -13.1511 0)
(37.237 3.95306 1.1472e-15)
(8.05907 -0.0981721 0)
(26.5246 -7.3332 0)
(19.902 -0.137528 -1.43523e-14)
(-20.0618 17.0552 5.86483e-15)
(68.8808 -52.8665 1.1526e-15)
(-23.7647 2.09301 -3.76416e-15)
(30.2851 16.8823 0)
(33.4586 -6.26397 -4.78062e-15)
(-50.4643 9.96491 -3.94536e-15)
(2.758 -4.36252 7.86886e-17)
(-7.65792 8.56186 0)
(16.6524 -3.76232 0)
(33.6286 -1.0749 -4.55383e-16)
(20.82 6.17923 -4.7098e-15)
(-0.30687 -7.79715 -3.95802e-15)
(12.3958 42.3147 6.79117e-16)
(-2.6817 11.9657 1.11524e-15)
(-0.620312 6.12259 -1.06925e-14)
(-12.4985 -15.3333 0)
(26.1644 -28.8336 0)
(6.46665 3.6257 -4.15035e-15)
(-11.6616 -0.501774 -1.42941e-15)
(4.33586 -12.3317 -4.43799e-15)
(0.126927 -9.78539 -1.13301e-14)
(-6.7165 -5.15887 0)
(29.7926 22.7671 0)
(33.2262 17.3918 -6.90756e-15)
(-5.73801 13.9272 0)
(-4.18133 -9.2955 0)
(6.0858 27.572 4.41441e-15)
(-21.7537 -4.98558 4.44441e-15)
(16.0007 5.09157 1.01511e-14)
(12.1525 4.48131 0)
(-19.7263 -7.77979 -1.71831e-14)
(-6.10416 10.4334 2.23851e-14)
(45.4871 26.5044 3.91933e-15)
(-33.7385 1.16591 5.61138e-15)
(-19.4565 -12.1344 -4.83942e-15)
(9.20099 -7.0768 5.01426e-15)
(18.0053 -10.6952 9.57776e-16)
(-1.60552 -2.92874 2.81205e-16)
(6.96878 -51.3321 1.36784e-16)
(52.9647 4.3803 0)
(16.9083 9.10762 3.29057e-15)
(-14.58 4.75197 1.6697e-15)
(-4.74485 7.42737 5.24689e-15)
(-5.47686 -12.763 0)
(-5.30878 1.7606 -1.39809e-14)
(3.09935 2.65449 0)
(-6.45618 1.10199 0)
(-17.2222 -6.94733 -6.47392e-17)
(62.8004 -4.54824 -1.64814e-16)
(-8.86226 -5.3376 1.00549e-14)
(26.9549 -7.61089 -9.18389e-15)
(-2.25545 5.73112 -4.80762e-15)
(-2.47953 -20.3782 -2.13833e-16)
(-23.2281 -0.509071 -4.7213e-15)
(-7.68805 -15.4707 -7.99573e-16)
(-2.31428 -63.4114 1.16638e-15)
(5.4004 21.4612 2.84595e-15)
(15.6403 3.42151 8.54911e-15)
(63.0924 13.6313 -1.20682e-15)
(1.58866 2.2909 0)
(-18.3281 7.82154 5.44406e-16)
(-1.49733 -1.92225 -5.75503e-15)
(2.55746 9.32917 4.31757e-15)
(27.4683 -15.4423 -1.39356e-15)
(51.8034 8.88303 0)
(41.1685 3.85082 2.53471e-15)
(-30.5164 -12.6331 0)
(-65.4045 -30.2085 0)
(43.8595 -9.79847 -2.41113e-15)
(23.717 -1.71566 3.38992e-15)
(-38.6833 -25.0817 3.47004e-16)
(4.32803 0.67763 0)
(-12.4979 49.1912 -2.17984e-16)
(-29.5968 21.3791 -4.16013e-15)
(-20.6408 -8.34347 4.10699e-15)
(-0.00594953 -18.9756 -1.00472e-15)
(33.208 -13.4394 1.09879e-15)
(31.6293 21.6534 -1.58266e-15)
(17.7482 3.32497 -7.40437e-15)
(0.578143 -13.4287 3.25727e-15)
(20.2082 3.34718 -5.55379e-16)
(11.8836 -7.06831 0)
(39.2564 4.77941 0)
(11.949 1.08092 0)
(46.7718 3.09626 -1.74701e-14)
(102.194 -13.8538 1.71929e-17)
(93.3598 16.8193 -5.42253e-15)
(58.7549 -3.31047 4.62824e-15)
(22.6719 -20.0396 0)
(-23.6365 8.14807 -6.70744e-15)
(73.1713 17.4664 0)
(-5.13843 9.21147 0)
(-15.8122 9.05206 0)
(20.0956 13.7749 2.37281e-15)
(-18.1452 24.5387 -4.55272e-15)
(24.2331 21.6325 -2.73734e-15)
(-70.6243 -36.3828 0)
(-17.459 2.34892 7.18226e-15)
(-4.8207 10.7934 1.09587e-15)
(26.0806 32.1787 7.22411e-15)
(-11.7779 13.5663 1.84229e-15)
(-30.2723 -5.21549 3.19225e-15)
(-54.2932 -27.4378 0)
(-25.3575 21.4568 -1.41546e-15)
(16.4302 10.1144 0)
(13.2109 -8.19235 9.36964e-15)
(8.99931 -10.1662 0)
(4.84441 -18.1451 1.07112e-14)
(21.293 4.65825 1.38254e-15)
(37.9278 -37.8528 0)
(26.0917 -14.0315 -3.34783e-15)
(-35.0575 -32.4081 -1.21472e-14)
(-6.92813 3.04574 0)
(-20.0849 -4.4113 -3.69109e-17)
(-4.15833 -2.96376 -8.92821e-15)
(7.24243 -11.9983 0)
(-19.5629 25.4252 -5.35456e-16)
(-9.24409 0.745811 5.53987e-15)
(-5.85388 40.8837 3.66053e-15)
(-9.44961 -25.4149 4.38808e-16)
(-8.91871 2.57342 -5.29725e-15)
(-15.6248 9.66905 -8.28867e-15)
(-3.25226 12.0934 9.17215e-15)
(-22.7874 4.3853 -9.20418e-16)
(50.7225 8.55916 -4.80872e-15)
(-35.2628 13.2592 0)
(10.5723 25.4325 0)
(17.138 6.87637 -2.44577e-15)
(15.3761 24.9562 1.26321e-15)
(15.0654 -8.00366 0)
(7.17121 -44.4653 -1.18141e-15)
(3.25804 -5.09782 7.39293e-16)
(25.7357 19.5066 -1.51509e-15)
(8.06287 3.44869 0)
(-37.7103 13.6346 -1.4881e-15)
(19.5597 9.78007 7.27933e-15)
(-1.87798 -0.708027 1.20664e-15)
(-6.6922 8.99719 0)
(-0.573328 -0.109135 0)
(4.80359 -15.5736 -1.54738e-16)
(27.2757 16.3939 -4.75195e-15)
(9.34639 2.00232 -6.83427e-16)
(11.4797 0.335668 5.19309e-15)
(48.2954 7.7227 1.58775e-15)
(62.0739 -23.2063 -2.63481e-15)
(-10.078 -9.30744 -2.16624e-15)
(7.30385 14.989 2.80509e-15)
(-23.6913 -1.15063 0)
(-47.2647 -11.7091 -5.13119e-16)
(83.9645 7.58677 -7.27627e-16)
(60.6698 13.0168 -5.15133e-15)
(4.00935 4.3109 -3.6936e-16)
(16.0718 2.87767 7.67473e-15)
(13.9106 -3.02503 -1.31052e-15)
(51.4592 -11.9861 0)
(16.1827 -13.6304 7.69827e-16)
(0.0448902 -55.1305 1.92648e-15)
(4.49918 -11.2076 0)
(27.9921 14.6291 -2.94095e-15)
(-20.1287 11.4344 7.96843e-15)
(-7.22945 -21.6834 -1.04725e-15)
(-30.0327 9.30391 -2.10963e-15)
(-11.1304 -0.403768 6.94616e-15)
(25.8413 -2.49421 5.65952e-16)
(-5.67125 -11.921 0)
(-0.416829 -2.18491 0)
(17.2901 60.5438 8.50933e-16)
(20.9617 17.7216 0)
(56.7529 -27.4328 0)
(6.24288 8.0962 0)
(13.8736 38.9073 -9.72912e-16)
(-7.27905 9.41257 9.41787e-15)
(36.7941 -5.75141 2.85416e-16)
(-17.7668 26.5449 0)
(-19.7954 2.53457 0)
(5.76447 0.558329 0)
(51.164 -10.4859 3.68808e-16)
(3.98234 -0.178943 -9.99008e-15)
(60.0231 -3.08576 0)
(18.4339 3.51302 2.26301e-15)
(64.8796 -2.63164 5.3159e-15)
(63.1575 -8.70613 -5.84586e-15)
(30.9225 16.5073 -1.06955e-15)
(12.0763 3.89235 0)
(70.3111 -6.41783 0)
(14.7554 25.0442 3.17021e-16)
(12.0549 5.06674 -8.72638e-15)
(-26.6609 -20.2112 -5.93821e-15)
(-24.1557 12.0193 -7.17996e-15)
(-6.682 11.9956 4.75496e-15)
(16.8255 11.9163 0)
(95.1149 15.2492 0)
(4.74468 -0.998285 0)
(6.21867 3.68756 -2.49648e-17)
(107.274 -23.5503 1.37867e-15)
(44.8688 -47.8028 0)
(23.6597 32.8185 -9.12476e-15)
(8.76618 30.8906 3.29374e-15)
(6.22369 -18.457 0)
(-4.11997 17.0618 1.02469e-14)
(-0.948155 -28.8267 -4.57558e-15)
(44.4819 47.3575 2.62875e-15)
(-0.071242 -10.201 2.12002e-15)
(4.69175 18.2425 8.70561e-16)
(-4.76584 1.41816 -2.47065e-15)
(-13.4622 3.74646 4.92035e-16)
(1.26351 -34.1428 0)
(-1.65082 32.8496 9.21748e-16)
(-1.62358 2.33722 9.97053e-15)
(0.963206 0.917694 0)
(-12.2333 4.48305 0)
(3.15072 -12.916 -4.26156e-15)
(9.63619 22.3964 -4.19522e-16)
(-12.475 21.5275 0)
(-2.39747 12.7204 -2.23524e-15)
(1.43577 -23.8201 5.3017e-16)
(-49.9507 24.5115 0)
(38.5168 6.13467 0)
(12.0094 -1.6614 5.13394e-15)
(41.0066 -6.80473 -3.84604e-15)
(15.1251 2.68224 0)
(-28.9376 -8.95263 -2.73568e-15)
(-43.0566 12.419 -1.16861e-15)
(30.3817 5.35582 -3.36477e-15)
(-10.3864 22.9809 4.44892e-15)
(17.6716 -24.104 6.07702e-15)
(-20.6299 46.8429 0)
(-45.0758 -24.6359 0)
(-26.6567 40.2258 -4.44523e-15)
(-5.65159 23.8678 -4.53295e-15)
(-14.7529 -46.8989 0)
(-11.9764 31.8111 8.15572e-15)
(10.5921 19.2151 -4.84426e-16)
(-5.52293 3.94097 -1.25173e-14)
(13.1541 -14.8304 -1.4051e-16)
(-4.16127 -0.695078 0)
(-0.813201 -7.4546 3.92964e-15)
(18.9565 20.0442 8.15918e-16)
(97.5251 0.605346 -1.03878e-15)
(19.7931 -10.7654 0)
(-2.76078 0.900775 -1.08198e-14)
(2.74369 -9.85889 3.27128e-17)
(-29.1016 2.5404 1.23372e-15)
(-5.8466 3.6961 6.69099e-15)
(36.8312 -9.51084 -6.18573e-15)
(-34.187 11.3333 -1.21714e-15)
(-16.9186 3.61398 0)
(76.3181 44.0208 1.35003e-15)
(-21.5094 3.8728 7.78867e-15)
(37.6287 -1.96842 6.23478e-15)
(37.0536 27.889 -1.27136e-14)
(-15.9718 39.142 -8.25203e-15)
(9.28991 -6.09573 0)
(21.3193 -7.36143 -2.02427e-15)
(-32.8523 17.574 -9.56015e-17)
(22.325 19.0237 7.72881e-15)
(-2.73822 -2.15777 1.19357e-15)
(-50.1639 -24.0555 0)
(25.5921 27.4374 0)
(-15.16 -9.5597 0)
(32.3469 35.0999 -1.22404e-15)
(26.8059 -18.4063 0)
(22.4861 33.951 -1.24087e-14)
(30.5162 -20.0156 8.7926e-15)
(-9.00432 -8.44335 -3.44669e-15)
(2.90112 -4.1841 -4.94551e-15)
(-8.01509 -12.3032 3.76902e-16)
(-38.8693 -24.1171 -5.32681e-15)
(-36.2258 -10.3357 5.53783e-15)
(-27.4194 31.6949 -5.4972e-17)
(-2.24156 1.05162 2.36813e-15)
(-19.9356 2.65491 -1.12577e-15)
(8.70588 7.79732 0)
(39.6345 -17.4263 0)
(-8.81453 6.71902 -9.01718e-15)
(-16.3508 24.9253 0)
(28.2932 30.3162 0)
(13.9531 51.4459 6.50594e-16)
(-12.0198 -12.2133 0)
(0.566235 38.7226 1.48835e-15)
(-0.834914 17.2865 7.38005e-15)
(31.7625 -2.43588 -6.80679e-15)
(11.5668 23.823 0)
(7.08297 8.79146 -3.70986e-17)
(1.64844 20.5827 -1.58019e-15)
(-0.615375 8.67158 2.5684e-15)
(35.3633 19.3032 1.36397e-14)
(35.1313 10.5341 0)
(5.95831 7.39681 1.02052e-14)
(20.796 -55.3722 1.49097e-14)
(29.7078 -56.5049 0)
(-16.2418 -12.0734 2.21749e-15)
(-8.91985 6.993 0)
(45.3904 31.7039 2.84991e-15)
(7.69322 -13.7884 0)
(69.3868 8.4793 -1.26161e-17)
(25.7427 -17.6519 -5.25053e-15)
(48.5941 -18.777 1.46915e-15)
(-23.3841 20.6793 0)
(-11.9425 9.61163 -2.58648e-15)
(-25.7304 9.22577 4.62499e-15)
(-30.1459 -8.05236 0)
(26.6388 45.9608 3.00182e-17)
(-20.0405 7.66143 5.04121e-17)
(22.641 -4.4242 0)
(-3.51393 9.62876 0)
(32.5868 -25.892 8.98854e-15)
(24.7968 3.00336 0)
(3.11568 8.02954 0)
(-9.0648 -5.11117 0)
(-55.1248 1.63789 2.72233e-15)
(0.731097 -2.82504 4.23671e-15)
(25.3263 34.9072 -2.87338e-16)
(-10.6867 -29.6302 1.3051e-15)
(24.2115 -16.3674 0)
(40.2967 19.3693 2.22587e-15)
(10.3391 -22.8083 0)
(8.7694 0.859307 1.02633e-14)
(18.5765 -9.82352 0)
(-1.99471 -20.9005 0)
(-7.47979 20.5916 0)
(2.31879 1.74081 6.00112e-15)
(2.06336 0.641773 8.17182e-15)
(-21.1763 -9.96286 0)
(59.46 -1.27715 -1.86384e-15)
(10.1405 18.2332 -2.89321e-15)
(15.2288 2.0563 -7.76045e-15)
(38.2744 2.14977 6.36465e-16)
(24.3599 -12.0051 0)
(-26.8499 -5.11098 0)
(-39.2136 5.0851 -1.84983e-15)
(17.2608 -10.5999 -5.51788e-15)
(-17.8699 -8.81666 -2.3475e-15)
(-3.72503 -8.30487 9.81719e-15)
(-1.27849 -19.9965 -4.92151e-15)
(-20.7792 10.4048 0)
(2.93794 -19.3102 6.80934e-18)
(-20.6749 22.4045 4.93889e-15)
(-6.72561 -14.7267 1.14971e-14)
(46.623 -14.9964 4.07616e-15)
(29.1766 1.95946 0)
(11.3377 38.505 1.94025e-15)
(8.30754 32.0873 0)
(9.21438 6.47025 -2.73997e-15)
(-1.84007 -22.2416 1.8667e-15)
(-3.37491 16.0919 -1.0499e-15)
(18.5455 49.8789 3.93192e-15)
(2.48855 0.134044 -9.57584e-16)
(21.8935 5.14547 -1.36759e-15)
(-18.913 -4.91315 0)
(-3.49778 -7.68516 -7.12072e-15)
(2.6417 41.8062 0)
(19.9933 -8.56296 -1.49838e-14)
(25.2275 7.52715 5.00462e-15)
(16.6849 11.3142 0)
(-11.2495 -2.55455 0)
(57.9195 -22.7252 -6.54881e-15)
(19.7505 10.255 5.04814e-15)
(-8.4398 -7.10243 -2.06346e-15)
(31.7873 8.22136 -1.94799e-14)
(-10.2349 0.996389 0)
(-2.57039 -37.3504 0)
(-24.4776 -3.25469 0)
(-25.9525 30.5761 2.79533e-15)
(18.8891 -5.76886 -9.97597e-16)
(32.0846 35.4449 8.16334e-17)
(26.2975 -26.5558 -3.89303e-15)
(9.13796 -4.7372 0)
(32.3915 31.2691 0)
(2.94663 -14.1545 2.65936e-15)
(0.89283 9.63684 -1.43801e-15)
(21.5842 -58.7818 -2.57e-15)
(29.64 -20.7864 0)
(4.49486 13.7958 2.60518e-15)
(11.1307 53.434 1.71798e-15)
(5.44473 -8.77336 3.4122e-15)
(26.3305 -23.6366 0)
(5.77988 12.3924 -5.24658e-15)
(6.01527 -7.92173 4.94649e-15)
(36.954 24.0716 -9.17218e-16)
(14.8723 -19.2293 -1.14561e-15)
(19.3803 3.93891 0)
(3.0564 -0.0933739 0)
(-4.23628 3.67485 -8.97696e-16)
(16.075 -1.6768 -6.71522e-15)
(-7.23051 27.4557 -5.90537e-17)
(9.41062 4.87208 -3.22655e-16)
(15.8499 4.32034 3.31809e-15)
(-19.786 -7.43038 0)
(-11.9813 12.4259 4.23127e-15)
(-9.04256 1.15491 3.4217e-17)
(-7.37816 -16.3198 0)
(-30.4246 -38.8851 1.33966e-15)
(13.1897 28.7581 6.65738e-15)
(14.0007 17.9726 -6.09081e-15)
(-14.5137 4.02067 -5.5356e-15)
(-37.5617 2.09475 0)
(-44.8144 -1.14439 0)
(-29.198 4.32807 2.74975e-15)
(73.2728 -2.20583 0)
(58.3233 13.3061 3.60871e-15)
(16.1209 10.4991 0)
(9.36208 1.09264 0)
(41.5999 -0.236008 9.98014e-15)
(40.9105 -20.6875 7.45609e-16)
(26.4642 -6.05535 -5.02215e-15)
(-7.45383 -21.9962 6.67801e-15)
(-7.39797 -14.5198 2.05841e-15)
(49.1958 6.03337 -4.5405e-15)
(71.5408 11.2064 3.98196e-15)
(-16.5124 4.69763 -3.33012e-15)
(-12.2493 2.88126 -3.4174e-15)
(49.7737 6.3616 1.75567e-14)
(75.2696 -12.8816 1.03861e-15)
(52.601 -23.1927 -1.656e-14)
(6.37723 -19.5272 -2.86995e-16)
(18.8912 9.63502 -2.74825e-15)
(-16.8412 -29.9908 0)
(-2.0838 -16.9934 0)
(36.4192 43.4607 -4.83777e-15)
(24.2525 57.5012 1.37744e-15)
(24.9941 -14.1647 0)
(16.0275 31.0485 -7.46648e-15)
(-14.1476 5.76598 2.38582e-15)
(-18.4264 -11.6535 -5.70597e-16)
(-7.50487 -6.2614 0)
(-11.2945 11.952 4.5072e-16)
(3.65681 -32.0328 2.8535e-15)
(-21.2892 -0.15567 -4.16332e-17)
(47.7359 6.65703 7.51171e-15)
(19.2829 -27.3929 6.19604e-15)
(-8.13363 -30.2157 0)
(14.2189 17.1101 1.83339e-17)
(29.5365 -3.99591 4.30914e-15)
(-0.125695 1.40442 5.64414e-15)
(40.484 -31.4595 2.58784e-15)
(-11.6831 -19.6766 7.52912e-15)
(21.314 16.7222 -9.1149e-15)
(-33.2221 16.2613 -2.0196e-16)
(25.8359 11.0534 5.50059e-15)
(35.0735 -7.40722 -1.12261e-15)
(8.37066 -0.829519 -5.79222e-15)
(5.20107 -0.27563 1.46732e-15)
(21.0734 7.67723 -4.03311e-15)
(17.4975 0.212096 -3.5546e-15)
(5.42994 -4.79705 0)
(-12.5433 -12.5503 0)
(21.7188 -23.0856 -1.53686e-15)
(6.29278 -12.5733 0)
(41.389 12.8364 9.08588e-15)
(3.1258 0.854479 -5.58324e-15)
(-62.0961 -5.87537 1.38975e-15)
(3.58564 -14.6747 4.83099e-15)
(7.17394 21.3004 1.89194e-15)
(0.813901 -21.4999 0)
(-4.35504 17.2762 0)
(-20.6533 -0.938091 0)
(2.72614 -1.55976 0)
(-44.4669 -24.874 8.74045e-17)
(22.3392 3.24594 0)
(40.8155 -8.45308 2.49511e-15)
(35.0943 -9.14008 -1.13479e-15)
(27.9691 -8.92515 4.98173e-15)
(-10.4819 -18.8026 0)
(1.81027 0.661795 -7.36428e-15)
(3.91617 5.02054 0)
(-20.2396 27.4104 1.56326e-15)
(49.635 -20.3508 9.12646e-16)
(-31.6177 20.36 3.64221e-16)
(0.652514 5.35489 -2.39327e-15)
(-7.04185 11.6712 -2.26561e-15)
(-6.31996 -12.5784 -1.66009e-15)
(41.1462 72.3094 1.9349e-15)
(-34.1857 -6.30409 0)
(31.134 -12.7258 0)
(66.4188 16.5804 -8.95878e-16)
(-32.457 -14.2875 0)
(-19.4435 10.176 4.54878e-15)
(-58.2304 -27.2006 -1.00901e-15)
(10.9556 23.8496 6.77178e-16)
(-17.4153 -11.0237 -5.80921e-16)
(-12.4727 13.4188 -5.45424e-16)
(19.1568 14.6307 2.83969e-15)
(-7.06403 -16.9563 4.37662e-15)
(58.4182 3.0106 3.5249e-15)
(-34.8083 -13.7761 -1.42065e-15)
(20.8139 -2.95893 7.98361e-15)
(42.3943 0.449195 0)
(-27.5613 16.2328 2.79944e-15)
(14.4592 40.5434 -3.96517e-16)
(17.8455 -14.0322 -7.25181e-15)
(86.0921 -56.5139 1.27234e-14)
(28.734 -25.9855 0)
(-38.6427 41.995 9.35286e-15)
(36.0585 -17.1334 0)
(57.9447 0.183746 8.97246e-15)
(55.9979 2.29942 -2.91024e-15)
(42.6175 0.670441 0)
(36.5612 -6.04145 -3.1045e-15)
(17.301 16.5994 1.07791e-15)
(19.8196 3.26869 0)
(42.2071 9.59061 0)
(29.096 -30.8057 6.99396e-15)
(58.5132 28.5758 7.26968e-16)
(-30.4177 7.41393 -2.60687e-15)
(4.6731 15.856 1.07864e-14)
(90.4891 11.7339 0)
(1.62416 14.6389 5.07707e-15)
(40.3219 -12.9785 0)
(-0.33821 20.1891 -2.73218e-15)
(7.26586 -11.0765 1.8828e-16)
(-21.4729 -7.8975 6.36994e-15)
(-17.9753 24.4145 -5.43677e-15)
(-7.94823 17.4528 -1.90741e-15)
(44.3085 15.0867 0)
(26.1636 20.611 0)
(-6.5649 11.8457 -3.86974e-15)
(42.3617 10.5052 8.88717e-15)
(18.668 2.52674 -3.55516e-15)
(23.2973 27.2793 -5.18956e-15)
(7.43151 -1.6785 0)
(-0.734619 -10.2759 0)
(18.3369 1.96275 -4.32749e-15)
(-0.252355 -7.48186 3.88494e-15)
(11.0708 39.7246 0)
(6.41512 -6.02433 1.07063e-15)
(-5.04028 13.2976 0)
(-0.68293 -3.75182 4.33003e-15)
(-21.2909 -18.9087 1.40221e-15)
(-6.65434 -8.79791 -2.43064e-15)
(-9.96895 -25.7091 2.66077e-15)
(58.778 -4.58259 0)
(-16.2873 3.47597 2.30938e-15)
(-16.2014 3.62689 0)
(-6.95098 -8.03311 2.60313e-15)
(22.0929 24.8603 -3.61024e-15)
(47.2406 27.2677 -4.57611e-15)
(-35.3421 -29.6355 -2.69752e-15)
(2.93172 2.62923 -7.13089e-16)
(27.425 14.284 3.95645e-16)
(2.32306 5.47427 -1.21747e-15)
(27.3679 -16.8994 2.00917e-15)
(5.38624 3.32194 0)
(-24.0773 -14.9511 -3.50275e-15)
(-75.9984 -36.6895 0)
(-18.7817 6.21902 1.46308e-15)
(24.73 6.27221 -4.54762e-15)
(-7.10219 32.5083 0)
(39.7561 0.910708 0)
(-15.167 -25.6283 -3.40051e-15)
(8.74143 13.293 0)
(-17.2959 11.498 3.19281e-15)
(58.3314 14.7824 -4.17244e-15)
(-21.0428 -1.83598 0)
(-3.94222 6.02399 -3.72085e-15)
(27.0761 5.16823 8.28663e-15)
(5.62361 4.56274 1.174e-14)
(32.4807 -9.78896 4.6916e-15)
(33.4581 -8.24661 0)
(2.56771 -2.3161 -6.39407e-15)
(12.3722 36.7853 -6.41046e-15)
(36.5775 28.7246 -6.01617e-15)
(-33.4388 -14.9497 1.77987e-17)
(40.4832 -11.2267 5.64401e-15)
(5.95136 -17.761 -4.09868e-15)
(-1.47256 28.1714 0)
(-5.37629 -18.8226 0)
(-46.2698 -16.0338 -1.7402e-15)
(-32.9985 38.0966 -1.56115e-16)
(-10.7636 -20.1808 1.15682e-14)
(41.4445 14.4762 2.02165e-15)
(-25.4452 42.3782 5.46155e-15)
(-1.41744 23.7415 6.83594e-16)
(-20.7786 15.5649 -5.25388e-15)
(-31.201 25.0349 5.34018e-15)
(-31.7592 -16.1715 -4.7219e-15)
(35.5352 21.8851 -1.21499e-14)
(5.08769 41.5548 -1.83454e-15)
(-13.7862 12.2812 -7.10601e-15)
(-5.59651 18.9908 -5.401e-15)
(25.5472 -20.4554 0)
(11.3448 -0.317885 1.4181e-15)
(-1.34973 5.86762 -8.31148e-16)
(-1.1407 -1.8434 -9.2637e-15)
(-6.62654 7.85508 0)
(-11.6716 -0.968962 -2.31799e-15)
(34.4157 5.92015 -5.07719e-15)
(-10.6132 12.6936 -2.36277e-15)
(13.9214 17.8478 0)
(24.9105 -0.708489 -5.86272e-15)
(19.8856 -17.3441 0)
(15.0345 12.3811 -9.69773e-15)
(-5.29721 4.5145 1.31653e-15)
(-6.80267 4.09866 7.72334e-15)
(-34.0614 -6.42334 -5.97417e-16)
(16.3347 37.6722 0)
(7.7467 28.3955 5.83142e-15)
(29.4329 -43.7802 -1.98381e-15)
(12.5491 -9.08361 0)
(-17.095 3.65985 0)
(11.1124 6.63334 1.18111e-14)
(31.2218 31.6694 -1.2573e-15)
(7.59766 3.33164 0)
(44.3946 13.1488 0)
(1.13759 -9.4292 1.18377e-14)
(-0.599939 -17.2335 0)
(17.5896 -37.5355 0)
(10.758 -25.1726 -4.61285e-15)
(26.2544 -22.6367 2.31014e-15)
(-5.03944 4.21959 -7.34324e-15)
(-23.1901 24.3836 9.74796e-16)
(-47.852 -11.0958 -6.34697e-15)
(29.4473 -25.4254 1.65706e-15)
(-40.188 15.9543 0)
(28.4289 -19.246 -9.16057e-15)
(42.252 -13.2577 0)
(-51.158 -1.50092 -2.8252e-15)
(27.7742 24.0439 0)
(0.942146 6.51691 0)
(11.2509 -0.627873 1.55091e-15)
(-13.5497 28.0517 4.44222e-15)
(-11.5225 -6.75259 -7.15941e-15)
(7.82784 23.3159 0)
(-25.9394 7.71947 7.31977e-15)
(-34.9942 -23.1697 5.16729e-15)
(51.5207 4.01596 -1.84005e-15)
(-3.91797 -8.73828 -5.071e-15)
(-36.9173 -7.89011 -1.31216e-15)
(-35.3377 8.00885 -1.93774e-15)
(4.07142 -20.4128 -7.36849e-17)
(-17.4595 -5.71365 -2.39708e-15)
(-31.1881 6.16523 2.12641e-15)
(-8.01898 -7.65038 -2.25933e-15)
(41.1623 -20.6651 8.03556e-15)
(-27.5719 -7.40234 -2.40551e-15)
(-5.55309 -3.30973 2.06561e-15)
(-2.36817 7.74392 0)
(43.4351 -8.87651 -7.84741e-17)
(-17.1645 -16.7194 -3.6901e-15)
(-22.8802 6.94651 5.32351e-15)
(37.972 16.4029 2.79132e-15)
(-14.7793 15.9467 0)
(15.4408 3.87075 2.48898e-15)
(25.3287 3.9651 0)
(25.5806 47.0031 4.01585e-16)
(-22.311 15.1053 -1.50485e-15)
(-7.24258 7.11065 0)
(-22.7589 -1.927 -8.37413e-15)
(-7.02021 4.46443 0)
(10.3609 -3.38822 0)
(9.6191 4.95773 -3.12316e-15)
(-0.171566 -0.283401 2.43739e-15)
(-13.4288 10.192 6.26745e-15)
(45.1205 -8.73845 5.67275e-15)
(2.25012 -19.3653 -1.67563e-15)
(11.7457 13.3208 -1.15231e-14)
(9.3466 11.7282 6.49332e-15)
(23.7881 -11.9772 0)
(9.1365 4.89188 0)
(-8.11601 9.32733 0)
(-7.54602 36.5995 7.52522e-15)
(30.9692 -25.0229 2.99759e-15)
(15.2088 -1.7806 0)
(-21.6979 20.1118 -3.3027e-15)
(9.63669 -10.5044 -1.09954e-14)
(14.2538 -31.9946 -6.3506e-16)
(-61.9784 39.1971 0)
(-6.17799 -6.94921 0)
(-5.0002 8.64352 9.82836e-15)
(-52.5072 -40.2797 0)
(-9.02308 7.29207 6.02149e-17)
(17.7793 -5.9925 3.30803e-15)
(-1.08532 16.3952 3.18793e-15)
(-25.4938 -21.0251 -3.86938e-15)
(41.4302 -30.5507 2.09247e-15)
(36.3868 12.4469 -1.96293e-16)
(18.3749 3.20233 -1.3573e-15)
(15.9869 -3.59738 -9.4874e-15)
(0.788703 -4.90317 0)
(18.6353 15.8312 0)
(2.79628 0.878404 7.70903e-15)
(6.01542 2.5304 -1.612e-14)
(59.9812 7.4666 0)
(7.6984 13.3102 -5.05786e-15)
(-15.3765 -5.33407 3.01233e-15)
(38.7288 8.21381 -1.05653e-14)
(67.3027 -12.7552 1.80158e-15)
(-33.5527 0.911788 -1.67247e-16)
(-1.44438 2.72995 0)
(8.22941 8.42227 -5.07753e-15)
(10.3428 6.14868 3.47591e-16)
(-21.5887 18.6072 -2.84932e-15)
(20.9594 16.1906 1.51976e-15)
(-2.01857 2.50308 -5.39381e-15)
(58.3479 -3.88932 1.04073e-14)
(-26.3298 -8.89086 0)
(-1.0745 -3.80674 -6.65679e-15)
(28.6279 -1.031 0)
(7.15897 52.7018 0)
(6.25233 42.3453 1.85895e-15)
(-2.23905 13.927 -1.1938e-15)
(-23.3689 7.6701 5.6423e-15)
(-5.03634 -8.09419 -1.04434e-15)
(-40.7573 15.6355 0)
(-5.02215 -4.83326 5.51113e-15)
(0.759784 -2.71049 -3.25234e-15)
(11.908 5.46553 8.56321e-16)
(-2.50352 17.4039 -3.10464e-15)
(17.0962 -11.1318 -1.92972e-14)
(-7.7842 -3.96283 -4.72552e-15)
(19.2486 1.83094 0)
(-53.0355 -2.61125 -2.53937e-15)
(24.7052 -12.9741 0)
(9.85844 10.1534 0)
(4.82782 -9.13223 1.75588e-14)
(18.3904 13.5908 0)
(16.9818 -13.5971 0)
(79.0838 32.1625 2.28254e-15)
(47.6335 -21.215 -4.95092e-15)
(78.6321 -33.1703 0)
(41.2901 27.4001 5.1572e-15)
(-14.9716 -5.68743 6.86709e-15)
(17.8828 24.7034 2.81656e-15)
(-5.92836 -25.2846 4.97217e-15)
(2.93224 -17.371 0)
(-18.0615 1.96026 0)
(29.2271 -7.25746 7.3479e-16)
(-0.55265 32.4225 -1.71825e-15)
(23.1919 38.74 -1.88382e-15)
(-0.845599 6.39455 -5.63948e-15)
(6.31904 17.3503 -9.76609e-16)
(12.7736 -35.7028 2.22931e-15)
(-39.5061 17.9284 1.98407e-15)
(-32.4108 -20.3805 0)
(-22.5583 11.094 -4.34319e-15)
(50.7448 14.59 -8.67898e-15)
(-47.5146 -24.4317 1.75042e-15)
(9.9101 10.1515 0)
(10.1409 12.2935 -6.31897e-15)
(41.2917 -42.9241 7.72515e-16)
(-29.131 5.84112 5.69401e-17)
(-3.64767 -12.2117 0)
(-6.76749 -25.4106 -2.10048e-15)
(-48.763 17.1992 8.91409e-17)
(-26.8619 4.52695 -3.31759e-15)
(-40.7348 -9.60809 -4.22028e-15)
(-4.25006 -12.6426 9.46039e-15)
(-17.5812 4.45098 0)
(-9.27334 19.0614 3.26771e-15)
(-13.6554 1.86076 -3.22527e-15)
(-4.01551 -7.8479 0)
(-30.1775 -8.59148 -2.32797e-15)
(16.54 3.99751 5.11714e-15)
(-4.68353 6.60242 -1.03629e-14)
(-0.1291 0.869258 4.79657e-15)
(-8.54161 -25.997 -2.15019e-17)
(-15.7984 5.56726 -2.48731e-15)
(19.4765 -4.69287 0)
(36.622 -7.04064 -6.37105e-15)
(25.5019 45.649 -5.95945e-15)
(-41.2714 -10.701 -2.72577e-18)
(13.3368 -15.8554 0)
(48.968 -3.121 0)
(-34.283 -3.92894 0)
(-34.2886 10.4355 0)
(17.4477 2.07302 0)
(-1.07767 11.2535 1.69672e-15)
(13.764 -5.61632 -2.38078e-15)
(-32.6627 0.901849 4.37996e-15)
(-49.4884 -30.1556 0)
(-29.5687 -23.9542 -9.04214e-15)
(15.3243 40.5645 -3.03432e-16)
(48.8941 4.74904 9.84598e-16)
(15.724 4.89263 -5.09686e-15)
(36.7249 16.4415 -5.19781e-15)
(28.1134 39.6637 0)
(30.6088 -5.68361 4.13291e-15)
(32.5357 -10.5418 0)
(2.87817 7.13257 0)
(-14.9611 14.5608 8.66015e-17)
(42.4387 3.14598 -4.02077e-15)
(47.522 9.73349 0)
(24.8861 -34.4762 0)
(11.1738 -14.0238 -3.08851e-16)
(-10.3274 -16.1509 0)
(-32.1667 -5.37849 -3.36315e-16)
(-8.23946 6.34134 4.4729e-15)
(37.2992 5.10101 0)
(1.28378 -0.598164 4.632e-15)
(-24.2897 -10.9779 3.25446e-16)
(17.2735 25.3383 1.0086e-15)
(8.60935 -7.34225 1.09967e-14)
(-0.386158 -1.57537 6.24481e-16)
(40.2983 6.34915 -5.41283e-15)
(43.8008 -16.2996 -1.00775e-16)
(67.7142 -18.7433 1.49857e-15)
(-39.9196 -14.1178 1.82301e-15)
(3.2678 1.28001 -1.34229e-14)
(7.37485 3.51791 5.7589e-16)
(28.4529 -6.04032 -9.28184e-15)
(45.9887 -11.01 0)
(-10.2373 29.2925 1.46641e-15)
(24.9003 -8.03656 -3.28337e-15)
(-2.22688 9.19942 -5.42372e-15)
(68.0404 28.7234 1.18876e-15)
(6.52399 35.102 -9.26674e-16)
(11.6054 10.8835 4.67114e-17)
(-18.6276 -5.08799 1.93447e-15)
(-22.1554 8.76985 1.89537e-15)
(-18.7951 -1.19858 0)
(-11.5108 5.21915 0)
(12.3355 -3.4518 -7.06582e-15)
(-14.2431 -22.5178 -6.77645e-16)
(12.1998 -36.1438 2.23576e-15)
(11.2764 24.4702 4.62194e-16)
(5.41134 17.4692 -1.07092e-14)
(3.54215 -17.6331 1.21069e-15)
(9.19371 29.7923 1.59307e-15)
(20.2111 24.7267 9.33972e-19)
(52.5085 -10.5263 0)
(20.7949 0.668465 -6.41338e-15)
(22.7592 -3.91782 2.59871e-15)
(6.29302 11.7616 0)
(-56.0353 43.5693 8.11856e-15)
(10.483 3.55294 4.71055e-15)
(18.6401 -22.3655 0)
(36.6454 -12.8586 4.99805e-15)
(11.7648 3.95439 5.42435e-15)
(31.1486 17.8183 -3.0562e-15)
(6.7953 -17.837 3.87049e-15)
(-29.7341 10.4107 0)
(22.7266 6.31265 0)
(-7.27596 -6.10856 0)
(-22.4292 2.46222 0)
(-26.6697 -1.1417 -8.16487e-15)
(-35.298 1.90759 3.00564e-15)
(28.8041 -6.19927 9.86715e-15)
(13.3839 3.67996 0)
(-42.2746 12.9095 -4.19947e-15)
(-14.1143 5.59789 4.87886e-15)
(-61.8371 12.8337 0)
(5.51225 6.71451 7.00904e-15)
(10.3928 13.0516 0)
(23.6191 12.1738 4.55693e-15)
(-30.7761 12.9653 3.32859e-15)
(21.1342 37.7485 0)
(36.4484 -1.46751 -6.94009e-15)
(-7.80409 24.977 0)
(-0.0649771 5.56433 0)
(-19.5516 -6.76331 -2.09011e-15)
(46.6863 -5.66447 7.83083e-15)
(-6.27497 -35.4673 -5.68608e-17)
(-1.17746 -13.9151 0)
(36.4406 41.4069 -9.0761e-15)
(18.2264 -5.7478 8.79404e-15)
(0.171269 2.04731 0)
(12.2074 0.436595 -6.70373e-16)
(-3.09701 0.800091 0)
(1.95694 -23.405 0)
(47.4681 11.4619 2.27414e-16)
(12.5082 7.70591 1.64285e-14)
(17.8743 -7.43357 6.1179e-15)
(-0.907831 8.73383 -3.67821e-15)
(16.5244 32.4659 0)
(16.7942 -3.08575 -5.20143e-15)
(-17.2899 -25.7014 4.53971e-15)
(-21.2967 -27.9887 -4.58575e-15)
(-32.2229 28.2939 -8.24519e-15)
(6.91406 0.728084 0)
(15.0129 2.4729 -5.92929e-16)
(-1.94025 -15.4771 4.616e-15)
(13.3753 18.0803 -4.45533e-15)
(13.4971 -26.5388 0)
(7.36333 26.632 0)
(6.41806 -12.0453 0)
(-67.53 -28.1415 6.99721e-16)
(13.0409 -0.537229 7.1054e-15)
(8.19844 -1.22347 0)
(0.76137 0.345462 0)
(-28.987 -28.0399 -5.12958e-15)
(-36.7956 -17.1328 -4.76952e-16)
(7.28519 -3.81827 -1.30822e-14)
(37.8797 -5.6704 1.6461e-15)
(-3.94207 8.60592 -1.76193e-15)
(9.52179 13.4994 4.02634e-15)
(-20.8592 20.9412 0)
(44.6788 -1.59759 0)
(29.7723 9.04724 -1.07002e-14)
(3.56836 -13.3425 -4.8111e-15)
(-5.90221 -8.83054 -8.8528e-16)
(30.9064 0.12412 -1.56076e-14)
(51.4549 14.2643 -1.16192e-15)
(22.4389 -38.1742 0)
(2.53796 -5.11579 0)
(38.9835 -29.4253 0)
(19.007 23.2615 5.10002e-15)
(39.7733 32.8354 -8.12599e-16)
(25.8637 -25.8292 1.00154e-14)
(41.1866 10.3603 0)
(4.43033 -0.988115 8.22559e-15)
(-6.49202 18.1239 1.72412e-15)
(-19.8094 17.7782 0)
(-6.77053 -0.971138 -4.33263e-15)
(10.3401 -3.96839 -6.85595e-16)
(21.8434 16.7173 7.78052e-16)
(22.6988 -15.3005 -7.77842e-15)
(25.0525 16.2528 0)
(-14.2341 13.0141 -2.55172e-15)
(46.4907 13.765 4.55902e-15)
(6.04325 -12.4166 8.96561e-15)
(14.4793 -0.137053 3.86818e-15)
(-3.9781 9.85132 -9.1429e-15)
(-9.23018 4.49559 -5.71301e-15)
(-23.4297 2.04845 0)
(-13.7137 2.18248 -2.01032e-16)
(-9.92742 -2.94951 -1.08453e-14)
(-32.5509 -24.9469 0)
(-27.1513 15.7141 0)
(-29.2052 25.7738 0)
(-10.1046 -15.4928 0)
(-57.3421 8.69003 0)
(-41.4445 -8.86216 0)
(-53.2535 -8.57207 8.84966e-16)
(-25.3615 14.4658 0)
(-35.7818 -46.2138 -1.27795e-15)
(-45.4042 53.5446 -6.89858e-15)
(-14.0887 36.2147 0)
(-11.1443 19.178 0)
(10.5827 2.70848 -9.18255e-15)
(28.8644 6.26532 0)
(10.7141 0.935825 3.36654e-15)
(5.65921 5.49342 0)
(-4.22081 38.7734 7.97559e-16)
(-0.221943 -22.8349 0)
(-2.58994 0.779827 -3.60785e-15)
(-6.13069 -5.21194 0)
(-2.15164 -25.0575 -7.87273e-16)
(-5.0112 15.2988 7.88303e-15)
(29.9915 2.44216 0)
(32.8122 45.1953 -4.19523e-15)
(4.17572 46.7236 0)
(5.04593 9.58905 0)
(-4.44384 0.0762854 0)
(7.86958 10.0692 0)
(16.9668 4.71072 -1.11674e-14)
(70.9732 21.8368 -9.05494e-16)
(13.4374 -0.752721 1.78745e-14)
(87.0189 -23.4445 -5.83125e-16)
(-16.2398 -10.474 0)
(14.2583 9.03148 6.52775e-15)
(34.056 26.4823 1.71649e-15)
(1.8208 -6.82226 -7.94472e-15)
(-10.3756 -34.2912 0)
(15.1245 3.33648 2.39903e-15)
(-19.5116 -23.7586 -3.10675e-15)
(-15.1151 5.81058 1.35074e-15)
(-2.56576 3.9063 -1.33799e-15)
(26.9572 18.277 0)
(64.6751 9.39168 -8.23281e-15)
(60.7866 -10.5245 -1.16641e-15)
(27.0423 -9.6789 5.19227e-15)
(-11.8589 2.61834 8.58899e-17)
(-26.5236 18.3291 -1.8207e-15)
(51.2513 -2.59041 0)
(25.4627 -0.169121 0)
(-28.3248 17.888 0)
(-2.23605 6.2742 8.38792e-15)
(-4.66492 -14.9662 -3.67282e-15)
(30.3762 45.1861 1.58873e-15)
(36.321 -15.3949 4.28856e-15)
(33.4925 -12.2586 2.88999e-15)
(9.3262 -0.610413 2.13191e-15)
(40.9333 -33.3661 -2.69661e-15)
(0.714928 -5.8829 0)
(16.838 -8.78485 -8.5451e-17)
(-3.20399 1.30743 0)
(-30.0857 10.5164 -1.50145e-15)
(52.0982 -25.4828 0)
(-12.9286 0.140379 -1.01934e-14)
(1.68043 4.50439 2.96519e-15)
(-0.941974 19.6252 1.02133e-15)
(13.3452 -5.79356 1.34549e-14)
(24.3112 -6.56014 5.56109e-15)
(41.3651 -29.3063 0)
(9.78231 -18.6103 8.98381e-15)
(11.9095 -12.7879 -8.6618e-16)
(-16.5296 -17.8248 0)
(-15.3637 13.1423 0)
(-2.50805 7.92131 2.06356e-15)
(-34.4587 8.43864 4.40121e-15)
(36.7889 -2.39736 -2.75279e-15)
(53.0606 -3.68467 2.29466e-15)
(3.90283 19.0077 0)
(38.412 17.5082 0)
(-1.3957 12.0996 1.32462e-14)
(-1.77665 -1.97575 1.11405e-14)
(-20.8497 -15.7427 4.06837e-17)
(46.2517 10.2038 1.9825e-15)
(-40.2037 10.9531 0)
(1.69087 6.0711 1.17737e-14)
(20.2893 8.79612 -2.51082e-15)
(-40.9844 7.86595 3.65124e-15)
(7.75993 6.89684 0)
(-3.65426 7.86541 5.20949e-15)
(33.692 11.5474 3.62e-15)
(-76.302 -18.8496 -1.33203e-16)
(25.2677 4.43809 0)
(21.3771 -1.09328 0)
(2.77466 5.60045 -3.71328e-15)
(-14.0734 10.6565 6.82587e-15)
(22.1069 3.14919 -1.05298e-14)
(15.8773 -6.28202 0)
(-51.9885 -41.5172 2.29798e-16)
(-5.00826 1.99198 5.27787e-15)
(-18.6297 -24.9169 -5.52906e-15)
(-20.0088 30.2206 -7.593e-18)
(-45.5339 1.84108 -1.11553e-14)
(23.3283 -18.5792 -1.20812e-14)
(-20.6912 12.2237 1.94786e-16)
(17.2847 1.26164 7.95107e-15)
(-29.526 5.54495 -1.32767e-15)
(43.9425 -20.1912 3.19705e-15)
(64.1681 17.7089 6.82407e-15)
(-33.6226 7.24811 -1.55263e-15)
(6.66404 2.03743 8.46921e-15)
(0.673069 2.69162 0)
(13.788 -27.0029 -5.1203e-16)
(6.5473 -8.25293 1.30377e-14)
(3.29808 -1.0344 -2.55829e-15)
(20.0177 6.35449 0)
(-23.9099 5.61311 0)
(9.38589 -10.6558 -1.22874e-14)
(-2.85825 1.09581 0)
(-41.9093 -5.51322 6.41904e-15)
(0.587741 -9.30998 4.60515e-16)
(-2.3911 -7.4764 4.86895e-15)
(-17.1641 16.7663 -5.85886e-15)
(-32.8433 34.1931 -9.63543e-16)
(7.20025 -5.69767 4.86806e-15)
(-29.2361 -12.8414 4.77339e-15)
(28.196 10.2831 -1.15045e-15)
(15.4465 -7.03914 -4.87532e-15)
(18.2568 -0.173679 -1.97124e-15)
(-4.45199 -6.39043 4.45208e-15)
(51.4468 7.59198 1.07434e-14)
(49.1691 -3.28588 0)
(-16.017 -3.64552 2.60854e-15)
(-17.3571 13.3756 5.79531e-15)
(-15.7357 -17.1161 0)
(-40.6319 -20.7445 1.56576e-15)
(-44.4945 22.69 -6.15248e-15)
(76.5392 6.20673 2.82678e-15)
(53.1409 -3.95175 -3.09185e-15)
(65.8209 44.4622 -1.28494e-14)
(21.8275 -4.3858 -7.00095e-15)
(23.8862 25.8272 1.02884e-15)
(45.4247 -7.43443 0)
(3.88578 9.18238 8.54992e-15)
(-7.21442 16.1903 -4.31942e-15)
(-13.1411 -18.5427 4.48528e-15)
(24.4354 -3.52129 1.04588e-14)
(7.15402 20.4748 -4.38842e-15)
(43.0833 -35.576 -9.07058e-16)
(-6.42061 10.9381 4.42479e-15)
(-12.656 -21.5136 -2.13363e-15)
(-39.9224 13.6644 0)
(7.45009 14.0694 0)
(35.521 4.93154 0)
(22.7483 5.77936 9.90184e-16)
(15.0222 12.9043 4.95271e-15)
(30.2876 24.7324 0)
(1.06421 -1.15891 -3.63539e-15)
(25.831 -1.32101 9.05958e-16)
(3.48227 -7.94683 -4.56576e-15)
(27.2553 1.81229 9.97772e-15)
(28.564 -10.0187 -4.63487e-15)
(12.9389 2.23994 3.141e-15)
(36.9511 -30.9613 -1.01352e-14)
(-72.3507 3.09847 3.55215e-15)
(39.7683 -18.0425 0)
(37.1302 21.6706 0)
(-4.62607 5.69436 -9.15807e-15)
(11.5631 5.38473 -1.09797e-14)
(20.4405 -16.7952 -1.12696e-16)
(-5.05034 1.64696 1.04997e-14)
(11.74 -4.67411 2.13027e-15)
(-17.0108 16.9928 6.53749e-15)
(-7.06694 0.886525 1.07751e-14)
(-14.9568 6.11318 -1.5961e-15)
(30.3808 33.5394 0)
(6.23382 12.717 1.04082e-14)
(-21.4488 7.22443 -3.08278e-15)
(-11.5933 12.4448 -7.89041e-17)
(-8.30162 8.51933 2.63406e-15)
(5.77325 4.24178 -2.5193e-15)
(-7.36895 -13.7875 0)
(-34.8867 14.837 -1.24409e-16)
(17.2334 20.3521 -1.67746e-15)
(13.4429 13.4433 2.83097e-15)
(9.58013 -23.0792 -2.83606e-15)
(38.8016 9.51842 -9.7175e-15)
(-10.1921 -17.0285 2.86323e-15)
(3.76178 1.14393 7.76947e-15)
(-15.8331 -10.3611 -2.08603e-16)
(-15.5549 8.81438 1.79221e-16)
(4.21508 -0.720044 1.88169e-15)
(2.84924 -3.03523 -1.74686e-14)
(54.368 20.4248 -5.84508e-16)
(50.5181 -19.6879 0)
(3.56914 3.54875 0)
(41.3536 -24.1135 5.09316e-15)
(-3.07688 7.32705 2.47789e-15)
(40.5004 -2.54898 1.49692e-15)
(24.0112 1.79329 -1.17343e-14)
(35.4003 -1.55028 0)
(1.64848 7.30465 -7.16132e-15)
(15.4763 14.9244 2.16213e-15)
(0.0236584 -13.1014 0)
(-34.5022 -11.2459 4.94127e-15)
(2.11952 0.709771 -3.66617e-15)
(4.10669 17.7877 4.93654e-15)
(7.25022 -24.3806 0)
(-0.295287 26.6909 0)
(-12.0067 -20.9447 0)
(9.83769 10.2889 -2.67328e-15)
(-11.1459 -1.50094 2.7723e-15)
(12.9627 -2.64474 -2.2202e-15)
(-4.98563 -10.4259 0)
(38.5501 12.7311 3.16315e-16)
(1.31526 -18.0373 0)
(-2.90467 -13.9774 0)
(-25.0588 -6.6252 1.39555e-15)
(-30.2706 2.69848 1.70981e-15)
(-6.24953 2.15483 1.14991e-14)
(-4.73044 0.248296 0)
(4.56866 14.4887 2.16993e-15)
(0.30441 6.92344 -2.64523e-15)
(8.68339 -17.4488 3.62069e-15)
(6.04583 21.4987 0)
(-3.53584 -8.71122 4.04175e-15)
(-35.7769 -4.045 0)
(43.2959 -22.0576 -6.40627e-15)
(11.7765 22.847 -7.98404e-15)
(-14.3033 -6.87722 6.85492e-15)
(14.3215 3.95045 -2.43465e-15)
(22.9842 14.6705 -3.17311e-16)
(-17.4189 -24.9201 1.04209e-14)
(-55.0461 -12.9563 2.30502e-16)
(-1.55333 1.11319 0)
(-14.5657 -3.15408 -5.40337e-15)
(-52.8289 -38.4719 5.24812e-17)
(5.5036 -5.31156 0)
(11.9709 -11.1461 9.96886e-16)
(35.4005 4.12009 9.29615e-15)
(6.72737 -4.73326 -1.62443e-15)
(2.62275 -5.90148 -4.53025e-15)
(26.2789 2.8617 0)
(12.0018 -4.60365 -8.03075e-18)
(15.0833 -14.857 5.10049e-15)
(23.5997 7.66205 2.4275e-15)
(-19.381 13.3827 9.78278e-16)
(3.52925 1.83725 1.32537e-14)
(14.3058 -16.3408 -4.8082e-15)
(19.9927 8.98054 2.02859e-15)
(-39.6757 34.904 0)
(-4.49703 22.013 -6.83993e-16)
(3.9664 3.55888 -1.04344e-14)
(-39.7988 18.8688 2.97494e-15)
(5.67867 11.4193 4.3733e-15)
(-1.06414 37.7883 1.6232e-17)
(6.06622 16.0883 -8.27447e-17)
(-9.90807 -5.86079 4.85691e-15)
(-34.8334 8.73693 9.9025e-16)
(-0.309879 -17.0673 0)
(2.33658 -41.7815 9.65484e-15)
(-13.0881 33.1637 -7.53656e-16)
(-12.5113 19.0225 0)
(12.5486 -5.31211 -3.51073e-15)
(11.9579 3.23632 7.57618e-15)
(-3.36354 8.82654 -5.46133e-15)
(43.0831 10.8536 0)
(-5.50791 0.0216465 0)
(37.268 -3.30777 0)
(0.524862 13.7704 -3.18928e-15)
(-12.9211 2.82725 -5.22961e-15)
(11.2505 0.80652 -3.00464e-15)
(35.6557 14.7992 9.53753e-17)
(-75.3569 -19.4509 6.67547e-15)
(34.9353 -1.84982 3.42762e-15)
(20.6703 8.94908 3.67303e-15)
(-13.6979 -22.4627 2.92041e-15)
(-3.24887 38.0421 3.08138e-15)
(1.37959 -6.12493 0)
(9.92848 27.2773 -6.06493e-16)
(1.66049 -9.27264 0)
(0.631624 17.0302 1.66833e-14)
(1.50282 3.44532 1.11074e-14)
(41.2084 -25.0669 0)
(-33.1358 -4.42511 0)
(-12.6518 -2.9724 -6.22198e-16)
(4.17142 5.23892 0)
(-11.1397 41.6949 -2.83714e-15)
(-20.8361 9.81572 -2.0437e-15)
(-33.7958 0.095754 4.65783e-15)
(-43.9087 4.25009 -2.72753e-15)
(45.5442 27.4711 -3.50127e-15)
(18.716 -12.7601 0)
(-7.60643 -27.5986 0)
(30.4098 -19.0795 1.08247e-15)
(11.5178 -9.55532 5.09174e-15)
(-25.6963 -11.1464 0)
(-18.8874 5.28243 0)
(-15.2095 6.57501 -3.9919e-15)
(-43.1005 20.176 0)
(-0.521811 -2.19356 -6.59239e-15)
(-5.31031 -21.5444 1.08347e-14)
(-49.2762 15.3668 2.91618e-15)
(-34.3144 16.7589 -1.97186e-15)
(8.76691 -16.7513 4.98035e-15)
(7.55017 -15.4159 0)
(2.3128 7.80899 5.85369e-15)
(-1.324 -7.4101 1.21628e-14)
(0.312543 15.4923 1.77708e-15)
(-4.34733 20.2156 5.09745e-16)
(-20.5097 -14.998 0)
(11.8052 3.94644 -8.43244e-15)
(-14.6284 11.0828 -4.9186e-16)
(-28.8395 9.15098 -9.60573e-16)
(-16.3978 14.293 -4.98261e-15)
(-12.2145 1.32906 -9.54199e-15)
(-22.0044 -14.7132 2.00812e-15)
(-7.83269 -3.91563 -1.00855e-14)
(24.2545 -16.0517 0)
(13.7951 -0.0765754 5.36768e-15)
(13.923 47.4178 -1.91747e-15)
(-14.2423 -8.06899 4.23521e-15)
(22.1781 2.77368 2.57189e-15)
(3.6905 4.43318 -1.11383e-14)
(2.40362 -20.6783 8.76535e-16)
(-0.685204 17.7757 -7.94754e-15)
(-6.80671 -2.01151 9.2095e-15)
(-24.0804 -14.062 0)
(5.3081 -7.84873 0)
(5.94527 3.4722 4.9848e-15)
(-10.2944 -9.59894 -4.60781e-15)
(-16.8439 11.0113 1.42934e-15)
(12.5412 2.36025 0)
(14.2997 -1.41229 0)
(46.9985 8.01429 0)
(8.44075 -5.11005 -2.85762e-15)
(20.1245 -58.9536 0)
(41.3909 -22.0388 -9.1952e-15)
(0.386185 19.6484 0)
(-33.47 21.5411 0)
(24.4297 -16.7368 4.28411e-15)
(-6.78245 0.695114 -6.2588e-15)
(0.900577 -2.09129 -1.99732e-16)
(11.208 -12.0758 0)
(6.01824 1.90358 0)
(20.8062 -11.2767 0)
(-6.30923 -20.4073 -7.34687e-15)
(-32.5255 -13.1839 1.00927e-14)
(59.965 23.9178 -9.22748e-15)
(-6.61669 -0.634223 0)
(-19.3982 6.88704 -3.20298e-16)
(46.5711 28.2332 4.24847e-15)
(-8.56725 2.65242 5.08695e-15)
(2.03212 -4.15267 8.39457e-16)
(41.9786 16.1334 1.95236e-15)
(-11.134 -22.3337 0)
(53.0419 4.08533 0)
(-13.8366 -3.81414 -7.51055e-15)
(-3.98268 -3.78817 5.0369e-15)
(-11.5932 14.5902 1.26194e-15)
(-29.5612 -1.3821 -2.08464e-15)
(-4.08208 -19.8342 1.10885e-15)
(-0.884572 4.95532 0)
(0.595635 -12.7895 0)
(16.9945 0.619676 -1.56549e-14)
(-42.6568 -7.17446 2.03743e-15)
(22.5839 -29.0773 -2.87615e-15)
(30.881 24.9928 -7.7657e-15)
(-11.3009 -8.54193 2.05603e-15)
(24.4187 12.1856 3.29168e-16)
(57.9368 14.2644 0)
(2.25721 24.2162 2.14944e-15)
(-10.0612 7.13232 2.06705e-15)
(6.97079 5.11131 -1.55122e-15)
(21.3112 -3.3501 -1.06707e-15)
(13.1685 -37.9664 3.70448e-15)
(11.9431 -4.87182 0)
(28.7546 3.85285 -6.56679e-16)
(15.1217 32.2973 1.46176e-15)
(-13.5309 24.6137 0)
(27.328 1.44673 -4.82483e-15)
(18.8586 32.791 -1.01469e-15)
(2.81233 15.5603 -1.08335e-14)
(-28.0355 14.0042 2.26343e-15)
(-21.3861 20.1491 7.56805e-15)
(-19.5153 -22.1376 -6.90384e-15)
(-12.8866 10.0294 3.77439e-15)
(81.1429 -21.5257 0)
(25.99 8.43074 0)
(102.601 20.01 0)
(22.4658 -4.33311 0)
(-9.1518 -0.00284774 -2.7862e-15)
(-10.0547 5.35108 7.33372e-15)
(16.4888 -6.52682 -2.19357e-15)
(-25.9105 -1.37164 -3.54526e-15)
(-0.13553 -8.3447 0)
(-19.1036 20.9092 -2.42834e-15)
(-1.5662 13.4153 -3.10136e-15)
(-29.6023 9.46219 -9.17708e-16)
(-27.9108 19.4678 0)
(-2.18598 -7.20021 0)
(-2.51408 23.3976 -6.83189e-16)
(-12.3486 -24.7876 5.09852e-16)
(-6.00512 7.90138 1.21456e-14)
(-9.18471 1.54541 4.92265e-15)
(-4.46251 -6.10606 0)
(40.152 8.39843 -1.00844e-14)
(-20.7011 -8.23946 -1.03812e-14)
(-20.0712 -1.62774 1.64303e-15)
(-5.74156 12.0074 0)
(-34.5717 -6.22806 -1.87106e-15)
(-52.3817 -7.88544 -1.08906e-15)
(-9.21301 22.6516 0)
(-15.8185 -5.32297 0)
(25.2598 0.259312 2.4959e-15)
(-10.4517 6.17779 0)
(-1.01492 7.28912 0)
(35.5072 10.4282 0)
(-8.62409 5.60145 1.34282e-14)
(4.37366 -3.525 1.27251e-16)
(-2.30826 12.2426 5.39362e-15)
(0.663045 -5.13187 -2.74392e-16)
(18.665 -1.31929 -5.55027e-16)
(5.51923 7.13767 1.29175e-14)
(7.82275 2.98203 -2.70538e-15)
(-6.79355 13.394 2.90681e-15)
(-8.41084 -9.66387 -2.53357e-15)
(31.6086 -53.5797 0)
(15.0374 -3.41739 -4.83867e-16)
(12.097 0.580156 -2.54553e-15)
(6.52294 2.40628 0)
(23.9567 3.71513 0)
(41.5225 14.4023 5.23988e-16)
(1.18482 -2.55616 0)
(1.70254 5.03594 8.22099e-15)
(17.6727 -10.5223 4.59198e-15)
(2.85782 -17.8113 2.22831e-15)
(-14.2535 -1.60548 -3.91141e-15)
(28.3802 -30.3068 0)
(6.49791 4.56103 0)
(5.38345 -6.07645 0)
(-5.00219 13.5145 0)
(-12.9945 11.6976 -1.64792e-15)
(-8.8679 1.19303 0)
(-69.5294 -2.37122 0)
(-4.76894 -6.47786 2.41788e-15)
(11.2102 12.5146 7.35586e-15)
(-41.5359 -37.199 -2.82519e-16)
(-1.59263 5.80866 -5.17798e-15)
(-51.1225 -20.6946 1.02431e-15)
(-19.5095 -0.0730998 1.21289e-15)
(-61.6399 -7.85527 3.23602e-15)
(-11.0423 -6.35437 0)
(-28.8295 -11.3305 -1.13656e-15)
(41.3036 1.30394 2.04258e-15)
(-7.06 7.71171 0)
(29.0628 -22.7834 9.93533e-15)
(37.6146 -47.5643 0)
(-16.862 11.1809 0)
(-49.7474 2.59472 5.84591e-16)
(-18.0224 -11.0502 -3.3327e-15)
(-26.3699 25.5923 -2.27283e-15)
(-39.3816 -2.76862 6.26197e-15)
(26.0636 20.8758 0)
(2.94445 3.82334 8.14171e-15)
(5.74595 -23.4493 -7.12905e-16)
(-11.1325 -15.5292 0)
(17.549 1.19507 -6.71344e-15)
(-22.1738 21.0255 0)
(-33.4947 15.5634 -1.87351e-15)
(-50.2761 -14.0811 0)
(42.5658 -25.238 0)
(-47.9363 3.95605 2.20056e-16)
(1.69516 -0.679402 0)
(-21.7154 14.3286 -7.68002e-15)
(34.5173 -24.0879 0)
(62.583 -28.0535 -1.27567e-15)
(17.0642 -7.85371 -5.50935e-15)
(25.2057 -1.2245 6.9833e-15)
(-30.0029 -1.76197 4.71765e-15)
(-59.0397 -29.3002 -1.93647e-16)
(-20.9323 -6.43645 0)
(-6.86341 7.87253 5.72806e-15)
(-49.6183 -17.2748 0)
(-29.5298 -14.782 1.63991e-17)
(-14.5335 -6.58475 4.58571e-15)
(-0.589452 15.9074 1.76891e-16)
(-25.9077 -6.23496 1.18161e-14)
(-43.7913 -2.15168 -1.92782e-15)
(-43.1294 -11.1458 8.25891e-15)
(-15.5708 5.03401 5.99595e-16)
(-16.4839 -8.59244 0)
(-4.09499 -1.17383 0)
(-8.3868 8.66844 -1.22414e-16)
(-7.82265 -5.28143 0)
(-20.0567 -7.51388 -4.89017e-15)
(-17.946 8.43349 9.2996e-16)
(10.0792 3.51505 -2.28537e-15)
(-23.9575 1.5447 4.97408e-15)
(-12.6808 -21.6287 8.29597e-15)
(-17.9549 -6.48627 -8.97858e-17)
(-34.8893 -13.2027 0)
(22.7314 -8.67253 0)
(-47.3658 -6.86079 0)
(26.2825 1.30448 3.57621e-15)
(24.6913 26.2916 9.23261e-16)
(-1.38913 -34.247 1.08144e-15)
(-24.6631 20.8206 7.64742e-15)
(6.61477 7.42509 -2.9288e-15)
(13.5715 35.4874 0)
(3.81163 -10.2974 3.62426e-15)
(5.52356 -14.333 0)
(29.6006 34.6761 2.15229e-15)
(18.3841 8.9259 4.65143e-15)
(-14.3314 11.7026 0)
(0.504337 -12.856 -4.83003e-15)
(11.6127 17.3839 -4.49361e-15)
(-11.6633 0.27591 0)
(13.4689 22.6114 -2.01561e-16)
(-21.1729 -26.9399 -2.09851e-15)
(1.01881 2.24573 -7.43032e-15)
(39.8486 10.4388 2.65044e-16)
(-2.11118 -18.2537 2.60084e-15)
(-6.26801 -24.5809 0)
(-10.5185 20.7926 -5.70868e-15)
(-10.0392 27.5008 -1.17778e-15)
(-6.72932 -12.0429 0)
(-50.7367 -9.43023 8.43513e-16)
(4.43952 -28.168 -3.5134e-15)
(-0.74044 -13.3005 1.82148e-15)
(-43.731 1.93656 1.23845e-15)
(7.717 32.0429 -2.54733e-15)
(5.53 16.3652 -1.04747e-14)
(-0.229202 26.7072 -4.73025e-16)
(33.3777 17.9156 -1.55806e-16)
(12.7116 7.52307 0)
(-19.0538 43.8998 1.61642e-15)
(1.92751 28.8011 1.87359e-15)
(-29.4159 -5.98563 1.16427e-15)
(31.9544 -4.83486 0)
(-9.56862 -16.2053 4.82353e-15)
(11.1628 9.79734 -4.86431e-15)
(-30.7415 -13.8594 0)
(-6.48086 -10.5099 7.04501e-16)
(-15.8604 12.7537 -2.95612e-15)
(-18.0492 -7.20404 2.80337e-15)
(-40.6326 -11.7021 -1.40232e-15)
(-40.9433 2.18622 0)
(12.0686 -20.2715 3.89492e-15)
(1.85014 -10.9247 -1.22257e-15)
(-5.56857 14.0659 -5.55853e-15)
(-3.60744 -16.7922 -1.47644e-15)
(-11.8824 -3.98042 0)
(0.290239 -16.1082 -8.21245e-15)
(3.71242 15.6114 0)
(-3.97711 -3.74509 -5.2188e-15)
(-7.8884 14.0718 0)
(-9.14751 -14.5928 -4.8522e-15)
(49.9795 -2.92217 -3.28541e-15)
(17.4981 2.83389 -1.3085e-15)
(-12.021 -5.83799 -1.15136e-15)
(-7.19052 -1.04674 0)
(-25.7354 12.306 -2.63172e-15)
(4.13871 -13.8006 0)
(17.7121 -18.7829 0)
(10.9018 -2.05222 1.38035e-16)
(-14.8804 -12.291 0)
(62.2591 16.8373 0)
(-39.2473 12.9226 1.51142e-15)
(-22.1553 24.6347 2.12816e-15)
(-20.8769 5.82692 2.59174e-15)
(28.3758 -12.2558 0)
(56.9305 -18.0579 0)
(-9.60477 -5.92391 5.82441e-15)
(-4.15786 6.92612 1.53991e-15)
(5.35644 -6.73526 0)
(2.46107 -7.55558 0)
(-3.94476 5.58366 5.60711e-15)
(52.3821 -19.9231 0)
(20.4972 7.11985 -1.09184e-14)
(41.1208 -14.9966 -8.32707e-16)
(13.3894 -3.88292 0)
(72.4132 12.6454 -4.17629e-16)
(-24.7386 9.58583 1.60807e-15)
(-10.9824 5.12672 -2.21181e-17)
(1.76669 -7.78158 4.45846e-15)
(1.199 -16.857 -6.64356e-15)
(-31.1485 22.0927 -2.24392e-15)
(-5.27012 -11.1035 0)
(-3.81189 -3.91478 4.89239e-15)
(-43.1973 -10.7673 5.50146e-16)
(-20.926 7.39526 -4.88814e-15)
(6.03209 10.9344 -7.05279e-16)
(1.07834 -3.70725 0)
(-32.2552 13.7639 0)
(-16.9137 -5.46046 -2.3271e-15)
(-27.1245 -31.9298 -1.06824e-14)
(12.6105 -8.50627 0)
(7.99943 5.63818 7.60811e-15)
(-42.5152 -12.9558 7.53179e-15)
(-31.8651 10.0036 -6.53519e-15)
(41.1033 39.0897 -3.41592e-15)
(-30.0145 -1.97634 -1.01954e-15)
(30.4198 -14.2568 3.92167e-15)
(-28.3504 9.71665 -2.69406e-15)
(42.4759 32.2896 0)
(-34.1951 -2.97491 9.45353e-16)
(-38.8944 0.263177 0)
(-33.9559 1.01632 -1.01605e-15)
(-24.2697 8.03194 -5.80066e-15)
(-11.9537 19.3092 0)
(17.2423 0.424333 1.94964e-15)
(-23.0308 -11.3672 2.47333e-15)
(-27.2508 29.0844 0)
(-35.964 8.53304 9.6805e-16)
(-29.6747 29.8811 0)
(-15.2394 8.73093 5.89926e-15)
(-7.0772 -8.68172 0)
(32.2797 -12.6608 0)
(15.3468 2.46654 -7.61436e-15)
(10.9721 -2.31855 -1.26474e-14)
(25.0394 12.7618 0)
(-26.5297 -43.0296 1.51697e-14)
(3.2857 -1.39677 -8.28569e-15)
(-70.1296 -41.332 0)
(64.1841 14.0368 -3.41313e-15)
(27.9187 13.7695 0)
(-21.5478 16.5952 -5.26197e-16)
(-2.16853 7.68358 5.6692e-15)
(-27.4453 6.46327 0)
(-9.69975 3.9226 -3.53098e-15)
(31.1622 23.4895 -1.14821e-15)
(-20.4616 18.6589 0)
(-44.7584 1.53314 4.60935e-15)
(-30.9772 -0.866445 -7.80646e-16)
(35.3074 11.3798 -6.56889e-15)
(48.5917 1.04051 -3.95323e-15)
(1.35472 5.97065 7.62844e-17)
(-11.9129 15.885 0)
(-1.80517 -3.68832 -2.35621e-15)
(26.6295 6.25325 4.6746e-17)
(7.92708 2.13872 7.46828e-17)
(-16.8635 3.55847 0)
(0.302414 8.3713 5.79084e-15)
(-3.93058 7.42785 0)
(-28.4774 -11.6504 -4.36382e-15)
(-40.2519 -0.809772 0)
(23.6209 -4.46535 -3.29037e-15)
(-30.8774 -16.6707 -2.21225e-15)
(34.5748 -51.4648 8.90348e-17)
(-13.1639 -39.2001 0)
(-10.6539 37.0832 4.46577e-15)
(-12.6978 1.3875 0)
(-19.9602 -5.15686 -2.90382e-16)
(-10.3306 41.1019 -6.8796e-15)
(-15.4528 -0.998923 5.19311e-15)
(-30.9745 3.23059 5.39262e-16)
(-9.96416 -12.7984 0)
(-1.39096 5.9917 -5.04745e-15)
(0.588993 -5.69145 4.7894e-15)
(3.65961 9.50388 -6.61787e-16)
(-5.76601 36.0055 0)
(-28.5657 -40.7157 0)
(-39.758 -23.3326 0)
(-7.16551 -10.9976 5.30913e-15)
(20.2614 -16.7574 5.70174e-15)
(6.18084 -3.91803 -2.27902e-15)
(-47.9671 -33.0157 0)
(13.7829 2.59283 0)
(12.0101 1.29326 -5.80086e-15)
(-16.2851 1.39118 0)
(-30.5354 -3.69101 5.49363e-16)
(35.3386 -1.37394 1.15327e-15)
(-19.6246 -0.982793 -1.10735e-14)
(-43.079 3.46058 2.64294e-16)
(-8.33458 -7.74556 -9.78871e-15)
(-11.7422 -17.5514 -1.46467e-14)
(11.8593 44.1258 1.31361e-14)
(-2.80785 2.09082 0)
(72.5415 16.1966 0)
(-17.331 -1.57623 1.92059e-15)
(35.9965 -8.34702 -3.70116e-15)
(-19.9957 1.85775 4.98909e-15)
(42.2612 -3.38879 6.54789e-15)
(-3.41188 -12.831 -3.97624e-15)
(-7.67422 12.3756 0)
(-5.11511 -28.371 -5.54462e-16)
(-1.5873 -10.0594 5.65708e-15)
(5.1381 -31.2991 -1.09831e-14)
(14.3619 -7.65359 9.39815e-15)
(-44.9248 32.4406 0)
(-23.3942 35.5904 0)
(4.59408 -8.3083 1.67703e-15)
(21.0603 1.91892 -4.51065e-15)
(-6.44273 -3.07453 0)
(-26.5655 -12.474 -9.75306e-15)
(71.0412 45.7551 3.31366e-15)
(-2.26159 -11.3011 0)
(8.0148 14.6549 -8.28691e-16)
(-2.19428 22.3185 0)
(-4.65598 0.216803 8.82466e-15)
(1.39734 4.69552 1.15982e-14)
(-0.922968 -17.0181 -5.85971e-16)
(2.07888 15.7405 8.85362e-15)
(-13.7337 2.40191 -3.13211e-15)
(-20.2352 0.708318 5.00946e-16)
(-46.6437 -3.19038 -8.31759e-16)
(-17.4949 -0.475413 2.94915e-16)
(-8.76908 -0.571414 -4.55643e-15)
(35.1875 2.67766 8.63939e-15)
(-10.6785 12.7405 -4.14098e-15)
(-3.895 -3.03446 -2.28161e-16)
(2.57005 -7.10244 1.01974e-14)
(-63.0601 -56.0285 -3.28391e-15)
(-11.2513 -4.23061 -3.12661e-15)
(-26.1466 6.96911 5.05859e-15)
(-6.53263 -0.452666 -1.09549e-15)
(-3.65245 -0.182747 -1.11128e-14)
(-5.08136 -0.773707 1.17576e-14)
(99.2148 -17.0464 3.41607e-16)
(63.5588 -29.8154 -3.55536e-16)
(-20.3671 -12.4715 2.70962e-15)
(-33.6349 -17.499 0)
(0.428402 -1.4949 0)
(-25.531 -11.3338 0)
(-29.0953 -4.03538 0)
(-21.5434 -15.4769 0)
(-42.1605 -6.22507 -2.08127e-15)
(3.36261 -1.18882 5.49815e-15)
(4.61843 5.83884 -2.0113e-16)
(13.9875 -9.49659 0)
(5.28503 0.815632 -7.09395e-18)
(-45.3965 -16.0501 1.62778e-15)
(-0.897664 3.91613 -4.65101e-15)
(23.4444 -50.7565 3.0099e-15)
(-60.3496 27.4657 -2.39407e-15)
(3.54425 -7.96391 -5.17182e-15)
(-1.81321 18.0433 0)
(17.6921 -17.9158 -8.08626e-16)
(0.602206 9.67325 5.76374e-17)
(2.45631 -21.3823 -9.32387e-15)
(3.53092 5.42664 2.56978e-15)
(-2.18872 3.27605 -1.13549e-15)
(1.28996 2.08141 -2.56273e-15)
(11.1221 7.0001 5.16198e-16)
(5.86866 4.05918 3.8527e-15)
(25.3441 8.24174 0)
(14.0849 -0.296074 5.2836e-15)
(16.9303 1.41505 1.38702e-15)
(17.5906 -14.9124 0)
(-45.0169 -24.3648 0)
(-26.2827 21.4881 -2.26873e-16)
(-7.8895 12.2891 -1.02861e-14)
(-16.134 -10.5643 0)
(34.8853 15.8267 3.99488e-15)
(38.333 5.47552 7.15445e-15)
(-0.548529 0.0255317 -5.55334e-15)
(11.2741 -14.3632 2.535e-15)
(-15.5597 -0.980975 -2.92356e-15)
(-11.5409 -2.22689 0)
(-6.24824 -7.32761 5.78117e-15)
(-12.5226 -37.659 0)
(10.9962 -7.3139 1.41965e-15)
(44.2755 -36.9743 2.25298e-16)
(-4.24365 -23.3147 0)
(-11.3728 -0.271698 -5.03098e-15)
(6.08519 -7.29367 7.6786e-15)
(-36.0964 17.4487 2.82876e-15)
(-0.913523 -3.39242 2.66784e-15)
(9.00518 4.00681 9.1071e-15)
(0.901502 4.69337 0)
(-29.4977 -18.2559 -1.95269e-15)
(31.2534 -2.69201 -1.88493e-15)
(-10.488 -40.7664 -1.0972e-14)
(-66.1334 -1.7942 -2.78448e-15)
(-22.0015 -13.9049 -6.54989e-17)
(22.5063 -33.2041 -8.19396e-15)
(-32.2039 -33.3142 5.20615e-16)
(-10.4904 -4.09986 0)
(19.1227 -38.1059 0)
(5.39343 -4.49083 -2.092e-15)
(-13.9223 3.5632 1.29906e-15)
(-35.7971 11.4499 -9.6773e-16)
(68.2325 9.32405 -7.55481e-16)
(15.2713 4.16542 -6.0667e-15)
(-7.4572 -10.5446 -1.0008e-14)
(-28.9907 -7.88345 1.96767e-15)
(17.8326 -35.017 0)
(-75.5056 -7.46561 0)
(-12.6708 4.40247 4.48033e-15)
(0.49936 0.805101 -4.20672e-15)
(4.54384 3.751 2.9705e-17)
(31.1735 -5.53702 2.99461e-16)
(20.1008 6.13393 4.52346e-15)
(6.85541 -3.33826 0)
(4.51713 -2.26273 2.45975e-15)
(44.5075 31.3971 -2.42844e-15)
(2.16775 0.189149 -5.06794e-15)
(-12.2706 -0.0146554 2.85252e-16)
(13.0179 2.31544 -7.40777e-15)
(-2.86657 7.74157 -9.74869e-15)
(-11.2664 24.4796 0)
(18.7571 6.21379 1.56406e-17)
(65.071 -9.63745 0)
(-2.61106 1.96773 0)
(-28.4354 -16.8384 0)
(32.011 7.80757 -1.7837e-15)
(17.0052 -20.1303 -8.5159e-15)
(29.0964 -14.3239 -1.20166e-15)
(13.019 9.90538 -1.11568e-14)
(22.948 15.0696 1.08629e-15)
(7.22939 -9.21673 5.72402e-15)
(4.61309 -0.473758 0)
(-2.47522 7.63044 -3.92831e-16)
(-34.6564 -6.30886 0)
(-6.07624 15.108 -5.26862e-16)
(-3.04187 9.53916 1.08995e-14)
(-6.23601 12.718 -6.81732e-16)
(50.2667 8.96823 5.08112e-15)
(-29.8901 -3.15647 -2.8477e-15)
(8.41443 -8.06003 -9.97027e-15)
(-13.2571 9.86475 0)
(57.7511 11.1251 2.83103e-15)
(13.8001 -4.94661 -4.02197e-15)
(-21.7994 8.86199 -3.19665e-15)
(-5.2198 7.20793 6.10446e-16)
(-10.5846 4.60251 -8.45493e-15)
(32.7578 16.3889 -9.94351e-15)
(11.0199 -12.8888 1.91163e-15)
(-10.3237 7.83159 -5.9907e-15)
(-10.3022 -16.8308 0)
(-4.69569 -11.8335 -8.32118e-16)
(0.684587 11.5173 0)
(-14.4363 0.0114759 0)
(4.84449 -4.44715 -8.74789e-15)
(19.4016 11.767 8.40071e-16)
(17.9932 -10.4825 4.89124e-15)
(16.6096 -19.009 4.24717e-16)
(-16.7426 -49.206 0)
(-2.10648 22.6124 -2.65902e-15)
(-9.86217 -65.3201 3.92027e-15)
(-6.83361 42.5278 8.70903e-16)
(-6.67776 -36.2593 0)
(54.1403 18.694 -1.02144e-15)
(-46.9729 -18.7939 0)
(-42.8729 10.0255 9.28815e-15)
(-15.1528 5.50621 2.44398e-15)
(-18.3829 -13.4296 -5.47664e-15)
(-35.0641 -8.11313 5.61168e-16)
(5.63376 -2.18487 2.60251e-15)
(-33.6021 14.3089 -6.21732e-16)
(-3.8158 4.27553 -5.63812e-15)
(-13.6009 -13.0901 -7.03153e-16)
(-5.19074 1.81015 8.79277e-18)
(-17.2553 -21.9045 -1.89041e-16)
(16.2985 -23.6211 0)
(-48.7424 3.16366 -6.80999e-15)
(-13.1928 -4.61553 0)
(-27.4058 -7.43746 -2.39074e-15)
(-45.4195 4.46296 0)
(8.25157 -3.55271 0)
(-15.2864 -0.158207 3.97159e-15)
(-11.9482 6.43983 0)
(-26.9777 8.11 -1.71348e-15)
(-22.0143 3.4402 -6.83408e-16)
(-30.6252 1.95366 3.21956e-15)
(40.4719 2.55182 -7.12433e-15)
(-35.7812 -5.33018 1.90907e-16)
(-35.1803 10.7505 6.46485e-15)
(20.4739 19.8719 -5.82052e-15)
(40.4375 2.34542 4.74509e-15)
(-11.0387 6.21874 0)
(-42.224 -9.69787 4.16172e-16)
(-62.2403 5.49522 5.32462e-16)
(-8.96369 -10.1549 0)
(2.06675 -5.0034 -1.41696e-14)
(-16.2291 -14.1842 -1.65078e-15)
(-61.7406 9.34426 3.13621e-15)
(-42.0009 -26.8694 5.25177e-16)
(-9.98272 -16.6972 -2.63953e-15)
(-35.3421 19.1399 0)
(-48.651 -24.6413 5.87491e-16)
(-43.3472 24.0923 0)
(-21.2189 -14.7869 2.51e-15)
(-20.9083 -21.7753 0)
(22.8567 10.3407 5.30033e-15)
(40.4665 -9.96633 2.84217e-15)
(40.1345 9.15364 0)
(7.5666 -4.46935 -6.16872e-15)
(9.671 4.74725 0)
(-8.54301 37.1228 0)
(-83.0821 1.89281 0)
(0.899068 0.575703 0)
(0.703043 0.690891 0)
(-77.709 -4.81499 -1.33652e-15)
(15.5975 -15.6251 -8.05377e-15)
(-4.60056 -18.4316 0)
(-7.01741 7.46943 1.25035e-15)
(15.5734 19.2464 0)
(15.6283 -9.95222 2.44677e-15)
(-50.6016 30.6219 0)
(-16.8678 26.456 0)
(-9.04889 -4.73665 0)
(-25.9899 -30.9368 0)
(14.2733 -3.15776 0)
(-0.117964 -4.64106 -2.3208e-15)
(2.5254 -0.683706 -1.46514e-17)
(2.3068 1.66905 -4.12154e-15)
(17.7845 3.7927 -4.70891e-16)
(2.74205 14.0971 0)
(-25.3509 5.53834 3.90008e-15)
(21.327 30.5598 3.74591e-16)
(2.18784 2.70931 5.66526e-15)
(19.0646 5.90771 1.39754e-15)
(-11.7739 -4.80573 0)
(-9.93785 10.6559 -3.25142e-15)
(0.794786 1.11719 -3.64926e-15)
(-46.116 -19.2037 0)
(-24.2747 7.29064 5.81571e-15)
(-10.1884 -24.3699 4.02213e-15)
(18.5977 -7.81863 6.27266e-15)
(26.0902 3.22582 -2.43343e-15)
(15.0869 -4.95055 0)
(31.6195 3.8368 -2.5278e-15)
(4.72144 13.4219 0)
(30.3444 1.58435 1.1927e-14)
(6.81684 4.79055 4.46925e-15)
(5.13501 23.8785 3.75734e-16)
(-14.0325 29.4127 -5.53913e-16)
(-1.61432 0.374937 1.43748e-15)
(40.4523 -1.02153 -8.38821e-17)
(13.1975 6.90012 0)
(-25.3767 5.0384 -3.82514e-15)
(-7.80658 8.95028 2.05781e-15)
(18.5467 9.39192 -1.21116e-14)
(-24.6182 -12.0987 -2.63146e-15)
(-63.4144 -5.356 2.37659e-15)
(-22.2092 0.796237 2.26473e-15)
(-19.1731 0.982679 -2.53505e-15)
(-29.2749 -22.2641 4.73042e-15)
(-4.23979 9.31172 -1.02111e-14)
(4.70114 -20.6709 4.00034e-15)
(-51.0242 15.006 0)
(-29.9277 -7.96672 3.90719e-15)
(-12.8649 -15.4523 3.79406e-15)
(6.75498 -34.1235 -4.25867e-15)
(-31.9405 8.9054 -6.75305e-15)
(-38.358 -8.3189 -8.69716e-16)
(-3.66561 43.9011 7.60764e-16)
(-24.1648 1.30583 0)
(-6.42977 -18.0304 8.67319e-15)
(-24.8617 -7.09462 0)
(-9.00351 -28.0685 1.11849e-16)
(-46.2661 -13.4151 6.25189e-15)
(15.5935 -20.9736 3.23568e-16)
(21.2815 6.12135 8.8758e-15)
(-38.1951 -0.128584 0)
(-24.6921 -9.79806 -2.52267e-15)
(2.58227 33.6474 -4.0312e-15)
(-22.4963 4.05581 2.28962e-15)
(-10.0077 17.4141 2.10792e-15)
(11.4909 15.756 0)
(-9.80605 -51.0186 0)
(0.89251 -18.6584 0)
(-19.6458 -10.3885 0)
(-9.13202 -0.509394 -1.53451e-15)
(-1.48476 5.23182 7.94646e-15)
(-33.3116 13.0377 -1.66445e-15)
(-8.03318 -11.9258 4.83382e-15)
(-59.2141 2.42814 -1.07476e-15)
(-31.758 4.85355 2.63977e-15)
(-10.1059 -1.70631 -1.33394e-15)
(-8.75055 0.868478 4.69631e-15)
(-14.6037 -15.655 -1.17611e-14)
(26.4804 -6.41463 7.65312e-15)
(10.3384 -17.5399 -2.35597e-15)
(-3.68001 -21.2388 0)
(-11.6907 0.448772 -2.96703e-15)
(-40.3453 -15.8727 -5.23826e-17)
(3.53273 1.07294 -5.75109e-15)
(-16.6167 19.7849 -2.89402e-15)
(-15.39 -36.3415 2.40598e-15)
(-16.8945 -10.8159 0)
(-42.8184 -32.5215 0)
(-22.6661 5.25723 1.08559e-14)
(-29.6038 -2.39953 -5.20468e-15)
(5.84231 28.655 0)
(8.15243 13.6891 0)
(7.54813 7.13542 2.3891e-15)
(-14.7875 8.24514 1.51213e-15)
(-10.3445 7.68192 0)
(-19.9944 11.652 -2.89048e-15)
(-33.193 17.2981 0)
(-53.2235 22.7255 -2.38974e-15)
(38.6152 -20.6643 7.59798e-15)
(26.4803 -22.1521 -5.22407e-15)
(39.1658 -38.5193 9.76026e-16)
(27.1823 -1.48006 -5.84291e-17)
(31.6897 12.7902 -1.33964e-15)
(-36.5032 -6.81442 0)
(-4.67112 10.3256 0)
(-64.7919 -17.2223 2.18589e-16)
(-26.3069 9.92801 0)
(2.25178 -7.20446 8.17298e-17)
(-24.1441 -7.79204 -5.65454e-15)
(-49.7915 18.935 4.61902e-16)
(-53.9085 -8.2886 1.29574e-16)
(-68.2985 11.1594 -7.01624e-15)
(2.65443 8.65795 0)
(26.8991 32.2577 0)
(0.855272 -17.0229 1.06827e-14)
(-20.9282 -17.6011 0)
(-34.1518 -13.4652 -1.10519e-16)
(-6.08834 -1.48303 0)
(-0.920082 -26.0008 -5.0898e-15)
(25.2669 -18.4999 4.10004e-15)
(-34.6023 -23.6154 0)
(-46.0096 -10.9571 6.22812e-16)
(-0.333564 12.0836 0)
(-19.7293 -6.26294 -5.46715e-15)
(2.42035 23.6398 -7.39501e-16)
(-26.9386 35.1632 2.52847e-15)
(-7.13593 -16.335 0)
(-39.1897 16.3567 1.9502e-15)
(-38.2849 3.37524 -9.89046e-16)
(-14.9111 -29.6175 -1.28381e-15)
(20.6701 -1.32682 0)
(-37.0426 -7.9709 0)
(8.75766 15.6027 -3.70732e-15)
(-20.1663 -30.6274 4.78207e-15)
(2.11268 6.06573 0)
(-35.1489 12.8568 -7.65336e-16)
(-47.9754 -27.8905 5.27348e-18)
(0.64248 -4.58283 -6.11018e-15)
(7.44557 -5.29541 -2.85844e-15)
(4.50227 -20.8056 -6.29626e-16)
(49.3586 -4.50599 1.02802e-16)
(16.0984 -2.9203 -6.08904e-15)
(-12.7517 1.7247 3.22256e-15)
(-2.74543 -3.41051 0)
(-23.1468 9.25648 0)
(-7.41407 -17.712 -4.74908e-15)
(-6.76537 5.71143 0)
(-37.2352 13.7144 2.54152e-15)
(-24.2721 -21.3936 4.5262e-15)
(-26.7681 -13.6444 -5.24888e-15)
(10.3329 -43.9713 0)
(-17.6849 11.1416 2.10201e-15)
(-25.5556 3.06438 -4.49939e-15)
(25.6332 15.1939 0)
(-2.70366 -29.7633 6.99663e-15)
(21.9026 35.2808 -1.31035e-15)
(16.5203 -3.91542 1.16297e-15)
(22.1865 -15.9341 2.54642e-15)
(-18.3456 -7.45372 4.05117e-15)
(-17.6785 -1.5501 -6.39778e-15)
(-53.0311 -19.1878 1.94452e-16)
(44.9583 16.0299 0)
(-10.6746 6.96463 3.90039e-15)
(-29.6557 2.83269 1.29491e-16)
(-34.6828 3.65286 -1.09928e-15)
(3.06119 -16.562 -4.83892e-15)
(-46.3357 -7.12591 2.01529e-15)
(-15.5029 -10.611 1.10241e-14)
(13.2486 -7.21808 6.79024e-15)
(-52.8437 -7.88521 -1.84749e-15)
(-44.5248 -4.73425 7.1506e-16)
(28.6455 -32.0058 -2.34821e-17)
(10.5563 -7.50802 -1.21817e-17)
(-23.8392 4.73717 8.77041e-18)
(0.781493 -9.22316 -2.80814e-15)
(-5.21124 -28.4853 -5.07978e-16)
(-20.0042 -13.7922 -1.74889e-15)
(-31.1195 -5.86505 0)
(-2.26051 0.821662 5.29751e-15)
(10.6973 2.86359 -4.6417e-16)
(10.8947 1.84635 1.194e-14)
(5.22125 2.15798 1.36758e-15)
(-8.36771 -11.0645 -1.23504e-15)
(-3.9274 -0.993695 -4.00132e-15)
(-0.232339 -33.767 0)
(-28.4173 -19.2405 4.97238e-15)
(-22.6305 10.8146 -6.445e-15)
(15.6423 36.8427 4.78394e-16)
(16.9251 -44.2253 2.82471e-16)
(-3.86358 5.06589 0)
(-3.65684 -2.77846 6.04159e-15)
(-25.6259 0.890093 5.77493e-16)
(-6.58766 5.18015 0)
(-13.1419 -23.6457 0)
(18.4928 1.84105 0)
(20.6056 -4.90431 -2.42605e-15)
(-16.4277 13.1815 0)
(-30.4378 -7.12679 0)
(-23.9167 0.240893 -5.17361e-15)
(-24.2224 -4.33479 5.51743e-15)
(-31.4457 -25.2208 2.66401e-15)
(-12.3275 16.6724 -2.31525e-15)
(-34.0126 29.0243 1.76728e-15)
(12.9156 -0.211577 -6.04857e-15)
(34.594 4.70816 -8.84315e-16)
(-27.8677 -11.4798 -3.60979e-17)
(-17.3294 -4.83606 -1.24768e-15)
(-11.258 0.709308 0)
(-20.5419 -4.12759 -1.09804e-15)
(-78.3497 -28.1732 0)
(-1.6573 3.83991 -2.60514e-15)
(-2.66493 -1.82938 2.65914e-15)
(-85.5754 25.3567 3.31216e-16)
(-18.2139 3.57174 5.20961e-15)
(-84.1587 19.2781 4.66546e-16)
(-8.28005 1.72486 8.81207e-16)
(-54.7425 -6.3242 -7.37516e-16)
(-34.1782 -31.0145 0)
(13.1595 -45.6752 5.97065e-15)
(-48.3408 6.15406 -1.29774e-15)
(2.94416 10.8657 2.94661e-15)
(14.0816 7.59075 -4.62162e-15)
(5.22567 12.8175 -3.57532e-15)
(14.9064 1.98254 0)
(-9.91835 16.303 0)
(-38.6577 4.33501 -1.24599e-15)
(-40.4023 27.5923 -5.77794e-17)
(-33.6248 20.77 1.2669e-15)
(-22.0186 -11.4012 6.51271e-15)
(-38.1386 28.77 2.96103e-15)
(12.8581 -6.64898 1.81706e-15)
(-14.3728 -12.8046 -4.82025e-16)
(-44.7426 2.89407 1.35422e-16)
(-16.0842 -4.46117 0)
(-35.4539 1.35341 0)
(10.4341 7.98003 -2.83865e-15)
(11.7218 -5.30415 -2.92842e-16)
(-15.3997 35.8375 -4.23118e-15)
(-2.28185 -39.4588 4.36583e-15)
(-13.5679 19.8156 0)
(33.292 -25.7621 2.00109e-15)
(-16.9252 -11.1014 0)
(-39.8223 -2.47691 0)
(-7.01235 -6.03428 -5.28624e-15)
(24.4564 24.9929 -1.97921e-15)
(-35.2798 15.4137 -2.35748e-16)
(-6.29865 -12.0654 3.46277e-16)
(13.8531 16.0202 -4.53801e-15)
(-9.3838 -6.39875 0)
(35.987 32.8055 1.22103e-15)
(-31.1201 -13.0944 1.114e-14)
(-8.15963 -21.525 -3.52466e-16)
(20.571 12.1717 -6.85886e-16)
(8.97425 -53.8893 8.70761e-16)
(-1.34255 -20.6535 -6.04658e-15)
(-39.4633 -0.684038 1.92688e-15)
(-49.5041 19.3022 0)
(12.909 13.8581 2.39427e-15)
(-5.50521 -1.6309 0)
(-6.33364 2.94417 0)
(-42.521 5.78067 -8.46084e-16)
(-37.4263 -9.88827 0)
(-26.9763 -4.63492 0)
(-65.1816 -1.40918 -1.64095e-15)
(-38.2293 3.916 -1.42068e-16)
(-3.45416 1.38864 2.48369e-15)
(-10.7566 2.42309 -9.06131e-16)
(-18.822 -30.7015 0)
(-51.3401 -22.173 0)
(-33.9369 -8.83002 2.60979e-15)
(-17.7633 9.85285 -1.33819e-15)
(-0.894613 -6.98831 0)
(-25.1561 -30.779 7.07897e-16)
(-54.4275 2.9485 -2.13706e-15)
(-10.7883 17.8289 2.61718e-15)
(-17.4912 -3.97685 -1.3128e-14)
(-36.8574 -13.5353 0)
(-13.5234 -19.4461 0)
(-60.2589 8.15063 0)
(-18.2847 -2.3315 -4.55427e-15)
(-6.91877 2.65192 4.91276e-15)
(-4.31114 0.59269 -4.23101e-15)
(4.20543 -15.9305 1.86375e-16)
(-8.08113 18.8701 -1.95883e-16)
(-24.6584 14.5048 -4.28188e-15)
(9.34389 12.9427 -2.60096e-15)
(19.6466 11.5066 -4.53767e-15)
(0.254544 43.6941 -4.3032e-15)
(-48.8322 -0.872789 -1.01539e-15)
(-18.03 -1.05438 0)
(-52.9015 -9.0154 -9.79924e-16)
(-33.8261 11.5555 2.37972e-15)
(-45.6086 33.0465 -2.04692e-15)
(-37.7796 -30.9035 0)
(-47.0932 6.80676 9.86989e-16)
(-29.4942 -4.39385 4.5906e-15)
(-39.3037 -32.384 -9.5257e-16)
(-22.2572 21.253 1.23913e-16)
(-0.230673 12.9339 5.48937e-15)
(-2.28294 -6.10926 6.68266e-16)
(0.0948753 -16.4631 1.88924e-15)
(-41.0753 -7.18022 -6.87801e-16)
(-21.6666 0.537881 -2.0549e-16)
(-67.0177 -10.4922 0)
(-20.2001 3.11012 1.98792e-15)
(37.1172 16.1907 1.16044e-14)
(14.5027 -2.33108 0)
(1.32243 -34.6647 1.57057e-15)
(-17.135 -1.65088 0)
(12.3773 -26.4301 -2.11698e-15)
(-16.1769 22.8163 1.00807e-15)
(4.14672 61.9592 0)
(-94.174 -16.643 0)
(-8.75954 -1.28378 0)
(-27.5825 -4.55857 0)
(-40.0616 21.2864 0)
(-22.8002 -6.34964 -8.68617e-16)
(-61.9164 0.931804 0)
(-80.9148 -20.0455 0)
(-40.503 -13.4917 2.71776e-15)
(-68.9153 -36.4883 0)
(-31.6723 -15.6778 -2.79745e-15)
(-15.4872 -13.9616 2.26501e-15)
(-25.4794 7.86939 0)
(-55.9736 -39.2783 0)
(-22.9904 -19.5132 2.03339e-15)
(-43.5058 -3.5472 0)
(3.42802 -24.7044 0)
(-2.42942 14.3355 -1.11533e-14)
(-61.4824 -15.0633 -3.28344e-15)
(2.49578 -14.7142 1.06811e-14)
(11.5508 23.7745 2.50878e-15)
(-22.8998 -4.15916 0)
(-23.649 -2.31439 -6.48282e-15)
(-4.89862 13.5262 -3.90831e-15)
(-24.8031 22.2437 4.05229e-15)
(-58.9411 -22.9266 -1.44204e-15)
(-14.8419 -32.517 8.94312e-15)
(-44.7209 17.8456 0)
(-62.0461 14.0744 -2.76473e-15)
(-48.5947 30.5986 4.43399e-16)
(-20.4286 14.011 5.84114e-15)
(-5.23507 -18.2325 -1.89985e-15)
(-42.572 1.38556 5.11901e-16)
(-56.9307 -0.540887 0)
(-21.2026 -22.953 2.72446e-15)
(-42.699 -19.4042 0)
(-13.8246 0.80091 0)
(-56.5477 18.2515 1.18135e-15)
(-9.70656 -11.4365 7.55003e-15)
(-36.8228 -4.18017 -9.8395e-15)
(-0.352199 14.6453 -1.00539e-15)
(11.7741 -3.56376 5.0179e-15)
(-31.5499 20.6088 0)
(35.2769 -37.5775 0)
(-35.9518 19.8601 8.83155e-16)
(3.17606 26.8897 -4.55367e-15)
(36.6208 25.5312 1.74672e-15)
(-22.6735 9.00656 -5.11732e-15)
(-5.09718 -7.03026 2.94227e-15)
(-35.7673 -33.3606 -5.53289e-16)
(-4.01099 8.41247 -1.41332e-15)
(-40.724 33.1095 0)
(-29.946 19.0153 -1.63297e-15)
(-44.8488 21.2212 0)
(-62.8877 17.2402 3.18625e-15)
(-54.6697 -36.3673 8.49329e-16)
(-6.85688 29.0154 1.49281e-16)
(-2.45965 5.00165 -1.10143e-17)
(-6.05197 -29.7719 2.4456e-16)
(-2.77441 -3.354 3.0384e-15)
(76.3119 -37.297 0)
(-29.5284 -20.3804 0)
(-10.3531 -21.9293 -2.47607e-15)
(-1.73379 -14.2919 0)
(4.26107 0.473442 6.17512e-15)
(-3.64029 14.4192 -5.21473e-16)
(5.66175 -0.108697 1.48582e-15)
(-35.0553 -7.73354 -1.68258e-15)
(-17.815 14.6453 0)
(-38.38 18.9507 1.68241e-15)
(-42.3124 0.443575 -1.92237e-15)
(-6.15639 -25.3781 4.15546e-15)
(-25.8107 -0.0522068 -4.95403e-15)
(-2.888 20.178 -6.60664e-16)
(-9.45301 27.7151 -2.84128e-15)
(-6.93517 -12.0594 -1.82178e-15)
(-4.19606 4.36624 0)
(-0.666378 -0.589552 -2.69825e-15)
(-91.7926 -9.20545 2.39185e-16)
(-83.8333 6.29511 0)
(-1.55388 1.7701 -1.10844e-14)
(1.23531 -3.58186 0)
(0.982822 13.1018 3.6727e-16)
(-17.3624 -17.9621 5.29544e-15)
(-15.2896 -4.2052 0)
(-30.5669 -29.9894 0)
(-9.49129 -9.3691 0)
(-53.9513 30.4419 1.91844e-16)
(-18.4712 11.3046 2.71534e-15)
(-36.6727 0.592478 -2.52816e-15)
(-35.5963 -13.8471 -2.93635e-16)
(-32.4044 -16.6187 -4.42686e-15)
(9.78653 -15.8727 -1.48666e-16)
(6.37238 36.0512 6.95192e-15)
(-57.46 -12.0778 3.71947e-15)
(-21.8618 35.272 0)
(-23.4554 -11.8778 -6.86466e-15)
(-27.9242 -5.25921 -7.37462e-17)
(-8.51295 -13.9265 6.91714e-15)
(-17.1398 -2.98258 0)
(-29.5456 24.5409 0)
(-54.7068 -38.8194 0)
(-7.32422 -3.17922 -4.71265e-15)
(6.61832 0.854337 4.38055e-15)
(-60.1139 39.9896 0)
(-39.4664 -29.3365 -5.05105e-15)
(-42.4856 29.2412 -1.72197e-17)
(-29.2303 15.1147 4.27072e-18)
(-14.2659 11.3922 0)
(-47.055 20.7683 7.84334e-17)
(8.21682 13.3598 -1.04103e-14)
(4.12321 -5.47819 -4.26914e-15)
(-13.4765 7.06052 2.06656e-15)
(-59.7681 0.340414 3.07076e-15)
(-68.9694 -8.56533 -3.28855e-15)
(-13.3633 8.35722 4.89254e-15)
(-20.1666 14.6857 0)
(-50.7919 -22.3043 0)
(-51.7213 0.169058 0)
(-53.1374 -2.71571 -6.11406e-15)
)
;

boundaryField
{
    frontandback
    {
        type            empty;
    }
    simetry
    {
        type            symmetry;
    }
    inlet
    {
        type            fixedValue;
        value           uniform (1 0 0);
    }
    outlet
    {
        type            zeroGradient;
    }
}


// ************************************************************************* //
