/*--------------------------------*- C++ -*----------------------------------*\
  =========                 |
  \\      /  F ield         | OpenFOAM: The Open Source CFD Toolbox
   \\    /   O peration     | Website:  https://openfoam.org
    \\  /    A nd           | Version:  7
     \\/     M anipulation  |
\*---------------------------------------------------------------------------*/
FoamFile
{
    version     2.0;
    format      ascii;
    class       surfaceScalarField;
    location    "0.2";
    object      phi;
}
// * * * * * * * * * * * * * * * * * * * * * * * * * * * * * * * * * * * * * //

dimensions      [0 3 -1 0 0 0 0];

internalField   nonuniform List<scalar> 
3982
(
-0.000137371
0.000600118
-0.000462747
0.000540271
-8.22127e-05
-0.000458058
-0.000889013
-0.000171566
0.00106058
0.000609885
-0.000270142
-0.000339743
0.000147164
0.000615766
-0.00076293
-0.00110714
0.000526991
0.000580147
0.000353025
-0.000479578
0.000126552
0.00116123
-0.000164098
-0.000997128
-0.000239229
-0.00072787
0.000967099
-0.000453471
0.000600637
4.21806e-06
-0.00111136
0.000219593
0.000941631
0.000229814
0.00012321
-0.00131626
0.00107134
0.000244921
0.000469685
4.11457e-05
-0.00051083
0.000959604
0.00051764
-0.00147725
-0.00186271
0.00136725
0.000495461
5.86176e-05
0.000704504
-0.000763122
-0.00148015
0.000786257
0.000693891
-0.000797498
0.000750666
4.68319e-05
-0.000415086
0.000131599
0.000283487
-6.93747e-05
0.000310932
-0.000241557
0.000564893
-0.000783001
0.000218108
0.000925836
-0.000360946
0.000283201
0.000257066
-0.000540659
0.000403289
-0.000417291
6.28878e-05
0.000354403
0.000532404
-0.000557966
2.55617e-05
0.00073807
-0.000735157
-2.91262e-06
0.00144313
9.28124e-05
-0.00153594
9.7175e-06
0.000805613
-0.000815331
0.000427145
-0.00131616
0.000513305
9.65776e-05
-0.000629479
0.000355721
0.000273758
-0.000501669
0.000599987
-9.83183e-05
-0.000417294
0.000532402
-0.000558873
5.18727e-05
0.000507
0.000462949
0.000530049
-0.000992998
0.00130361
-0.000630987
-0.000672625
-0.000458534
-0.000491891
0.000950425
-0.000174636
-0.000538917
0.000713553
0.000943458
0.000360153
0.00106284
-0.000538431
-0.000524405
0.00222269
-0.00123451
-0.00098818
0.000462954
-0.000558877
-0.00110685
-0.000159881
0.00126673
-6.14261e-05
-0.000198792
0.000260218
-0.000490722
0.00091301
-0.000422288
0.000119034
0.000207796
-0.00032683
0.000349334
-0.000230303
-0.000317889
-0.000580799
0.000898688
-0.000844363
0.000214824
0.000629539
-0.000813774
0.00122226
-0.000408489
0.000971183
-0.000318749
-0.000652433
-0.000733479
0.00100503
-0.000271552
-0.000964069
0.000126295
0.000837774
-9.26688e-05
-0.000751692
-0.000251602
-0.000562171
0.000211767
-0.000241003
2.92358e-05
-0.00103349
0.00124526
-0.000208484
-0.000524997
-0.000571453
-0.000392619
9.69898e-05
0.000203941
-0.000300931
-0.00104363
-5.85612e-05
0.00110219
0.000640606
-0.00168423
0.000291701
0.000154794
-0.000446495
0.00100909
-0.000145934
-0.000863159
-0.00125702
-0.000594859
0.00185188
-0.000207296
-0.000418807
0.000244169
-0.000634968
-0.00220173
0.00283669
-0.000328711
0.0012916
-0.000962886
-0.00102638
-0.000979364
0.00200574
-0.000189616
0.000722901
-0.000533285
-0.000100192
-0.00121607
-0.00048291
0.00051027
-2.73597e-05
2.07329e-05
0.000448951
0.000400566
0.000559039
0.000662363
-0.000255941
-0.000406421
0.000708281
-4.59184e-05
0.000239811
-0.000309183
-0.00120794
0.000139614
0.00106833
0.000772729
-0.00122652
0.000453792
0.000139134
-0.000378364
-0.00147195
0.00161465
-0.000142696
-0.000643518
0.00107891
-0.000435389
2.67573e-06
-0.00148535
0.00148268
-0.000182481
0.000279469
0.00116084
-0.0021919
0.00103106
-9.12659e-05
0.000849575
-0.000758309
-0.000262735
0.000873824
-0.00061109
-0.000665159
0.001826
0.00248953
-0.00261014
0.000120613
0.000679014
-0.000941746
-0.000361726
0.000270459
0.000996309
-0.000199342
-0.000796967
-3.96991e-05
-0.00058149
0.000621189
-0.000188442
0.000528679
-0.000340238
0.000779233
-0.000108518
-0.000670715
-0.00113625
-0.000120771
0.000486261
0.000719357
-0.00120562
0.000936486
-0.000450226
0.000843373
-0.000105303
0.000455524
-0.000423942
-3.15822e-05
-0.00070962
0.0010147
-0.000305084
-0.000866403
-0.00226733
4.22003e-05
0.00222513
3.31211e-05
-0.00230045
0.000982227
-0.000524642
-0.000457585
-0.000455995
0.000874816
-0.000418821
0.000655487
-0.000433327
-0.00022216
1.92326e-05
0.000636251
-0.000258474
0.000727001
-0.000468527
-0.000368624
-0.000114287
0.000325665
-0.000305861
-1.98039e-05
0.000260029
0.000512702
2.50412e-05
-0.00138863
0.00136359
-0.00170316
0.00138527
0.000269605
5.16876e-05
-0.000321293
-0.00103642
0.00106147
6.47204e-05
0.000455665
-0.000520386
-0.000252731
0.000317449
-0.000445783
-0.00035172
-0.000568278
-0.000911872
-0.0012601
0.00015325
-0.000636857
0.000575429
-0.000473381
-1.73406e-05
0.00141899
-0.00259339
0.0011744
0.000714612
-0.000430773
-0.00028384
0.000890881
-0.000522136
-0.000368745
0.00138666
-0.0025485
0.00116184
0.000289803
0.000304987
-0.00059479
-6.31597e-05
0.000578787
-0.000515627
-3.13235e-05
0.000376248
-0.000344925
-0.00028376
0.000633003
-0.000349243
0.000715426
0.00019189
-0.000907316
0.000713895
0.000484223
-0.00119812
-0.000621607
-4.12863e-05
0.000662893
-0.00247388
0.00128016
0.00119372
-0.00075152
-1.36618e-05
0.000765182
0.00156608
-0.000996242
-0.000569843
0.00033957
-0.000322363
0.00112638
-0.000804013
-0.000207097
3.5644e-05
0.000171453
-0.000994201
-0.000272971
0.00126717
-0.00059044
-0.000113964
0.000704404
-0.000137718
-0.00085648
-5.73055e-05
-0.00014979
-0.000649887
-1.25123e-05
0.000662399
0.000856153
-0.000498922
-0.000357231
0.00178989
0.000633631
-0.00242352
0.000836713
0.000953181
-0.000737895
0.000645223
-0.00064596
0.000394358
-0.00115998
0.000516465
-0.00059098
0.000382497
-0.000649765
7.83186e-05
-0.000425045
0.000911011
-0.000485966
3.24459e-06
0.000482758
-0.000486003
0.000633803
-0.000430024
-0.000203779
-0.000203923
-0.000126695
0.000330618
-0.000386525
0.000182597
-0.000677802
0.00179434
-0.00111653
-0.000971629
0.000740443
0.000231186
-0.000529698
0.00150453
-0.000974834
0.000129019
-0.000261247
0.000132228
-0.000194871
0.00073001
-0.000535139
-6.26494e-05
6.79065e-05
-5.2571e-06
-0.000962549
0.00028475
-0.000660695
-0.000310933
-9.14488e-06
0.000204947
-0.000195802
-0.000118966
0.000109818
0.000734672
-0.000500244
-0.000234428
0.000640393
-0.00100283
0.000362442
0.000565482
0.000169191
0.000761879
-0.000121492
0.00164966
0.000573023
0.00086263
0.000200204
-0.000605834
0.000875439
0.00105766
-0.00130608
0.000248416
0.000208065
-0.000469418
0.000261353
0.000199653
-0.00101239
0.000812738
0.00121724
5.85958e-05
-0.00127583
-0.000325779
0.000967823
-0.000642044
-0.000821506
0.000758856
0.000851373
-0.000680913
-0.000170461
-0.000135501
0.000184207
-4.87061e-05
0.000696294
-0.000696294
0.00224687
-0.0019012
-0.000345674
-0.000371396
0.000500415
-0.00154469
0.00154469
-0.000988443
0.00159716
-0.000608721
-0.000600498
-0.000559485
0.000242179
-0.000422767
0.000180588
-0.0018736
0.000801272
0.00107232
-0.000382936
1.15408e-05
-0.000115293
-0.000475149
-0.00231391
0.00044032
0.001848
-0.000630768
0.00116266
-0.000963008
-0.000257821
-0.000243849
-0.00171857
0.00108908
0.000630188
-0.00075542
0.000125232
-1.52977e-05
0.000645489
-0.000290717
-0.000832431
0.00112315
0.000132159
-0.00160411
0.000241557
0.00120157
-0.000839189
0.000380656
-1.62647e-05
-0.00255776
2.10249e-05
-3.72897e-05
-0.00275165
0.000193897
0.00293412
-0.000687244
-0.000768059
-0.000220389
0.000609643
8.66526e-05
-0.000221317
0.000935211
2.73827e-05
-0.000648991
-0.000142211
-0.000609308
-0.00128498
-0.0011889
-0.000335042
0.000229908
0.000105133
-0.000345073
1.00338e-05
-0.00115996
-0.000384725
-0.00105166
0.00125973
-0.00114185
0.000425599
0.000716253
-0.00104232
0.00254753
-0.00150521
-0.00130366
0.00026135
-0.000954301
0.00173405
-0.000779746
-0.00138134
7.71742e-05
0.00130416
-0.00011274
0.000128549
-1.58091e-05
-0.00102889
0.000576145
0.000452748
-4.41564e-05
0.00105325
-0.000344095
-0.000797757
-0.000358573
0.000573394
0.000269092
0.000953175
0.000259899
0.00074513
4.83901e-05
7.79076e-05
0.000108171
0.000347356
0.00025742
-0.000967039
-0.00100776
0.00123767
0.00118328
-0.000201045
0.000386913
-0.00084291
-0.000104244
0.000247401
-0.0012017
-0.00120159
0.000193831
0.00270013
-0.000166089
-0.00253404
0.00161824
0.000763966
-0.0023822
-0.00104429
0.000466314
0.000577975
-0.0007878
0.000264723
0.000523077
0.000415374
-0.000699134
-0.000449464
-0.000278408
0.000233216
0.000182159
0.000232186
-0.000657229
7.83207e-05
0.000879404
-0.00132331
0.000443908
-4.73082e-05
0.000489141
-0.000441833
-0.000460379
0.000726926
-0.000266548
-0.000607753
-0.00109541
-0.0010318
0.00103448
-0.00019548
0.000487177
-0.00175525
0.00184806
-0.000640511
-9.46487e-05
-0.00164241
0.000852684
0.000789728
-0.000698614
0.000853407
0.000609835
-0.000801102
0.000191267
0.000300134
-0.000279354
-2.07799e-05
3.377e-05
0.000610089
-0.000643859
0.000672282
-0.00116417
0.00112104
-0.000499642
-0.0006214
0.000646103
-0.000796031
0.000149928
-0.000168088
0.00045402
-0.000285932
0.000392254
-6.95001e-05
0.000461754
0.000473107
-0.000661552
0.000193137
-0.000388008
-0.000352125
0.000707841
0.000592773
7.2127e-06
-0.00119267
0.000728178
0.000464488
-0.00107319
0.000769851
0.000303335
-0.00255736
0.00262678
-6.94171e-05
0.00015502
0.000613498
-0.000768518
-0.000388789
3.44392e-06
0.000385345
0.000453168
0.000179833
4.94099e-05
-0.000217496
0.000409386
0.000373295
-0.000782681
0.000310192
-4.10219e-05
-0.00026917
-0.000228184
0.000907198
-0.0006662
0.000699969
-0.000528794
0.000938179
-0.000568056
0.000878245
-0.000418675
0.000651889
-0.000145346
0.00047101
0.000840841
-0.000903999
-0.00183024
-0.00022
0.00205024
0.000186843
-0.000445317
0.000118199
0.000171604
-0.0027549
0.00208974
-0.000500879
-0.000149006
0.00088321
-2.70597e-05
0.00093098
-0.000945775
1.47951e-05
-0.000818381
0.000456648
-0.00110839
0.00117629
0.00106685
-0.000135864
-0.00194352
0.00190851
3.50052e-05
0.000482338
-0.000182208
2.31411e-05
0.000586693
0.000202383
0.000443721
0.000822768
0.000298275
-0.000574873
-0.000893753
0.00165592
-0.00227869
0.000622777
0.000286051
-0.00304095
0.000164806
0.000614424
-0.000601892
0.000912658
-0.000310766
0.00057464
-0.00165989
0.00108525
-0.000705186
-0.00010106
0.000806245
-0.000469285
-0.000349096
0.00015587
-0.000126031
-2.98396e-05
0.000668485
-0.00140068
0.0007322
0.00105331
0.000203914
-0.00177557
0.0021457
-0.000370122
-0.000646859
-0.00125264
-0.000135993
-1.01975e-05
-0.000507928
0.000518125
0.000444015
-0.000343301
-0.000100714
-3.93554e-05
-0.000567656
0.000607011
-0.000652652
0.000613295
0.000162981
0.000292677
0.000432709
-0.000502209
0.000539019
-0.000106308
-0.000768819
0.00040472
0.000364099
0.000814977
0.00122689
-0.00204186
0.000391693
0.000358971
-0.000474185
0.00126044
0.000807688
-0.000415996
-0.00151239
0.0010382
-0.000743709
0.000454938
0.000288771
-0.00117743
0.000433716
-6.77101e-05
0.000388303
-0.000320593
0.000442789
-0.000416789
-2.60005e-05
8.30876e-05
-0.000408866
0.000701697
-9.49903e-05
-0.000606707
0.000662873
-0.00104479
0.000381919
0.00010749
-0.000255686
0.000148196
-0.00180873
5.34879e-05
-0.000819529
0.000585586
0.000233943
0.000745911
0.000168024
-0.000913935
-9.85155e-05
-0.000290271
-0.000573177
-0.00024635
0.000449954
-0.000772316
0.000730205
-0.000409107
-0.000321097
0.000763636
-9.13563e-05
-0.00127732
0.00146095
-0.000183626
0.00127572
-0.00197433
0.00113428
-0.000328512
-0.000805764
0.000903269
-0.000152151
-0.000751119
-0.00113219
0.000865021
0.000267167
-0.00194356
0.000996858
0.000946707
-0.000831744
-0.000434073
0.00126582
-0.000960106
-0.000510718
0.00147082
0.000225514
-0.00121345
0.00098794
0.000321564
0.000671386
-0.000992949
0.000645031
0.000740516
-0.00138555
-0.000587605
0.000719199
0.000741214
0.000110159
-3.98133e-05
0.000943084
0.00011237
0.0010219
-0.00173702
0.000604836
1.34314e-05
-0.00195699
0.000299507
-0.000330831
0.00142294
-0.000543536
0.000846346
-0.00078773
-0.00175557
0.000243177
0.00110526
-0.000297572
0.000564069
-0.000866442
0.000302373
0.000371864
-0.000906186
0.000534321
-0.000147235
-0.000618636
0.000765871
0.000273844
0.000257276
-0.00053112
-0.00157218
0.00088311
-0.000130048
0.00045135
-0.000141588
7.21735e-05
-0.000836312
0.000764139
-0.000186949
-0.000234612
0.000421561
-0.000312774
-0.00144279
1.72276e-05
0.00108803
0.00132372
-0.000114477
-0.00120924
0.000107617
0.000134565
0.000749371
-0.00136234
0.00061297
0.000919904
-0.000215776
-0.000704128
0.000904342
-0.00143404
0.000111156
-0.000257087
-0.000534282
0.000944454
-0.000410171
-0.000679316
-0.000754982
0.000179582
0.0005754
0.000490364
-0.000288227
-0.000202137
-0.000510118
0.00108656
-0.000576443
0.000227971
-4.22834e-05
-0.000185688
0.000460347
0.000266652
-0.000270758
0.000449076
0.000770044
0.000214312
-0.000363229
-0.000844711
0.000747344
-0.000375484
0.00132702
-0.000762954
0.000350739
-0.000497974
0.000296428
-2.25859e-05
-8.69616e-05
-0.000218902
-0.000680156
0.000493208
0.000749375
0.000919904
0.000302522
0.000449928
0.000483929
5.42458e-05
0.000256693
-0.000139189
0.00119685
0.00102688
-0.000600631
-0.000426244
-0.000107008
0.00011045
-0.00209504
0.0022032
0.000883224
-0.000625805
0.000900049
-0.000513134
-4.07311e-05
0.00122401
-8.13476e-05
0.000356961
-0.000275613
5.52599e-05
-0.00183084
-0.00136906
0.00102699
0.000342068
-0.000539518
-0.00128639
4.5138e-05
0.000134605
-0.000179743
-8.36951e-06
-0.000516993
0.000525363
0.00023289
0.000109132
-0.000342023
0.00157277
-0.00126778
0.000529186
4.96035e-05
-0.000463256
3.24847e-05
0.000415558
-0.00300895
-0.000581501
5.93672e-05
0.000772252
-0.00332075
0.000302448
0.000232531
-0.000341047
0.000682254
0.00111709
-0.000412839
-0.000704246
-0.00117906
0.000972816
0.000206242
0.000407376
-0.00111795
0.000710578
0.000299185
-0.00045811
0.000158925
-0.000738307
0.000482108
-0.000589114
0.00124732
-0.000765213
-9.94906e-05
-0.000154908
0.000254399
0.00168817
-0.00185973
-0.00071616
0.000446017
0.000716011
-0.000115894
-0.000655191
0.000572976
-0.000141284
-0.000392997
0.000295911
-0.000277495
0.000524896
0.000615937
0.000331906
0.000794469
-0.000718274
0.000112444
-0.000124526
-7.11787e-05
0.000195705
-0.00123412
-9.39436e-05
0.00132806
0.00117003
-0.000793784
0.000455196
-0.0010069
0.000882374
0.000724545
-0.000114455
-0.000252142
0.000584049
-7.62425e-05
7.94866e-05
0.00119208
-0.00055828
0.00139582
-0.000991108
-0.000594739
5.48103e-05
-0.00120568
0.00120459
3.4208e-05
-4.44061e-05
0.000327844
-0.000375154
-0.000218341
0.00020583
-0.000398771
-0.000100151
-0.000647445
0.000866254
-0.00100175
0.000758737
-0.00037044
-0.000878259
0.00046147
3.46934e-05
0.000149516
0.000410153
0.000395466
-0.00026849
-0.000634736
-0.00100767
0.0010693
-0.000918353
-0.000150948
0.000164059
0.000905244
0.000149677
0.000127253
-0.000593588
0.000466335
-0.000667023
0.000794275
-0.00152437
0.000345316
-0.00032351
0.00144059
-0.00027348
-0.000266038
-0.00219819
0.000911792
-0.000765287
8.43752e-05
0.000443297
0.000283629
-0.00198189
0.00102178
0.000598423
-0.000372911
0.000830653
-0.000531474
-0.000466518
0.000873897
6.09629e-05
0.000584067
0.000655341
-0.000333775
-0.000598694
0.000199925
0.000215493
-0.000433835
0.000460898
-0.000292875
0.00121939
0.000258014
-0.0014774
0.00100906
-0.000916007
-9.30545e-05
0.000966583
-0.000295241
-0.000671342
0.000306305
-0.000303848
-2.45714e-06
0.00024882
-0.000404929
0.000569734
5.32132e-05
0.00120765
0.000661781
0.000299061
-0.000518221
0.000478233
3.99878e-05
-0.00048015
-3.80703e-05
-0.000993757
-0.000613303
0.000143887
-0.000980551
0.00047262
0.000963948
0.000311771
-0.00120115
0.000543652
0.000483222
-0.000274568
-0.000916555
0.00180965
-0.000966272
-0.000504266
0.000682859
0.000414014
-0.00109687
0.000739556
0.000224393
0.000227204
0.00162566
-0.00185287
0.000159911
-4.04098e-06
0.000510944
-0.000777499
-4.20844e-06
-0.0010912
0.000571221
0.000676098
0.000409977
-0.000468536
0.00174432
-1.02743e-05
0.000521169
-0.000334327
0.000415467
-0.000297268
0.000721415
-0.000866763
0.00152325
-0.000682413
0.00123369
0.000510631
0.000449517
0.000121707
-0.00112695
0.000532206
-0.000861546
-0.000344136
0.000251306
0.00107242
0.000614162
-0.000204181
0.000901286
-0.000171085
0.00122593
-0.000592304
-0.00273075
0.000416441
0.00231431
-0.000429156
-0.000464598
0.000179021
2.52939e-05
-0.000204314
0.000947676
0.000278259
-0.000163268
3.32209e-05
0.000288388
-0.0011361
-0.00159466
-0.000379901
-4.92533e-05
-0.00164573
0.00164573
0.00153754
-0.00153754
-0.00386452
0.00386452
0.00091297
-0.00091297
0.000373784
-0.00010674
-0.000267044
-0.000144557
0.000362666
0.00027337
-0.000664348
0.000390977
0.00156875
-0.00223495
0.000207001
0.00106766
0.0010608
-0.000592404
-0.000468401
0.0021265
-0.0010598
-0.0010667
0.000454232
0.00111452
0.000650331
4.96384e-05
0.000513185
0.0006081
-0.000212478
-0.000395621
-0.00122788
0.00189637
0.000203551
-0.000321198
0.000117646
-0.00153971
0.000368154
0.00117156
0.000522974
0.000388039
0.000384279
-0.000176997
-0.000207282
-0.000793206
0.0014013
-0.000139162
0.00082202
0.000646639
-0.000443091
0.000362286
-0.000857682
0.000512608
0.000105335
-0.0006856
0.000580267
-0.000663332
0.000735507
-0.000406747
0.000365867
-0.000413536
-0.000421323
-3.00104e-05
-0.000819379
-0.000253807
-0.000709363
-0.00073232
0.000887338
-0.000268077
0.000447097
0.00104987
-0.00087384
-0.000176032
0.000713124
-0.000178993
-0.000534131
-0.00100023
0.000237809
0.000762426
-0.000125647
-0.000413273
9.70809e-06
-0.000135354
-0.00108938
0.000643592
-1.86746e-05
-0.000262119
0.000950755
-0.000489005
0.000631353
0.000418521
-0.00144381
0.000985817
0.000457991
0.00101858
-0.00117733
0.000158759
0.00129371
-0.000662359
0.000967082
-0.000262679
0.000777005
-0.000392724
-0.000348989
0.000244745
-0.000917557
0.000151929
0.000765627
0.000251441
-0.000255649
-0.000274987
0.000501908
-0.000226921
0.000266406
-0.000834684
0.0013478
-0.00180322
0.000455419
-0.000302044
0.0015408
-0.00211567
0.00153846
2.3412e-06
0.00218451
0.000159245
-0.00108404
-0.000616662
0.00095651
-0.000339849
-0.000415197
0.000140214
0.000749081
-2.09006e-05
0.000450137
0.000163361
0.00059833
0.000171522
0.00104019
0.00158659
-0.000674583
0.000550608
0.000123974
0.000202857
-0.00180471
0.00160185
-0.000863502
-0.000517836
0.000284285
-0.000397025
-0.00232549
0.000381973
-0.00049553
0.000540669
0.000823056
-0.000296064
0.000474789
0.000140972
-0.00059366
0.000114081
-0.000493667
0.000329567
0.000168305
-0.000182522
1.42163e-05
0.00193162
-0.000484462
-0.000579802
0.00154882
0.000420251
-0.000580128
-0.000704306
0.000505511
-0.000718722
0.000933786
-0.000513541
-0.000715281
1.09784e-05
-0.00122848
-0.000172208
0.0022123
-0.00129929
-0.000820218
-0.000408256
0.00306973
-0.000857426
0.000669508
4.36163e-05
-0.00112022
0.00011998
-0.000582607
0.000998165
-0.000418551
0.0011908
-0.000443995
-0.000137506
-0.000179512
-0.000283744
-0.000228364
0.00159161
-0.000872016
-0.000719596
-0.000940077
0.000174541
0.000765536
0.000273938
-0.00113162
0.0016093
-0.00113025
-0.000479057
-0.00289825
0.00200902
0.000889226
-0.000397333
-0.000906332
0.00283669
-0.000962882
0.00200575
-0.000533288
0.00129277
-0.00252757
0.0012348
0.000338146
-0.000232809
-0.00011514
0.000246943
-0.000131803
-0.00028578
-0.000388801
-0.000621433
0.000288998
7.51052e-05
-0.000175069
-0.000423327
0.000598396
0.00106764
4.43605e-05
-0.001112
-0.000170851
0.000708512
-0.00102911
-6.88752e-05
4.2874e-05
-0.000399905
0.00025934
-0.00149346
0.0007942
0.000861714
0.000498317
-0.000613459
-0.000175854
-0.000868943
-0.000933237
0.000677548
0.000926652
0.000401923
-0.00132857
-0.000560585
-0.000344545
0.00090513
-8.74858e-05
0.000353459
-0.000265973
0.000664531
-0.000579258
-0.000700824
-0.00115448
0.000501827
0.00139305
-0.000233227
-0.000196799
0.00159005
-0.00110729
0.000293803
-0.000881409
-0.00048933
-2.63488e-05
0.000515679
-6.94617e-05
0.00148308
-0.00141361
0.000829885
6.69496e-05
-0.000896835
0.00115827
-4.71195e-05
-0.00111115
-0.00074938
-0.000311972
0.00106135
-0.00165989
-0.000919902
-0.000784731
0.00170463
0.000912655
0.000240503
-0.000334446
-0.000898184
0.000408854
3.33276e-05
-0.000102795
-0.00183009
0.00233297
-0.000502881
-0.00155731
-0.000272788
-0.00153095
0.000434843
0.00109611
0.000275657
-0.000118204
-0.000157452
-0.000444158
-0.000463519
0.000907677
-0.000237428
-0.000226177
0.000463605
0.000520883
-2.36787e-05
0.000622075
-0.000184647
-0.000408944
0.000588525
-0.000198142
0.00122853
-0.00107343
-0.000155095
0.000851744
-0.000308462
-0.000543282
0.000278061
-0.000180994
-9.70665e-05
0.000366476
-0.000987908
0.000480286
-0.00104834
0.000154616
-0.000683411
-0.00044695
0.000866427
-0.000196861
-0.000579266
0.000776127
-0.000535313
-0.000400718
-0.000148844
0.000381026
-0.00103862
0.000121056
-0.000292719
0.000197731
0.000240773
-0.000552931
0.000465447
-0.00122465
-0.000334496
0.000365741
7.42765e-05
0.00096507
0.000102573
-0.000343713
0.00150198
0.000226967
-0.000390237
-8.94144e-05
1.82375e-05
0.000617826
0.000615865
0.00023211
-6.38034e-05
-0.000432383
0.00100853
-0.00131914
0.00131806
7.14945e-05
-0.000482165
-0.000943084
7.66805e-05
0.000779124
-0.000144051
-0.000635073
0.00081399
-7.44345e-05
0.000355972
0.000820642
-0.00117661
0.000983068
0.000171775
-0.000409203
0.000160494
0.000772322
0.000288481
-0.00114568
0.00327218
-0.000319884
-0.00038263
0.000263637
0.000465225
-0.000519893
-0.000511908
-0.000594192
0.000312988
-0.000998589
0.000437068
-0.000276421
-0.000160648
-0.00105048
0.000471436
0.000579045
5.05152e-05
-0.000351449
0.000611708
0.000331749
1.48546e-05
0.000472326
0.00104036
0.00100988
0.000394843
-0.000752075
3.55153e-05
0.000626885
0.000162728
-0.000129506
-0.000773727
0.000464282
0.000309445
0.000414819
0.000289684
0.000873722
-0.000710996
-0.000479982
0.00165322
-0.000984806
-0.000668414
0.000263156
-0.00108383
0.000251401
-0.000987144
0.000356162
0.00119696
0.00017029
-0.000867764
-9.39548e-05
0.000504108
0.000659128
-0.00116133
0.000548546
0.00032518
0.00041132
-0.000779943
0.00270717
-0.00308707
0.00048669
-0.000286549
-0.000200141
-0.00146779
0.00163185
-0.00132817
0.00205159
0.000655587
-0.000168177
-0.000351714
-0.000234443
0.000461641
0.000774094
0.000730438
0.00136729
0.000671623
-0.000797653
0.000527295
-0.000980767
-0.000941554
0.000956409
0.000341025
0.00111992
0.000611632
-0.000381818
0.00102625
-0.000806655
0.00166636
-0.00115573
0.000746434
1.8753e-05
0.000826282
0.000367443
0.000290003
-0.00116385
-0.000148509
0.000486733
-0.000338224
0.00116136
-0.000325923
-0.000835438
-0.0012599
6.17811e-05
0.000614473
4.84196e-05
0.00110067
-0.000670589
-0.000430077
-0.000665692
-0.000640381
-0.00172917
0.000476477
0.000486511
-0.000462054
-5.27939e-05
-0.000890289
0.000353439
-0.000242286
-0.000703471
-4.76432e-05
-0.000737115
0.00168382
-0.000593094
-0.000538533
-0.000294773
0.000236347
0.00020794
2.27161e-06
-0.000210211
0.000568813
-0.00101297
-9.21455e-05
0.000118137
-2.59917e-05
0.000920705
-0.000446411
-0.000474294
-0.00034768
-0.00035579
-0.000571846
-0.000165269
0.00149216
-0.000369009
0.000851651
0.000543786
0.000203559
0.00173972
-0.000412697
0.000730513
-0.000434086
0.000345276
5.46343e-06
-0.000261418
-0.00060174
-0.000674692
-0.00168741
0.000144822
0.00154259
-0.000116773
0.000756313
-0.00063954
-0.000898787
-0.000621081
-0.0012812
-0.000779957
0.00127827
6.75792e-06
0.00122177
0.000295376
0.000248031
-1.58194e-05
-3.61724e-05
5.19918e-05
-0.000377295
0.000361477
-0.000115687
-0.000844637
0.000143788
-0.000522153
9.64474e-05
0.000390242
-0.00127143
0.000596742
-0.00131559
-0.0010945
0.000427478
0.000277431
-0.000425939
8.96196e-05
0.000321701
0.00137636
-0.00100988
-0.0022611
0.0022611
0.00111133
-0.00292083
0.00121613
-0.00170302
-0.00131722
1.00567e-05
0.00130717
0.000272429
0.000695396
0.000311301
-0.000311301
-0.00106596
0.000201329
0.000864633
0.00141998
-4.362e-05
0.000890005
-0.000339395
-0.000868431
-0.000219036
0.00108747
0.000410176
6.80602e-05
0.000820314
0.00142673
-0.000972499
0.00105325
0.000373479
-0.000510087
-8.41059e-05
0.000855451
-0.000536378
0.00061355
0.00014868
-0.00016449
-0.00181973
-0.000790406
0.00063292
0.000407286
-0.000477414
7.01283e-05
-0.00210224
0.00196637
0.00013587
0.000600811
0.000819167
-0.00029653
0.000670322
0.000467989
-0.00178521
0.000241418
0.000372741
-0.000449824
-0.000131668
-0.000744559
0.000329359
0.00141968
-0.00141968
-0.00211572
0.00211572
-0.00335493
0.00335493
0.00111679
-0.00111679
0.000389958
-0.000421729
3.17706e-05
-0.000317927
-0.000352599
-0.00182519
-0.000350295
-0.00187849
0.000803727
0.00107476
0.000990437
0.000215226
-0.000315418
-0.00167098
-1.64319e-05
-0.00061929
0.000502518
0.00119511
0.000224567
-0.00152583
-0.000589888
4.86617e-05
0.000246726
0.000411544
-0.000390814
0.000265867
0.000134697
0.000211259
0.00073085
-0.000202175
-0.000252416
-0.000406332
0.000830549
0.000286244
-0.00296049
-0.000394434
0.00136415
-0.00128583
-0.000986795
6.84427e-05
-0.000438366
0.000504259
-0.000545712
4.14526e-05
0.000108874
0.000328194
-0.00127825
0.000227771
0.000843636
0.000267553
-0.00111119
0.000933256
0.000135245
0.000470268
-0.000605513
-8.77989e-05
0.00145509
-0.00116341
0.000371909
-2.36221e-05
-0.000217381
-0.00107104
0.000914753
-0.000179432
0.000386246
0.000467159
-0.00067017
-0.000386046
0.000250059
0.000747872
-0.00188065
-0.000263584
-0.000791667
-0.000467047
-4.11549e-05
0.000508202
0.000679172
0.000169085
-0.000478298
5.5533e-05
-0.000523844
5.9244e-05
0.000355066
-0.000447206
0.000372445
0.000417887
0.00176663
0.000229018
0.000691689
0.000516834
-0.000491571
0.000775484
5.54986e-05
-0.000830982
0.000152973
-0.000379404
0.000532377
2.98517e-05
-3.77664e-06
3.36283e-05
0.000642213
0.000825447
-0.000919402
0.000572214
0.000253234
-0.000626642
0.00200905
-0.00235314
-0.000635167
0.000271941
9.70345e-05
0.00015246
-0.000832899
-3.63539e-05
0.000869253
-0.000545886
-0.000394768
0.000940654
-0.000193669
7.919e-05
0.000664079
0.000283596
-0.000460455
-0.000479057
0.00112913
-0.00065007
-0.000151255
0.000772703
-0.00119547
0.000422764
-0.00038252
-0.000451219
0.000833739
0.000660582
-1.83686e-05
-0.000429617
-0.00144887
0.000563578
-0.000137982
0.000986234
-0.00286689
0.00119478
0.00103035
0.00110607
-0.000156472
-6.56918e-05
0.00135457
-0.00132145
-1.05672e-05
0.000521514
-0.00150326
0.00037221
-0.000352978
-0.000747665
0.000779497
-0.000148625
0.000732674
0.000904307
0.000287772
0.000366105
0.000226581
-0.000592686
-0.00122159
-0.00046264
-0.000483927
-0.000129534
0.000115219
-0.000574161
0.000458941
0.0001412
-0.000131492
-0.000361174
0.000411691
0.00102725
0.000639112
-0.00025773
-0.000548254
0.000805984
-0.000754128
0.00027507
-9.07829e-05
-0.00102041
-0.000781597
0.000513926
0.000267671
-0.000113826
0.000609289
-3.40262e-05
0.00080951
0.000191983
-0.000956075
0.000764092
-0.00126363
0.00163041
-0.000366786
-0.00164656
-0.000342007
-0.000338149
0.000463496
-0.000169694
0.000964783
0.000135883
-0.00025077
0.00119385
-0.000943077
0.00125458
0.000371075
0.000590242
-0.000168226
-0.000698213
-0.00063447
-0.00027172
-0.000276798
-0.000341837
0.000839179
-0.000581907
0.000175113
-0.000938235
-0.00114961
0.00195088
-0.00246869
0.000219485
0.000693487
-0.000886984
0.000659283
-6.65191e-07
0.000160577
0.000123861
-0.000317528
-0.00053392
0.000111629
0.000579706
-0.000319485
0.000768736
0.000497994
0.000368926
9.4573e-05
0.000497041
7.51728e-05
0.000321347
0.000434968
0.000867631
-0.000722813
0.00107502
0.000185421
0.000603963
-0.000244991
0.00278822
-0.00132374
-0.00146447
0.000163228
-0.00104183
0.000352743
0.000620076
0.000124549
-0.000537389
-0.000564053
-9.93218e-05
0.000872493
-0.000773172
-0.000439563
-2.33823e-05
0.000628865
0.000190298
0.000892087
0.00125361
0.00072024
-0.00117183
0.000451591
0.00194565
-5.65997e-05
-1.96394e-05
0.000129735
-0.000285504
0.000287775
0.000234865
-0.000391216
-9.48697e-05
0.000486086
-0.0011236
-0.000357628
-0.000294807
-0.000264869
0.000341549
-0.000323757
0.000736915
-0.000413157
-0.000343539
0.0004674
-6.02779e-05
0.00101103
9.95084e-05
-0.000394751
-0.000252086
-0.000483411
0.000179565
0.000776479
0.000626804
0.000542838
-0.000428231
-0.000890911
-0.000487814
0.000559309
-0.00119545
0.00115739
0.000110051
-0.000559173
-0.000511216
0.000133923
-0.000400105
-6.51142e-06
-1.23652e-05
0.000945389
-0.000933024
-0.00141642
0.00140406
-0.000177547
0.000691473
-0.000197283
-0.000622935
0.00287658
0.000193148
0.00122694
-0.000293155
-0.000207208
-0.000508073
-0.00184326
0.00154528
0.000297976
-0.00118075
0.000953834
0.000236009
-0.000607283
0.000759208
-5.95567e-05
0.000174775
-0.000240772
0.000772981
-0.00109722
0.000753086
0.000272541
-1.81412e-05
0.000631059
0.000313395
0.000223256
0.000281002
0.000169165
9.1496e-05
-0.000260661
0.000526471
-0.000334491
0.00131855
-0.000243533
0.000251744
0.000352222
-0.00192347
-0.00139728
0.000457527
-0.00039816
0.000323493
-0.000291009
-0.00177341
-0.00123554
9.24438e-05
0.000411665
0.00155693
-0.00129759
0.00205972
-0.00050279
-0.000530836
0.00051616
1.46762e-05
-0.00039559
8.24464e-06
-0.000629325
-0.00155914
0.000277944
0.0010461
-0.00181982
-0.000105622
0.00122624
-0.00134214
-0.000611985
0.000610898
0.000739356
-0.000264281
0.000753422
-0.000460692
0.000850652
0.000516458
-0.000483128
-0.000841768
-5.64153e-05
0.000323959
-4.07569e-05
-0.000264036
-0.000276623
0.000358654
-0.000822177
0.000134886
0.000292262
0.000624598
-0.000111292
-0.00070599
0.00101967
0.000463401
0.000629616
-0.000655964
-0.000308459
-0.000851179
0.00115964
-0.000326972
-0.000452972
-8.04305e-05
7.39192e-05
-0.00010942
0.000311218
-0.000201798
0.000204993
-0.00040175
8.18731e-06
0.000567292
0.00089188
-0.00145593
-0.000232419
0.000598522
-0.00114066
-0.00090238
0.000593924
0.000366642
8.54104e-05
-0.000452053
-0.0005992
-0.000402818
0.00100202
0.000840203
-0.000169495
-0.000670709
-9.31992e-05
9.31992e-05
0.000711249
-0.000711249
0.0011522
-0.0011522
-0.00193075
0.00193075
0.000341719
0.000104368
-0.000446087
0.000929672
-0.000541537
0.00200982
-0.000879695
-3.39597e-05
-0.000477252
0.00100436
-5.11772e-05
-0.000145773
-0.000745949
0.000488221
-0.000291907
-0.000781528
0.00157911
-0.000726431
-0.000424329
0.00127598
-0.000218041
0.000372657
4.99084e-05
0.00043038
0.00047926
0.000446578
-0.00122419
-0.00160923
0.000548383
8.77218e-05
-0.000210475
6.62026e-05
7.46186e-07
-0.0012883
-0.000516405
0.000100911
-8.46847e-06
-0.000636385
0.000418345
0.000232147
-0.00018224
0.00168095
-0.00084075
-0.000907498
0.00036161
-0.00011225
-0.000748036
0.000860286
-0.000208802
0.0012549
-0.00114176
0.000484063
0.000657695
-0.000957548
-0.000184211
-0.000289797
-0.000760892
0.000942637
-0.000181746
-0.000477285
0.000143686
0.000333599
3.72115e-05
-4.01233e-05
0.000238562
-0.00023622
-0.00267021
0.000689987
3.02488e-05
-0.00141397
0.00109021
0.000359538
0.000156621
-0.000434649
-0.000623849
0.000134218
0.000489631
-0.000618394
-5.45454e-06
-0.000481598
-7.13321e-05
-0.0007487
0.000267101
-0.00107195
-0.000829244
-0.00100206
-0.00186484
0.000807446
-0.000440801
-0.000760947
-0.000388659
0.00128372
-0.00052184
-4.27493e-05
0.000608231
-0.00147915
-0.000103715
-0.000498024
-0.000239069
0.000529133
0.000736687
-0.000381854
0.00072717
0.000144532
0.00129606
0.000370126
-0.000607741
0.000237615
0.000842791
-0.000472664
0.00130911
-2.53958e-05
-0.000599055
0.000556307
0.000229289
5.84846e-05
-0.00029132
0.00052061
2.47407e-05
0.000284705
5.31365e-05
-0.000523736
5.66902e-05
-2.70048e-05
0.000656348
-0.000271464
-0.000252473
-0.00119032
0.000624238
0.000463795
0.000269157
-0.00135299
-0.000363242
8.68217e-05
0.000909152
-0.000437717
0.00159558
-0.000539935
1.49443e-05
0.00119355
-0.000140294
0.000274431
0.000919121
0.000937481
-0.000812929
0.0010235
-0.000670756
-1.14275e-05
-0.000786332
-0.000141751
0.000130325
-0.00012963
-0.000394214
0.000780666
0.000118674
-0.000929087
0.000810413
0.000130874
0.000465869
-3.08609e-05
0.000211065
-0.000180204
-6.58694e-05
-0.000421943
0.000766826
-0.00119506
0.000490185
-0.000306267
-0.000183918
-2.97194e-05
-0.00022737
0.000709631
-0.000360297
-0.00013061
-0.00166184
-0.000744705
-0.00149025
0.00093671
0.000291606
0.000441337
-0.000178181
-0.00193009
-0.00115698
0.000396185
-4.27462e-05
-0.00110062
0.000377493
0.000723127
-0.000131266
0.000511374
-0.000380108
0.000903673
0.000711156
-0.00161483
3.19991e-05
7.71317e-05
0.000322453
3.45037e-05
0.000165945
0.00063961
0.000321
-0.00125293
0.000931934
-0.00071864
7.90985e-05
0.000840794
0.0007018
0.00130503
-0.000116362
0.000182566
-0.0005437
5.71679e-05
-0.000770873
0.000170374
-0.00088546
-0.000573045
-0.000475298
-0.000519357
-0.000164053
0.000263709
-0.000806037
0.000542329
-0.00103524
4.15972e-05
0.00164222
0.000767435
-0.000815077
0.000382645
-9.91626e-05
-0.000280892
0.000663535
-7.95891e-05
-8.1192e-05
-0.000530792
0.000781615
-0.000887236
-0.00090317
0.000445062
-0.000880709
-0.000237244
0.000105294
-0.000819217
0.000713923
-0.00124304
0.00266826
-0.00142521
8.55258e-05
0.00114136
-0.000155451
-0.000205722
-0.000293911
-0.000806706
-0.000872015
0.000174546
0.000482528
-0.000397002
-0.00141872
-0.00011882
0.00163906
6.66317e-06
0.00334532
0.000519198
-0.00082035
-9.26179e-05
0.000955298
-6.10671e-05
-0.000894231
-0.0014105
0.00200902
-0.00113025
0.000528344
-3.44724e-06
0.000770651
0.000184647
0.00069464
0.000826611
0.000477266
-6.28195e-05
-0.000414447
-0.00056135
0.000368834
-0.000243346
-0.000125488
-0.00083033
0.00130134
-0.000503898
-0.000400101
-0.000469991
2.46726e-05
-8.58408e-05
0.000257445
0.000550176
-0.000702262
0.000152086
6.49775e-05
0.00027674
-0.00136145
0.000261974
0.000216536
6.43286e-05
-0.000161292
0.000284501
0.000890944
5.06865e-05
-0.000134807
-2.64836e-05
0.000864953
0.000374803
-0.000735746
-0.00115663
0.00175727
-8.71802e-05
-0.00102418
0.000677705
-0.00183433
-0.00056148
0.000249639
-0.000494208
-2.95297e-05
0.00022499
-0.000175859
0.000193015
-0.000650457
-8.20902e-05
0.00137888
-0.000648365
-0.000272446
0.000617722
0.00288593
-0.00114621
6.65785e-05
0.000477208
0.00157202
-0.000895379
0.00259277
-0.000441498
0.000994975
0.00179324
-0.000344581
-0.00115868
-0.00122108
0.000330479
0.000890596
-0.000714968
0.00018368
0.000413583
-0.000597263
0.000998386
-4.13889e-05
-0.000956997
0.00015824
-0.000101816
-5.64244e-05
-0.00107073
0.000894875
0.000160128
-0.00109336
0.000349188
-0.000298412
-0.000985551
0.000421403
0.000546137
0.00038996
0.00102741
-0.000409899
0.00135061
-0.000478116
-0.000502258
-0.000599477
-0.00081059
0.000428072
-0.00030579
0.00107849
-0.000181068
-0.00122943
0.000153017
-0.000224608
-0.00177398
0.000277616
0.000144227
3.84102e-05
0.000471859
0.000540429
8.84369e-05
-0.000284456
0.000123638
0.00118699
-0.00132874
0.0013056
-0.000109591
0.000824982
-0.00036699
0.000714711
-0.000555954
0.000576703
-0.000395798
-0.000197708
-0.00111789
0.00143255
-0.00132819
0.000471732
0.00104401
-0.000139705
0.000263602
0.000487368
-0.00075097
-0.000443271
0.00058264
-0.000139369
0.00120122
-0.00029755
0.000615781
-0.00128595
-0.00105998
0.000928712
-0.000127587
-0.000572456
-0.00267021
-0.000769111
0.000389879
0.000379232
-0.000434649
-0.000464765
0.00127688
-0.000200145
-0.00107673
-0.000438577
-0.000642705
-0.000578373
0.00143432
-0.000591527
0.000960333
-0.00113577
0.00104422
9.15506e-05
-0.00014805
0.000469049
-0.00012767
0.000140504
-0.000427052
0.000140459
-0.000258667
-0.00134771
0.00178255
-0.000879516
0.000150848
-0.0010442
0.000131395
-0.000663503
-0.000142532
0.000765158
-0.00124732
0.000786182
0.000531879
0.00107515
0.000450745
-0.000557051
-0.000929857
0.000929857
0.00079976
-0.00079976
0.00073962
-0.000275489
-0.000464131
0.00018145
-0.000447419
0.000342903
-0.000342903
-0.00259892
0.00259892
-0.000752223
0.00154083
-0.000788607
-0.000752888
0.000365449
8.35029e-05
0.00227821
-0.000576299
-0.000552979
0.000513545
0.000879506
0.000125703
-0.000870031
-0.00151618
0.000653599
-0.000218633
3.66058e-05
-0.000759417
-0.000886545
-0.000933278
0.000305101
-0.000656663
0.000351562
-0.000919301
0.00111349
-0.000194187
-0.000277314
0.000511565
-0.000128741
0.000299117
0.0003864
-2.4923e-05
-1.89502e-05
-0.00112609
0.00113062
-4.52989e-06
0.000304397
-1.15519e-05
-0.000292845
0.000335952
0.000770122
0.000556398
0.00107163
-0.000589106
0.000393322
4.03924e-05
-5.44564e-05
-0.000359107
0.000337759
0.00107029
-6.17579e-05
-0.00231872
0.00065688
-0.000195397
6.47869e-05
-0.000277096
-0.00108525
-0.00164102
-0.00075688
-0.00135278
0.000745491
0.000322263
0.000614448
0.000536036
-0.00024443
0.000187454
0.00140099
0.000372803
-0.00148481
-0.000526543
0.00031077
0.000848851
0.000122672
0.000715023
0.00034052
-0.000311286
-0.000176238
-0.00104786
0.00095681
0.000673616
-0.000942106
0.000562899
0.00120373
-0.000125828
0.000609625
0.000312342
-0.000523117
0.000210775
0.000853804
0.000368854
-0.000243419
7.14154e-05
0.000314989
0.000546892
0.001106
0.000464013
0.000534373
0.000345255
-0.000161577
-0.000360678
-0.000732722
0.000631064
0.000101658
0.000151035
0.000938048
-0.00123801
0.000994158
0.000846895
0.000398743
0.000531691
-3.64427e-05
-0.00110656
0.00054302
0.000713059
0.000160142
-0.000161229
-0.00200589
0.000935428
-0.00185811
0.000906648
5.61033e-05
-5.71903e-05
0.000160141
-0.00200589
-0.00185811
5.60999e-05
-0.000353426
0.00115715
0.000852485
0.000108845
0.000237281
-0.000227817
-0.000506343
-0.00133692
-0.000373461
0.000191238
-0.000240668
0.000265962
0.000841155
-0.00141872
0.00163906
0.00334532
-0.00082035
-0.000169285
0.000112682
0.00061722
-8.66541e-05
0.000593655
-0.00194541
0.000384728
-0.000359164
0.000474378
-0.00138403
-0.00134324
0.000440468
0.000239335
-0.000859889
0.000314176
-0.000427873
-5.08143e-05
0.00110801
-0.0010572
7.08929e-05
-9.85639e-05
0.000303402
-0.000399195
0.000618681
0.000223478
-0.00040606
0.000729232
-0.000522231
-0.000329711
0.00139737
-0.000383941
0.000515337
-0.000649814
-0.000229702
-0.000477415
0.00072297
-0.000474553
0.000120737
0.000602237
0.00196636
-0.000162755
0.000762952
-0.000555697
-0.00111528
-0.000806907
0.000187617
0.00166325
0.00103341
0.000422369
0.00107961
0.000381782
0.000216594
-0.000234038
-0.000767022
0.00100106
0.000234181
-0.00112073
0.000134795
-0.000512144
-0.000424564
0.000292894
-0.000218549
0.000941676
-0.000130979
-0.000275447
-9.25692e-05
0.000347279
-6.90084e-06
0.00120075
0.000312599
0.000891995
-0.000274303
0.000329114
-0.000935596
0.000293553
0.00042101
0.000421894
-0.000372485
-0.00073779
-0.000147826
0.00120487
0.00127293
-0.00103289
-0.001876
0.00024873
0.00044126
0.000288373
0.000363536
-0.000199323
0.000274729
0.000148928
-1.66247e-05
-0.000132303
-3.32258e-06
-0.0008133
0.000816623
0.000675983
0.000558822
0.000339745
-0.000180477
1.25665e-06
0.000337761
0.000445444
-0.000955552
-0.000310206
-0.00137357
-0.000139308
-0.000816245
-5.63922e-05
-0.000253813
0.000432231
-0.000501294
6.90631e-05
0.000361855
-0.000141588
0.00045135
0.00088311
-0.00157218
-0.00064188
0.000211801
0.000365288
-3.43238e-06
0.000183583
0.000447477
-0.000293383
-0.000305309
0.000352139
0.00120795
-0.00119316
0.000675204
8.21439e-06
-0.000683419
-0.000172367
0.000300492
-0.000128125
-0.000231991
-0.00237486
0.000174806
-0.000331092
0.000156287
-0.000882455
-0.000696244
0.000529028
0.000287947
-0.000202534
-0.000558351
0.000860873
0.0011049
-6.35001e-05
0.00080492
-0.000320991
0.000122358
0.00032757
0.00115577
0.00022862
0.000945897
-0.000291557
-0.000959038
0.00070323
-0.000519646
-0.000470227
-0.000278471
0.000126518
-0.00102387
-0.001756
0.000581551
0.000920759
-0.000303539
0.000338241
-0.000433112
-1.82525e-05
-6.60004e-05
8.42528e-05
-0.000177386
0.000717364
-0.000539978
-0.00144132
-0.00026576
0.00170708
0.000204572
0.00048179
-0.000686362
-0.00104935
0.000119561
0.00092979
0.000200975
-0.000461636
0.000353005
-9.16562e-05
0.000493996
0.000121941
0.000234418
-0.000411806
-0.000185214
-0.00125611
0.000729319
0.000323544
0.00047394
-0.00026937
-0.00014999
-0.00089936
-0.000439044
-0.00211723
0.00117133
0.000945901
-0.000127504
-0.000795494
0.000242913
0.000128996
-0.00131411
0.000920578
0.000393535
9.15278e-05
-0.00011491
9.42207e-05
0.00105798
0.000158329
-0.00208908
2.34839e-05
0.000687765
0.000182591
-0.000275786
-0.000576296
-0.000342018
-1.14107e-05
-0.000944561
-0.000467126
-0.0015089
0.000515904
0.000442381
-0.000432346
0.000222874
0.000131529
0.000445367
-0.000229874
0.000177401
0.000779497
0.00041167
-0.000747665
-0.000395945
0.000118972
-0.000139873
0.000256312
-0.000571598
0.000595082
1.16701e-05
0.000170922
2.21756e-05
0.000136156
-0.000637878
0.000732099
-0.000621788
0.000187954
-5.55014e-05
-0.000416794
-0.000302618
-0.00151769
0.00182031
0.000515442
-0.000626734
-0.000204878
0.000497141
-0.000815144
0.000512527
0.000313678
-0.000590303
0.000312922
-0.000353681
-0.00100467
1.35525e-06
0.0011197
-0.000366614
0.000251185
0.000521799
-0.000373828
0.000686173
0.000134885
-0.000508712
-4.86638e-05
-0.000152681
0.000440566
0.000573417
-0.000492048
0.000546742
0.000454793
-0.000516879
-0.000485549
-0.000580888
-0.000238565
0.000652578
-0.000483553
-0.0004463
0.000490284
0.000309477
0.000477421
-0.000502341
0.000974571
0.00055306
0.000522091
-0.00114266
-0.000938216
-0.0016607
0.000292483
5.0422e-05
0.000870943
-0.000518803
-0.00127444
5.91141e-06
0.000566839
9.35407e-05
-0.00025892
-0.00037157
-1.70882e-05
0.000151403
0.000842116
0.000821119
-0.000147505
-0.0010358
0.00203781
0.000970651
-0.00200645
0.000586488
-0.00160763
0.00123751
-0.000499703
0.00055284
-0.000212787
-0.000356319
0.000569106
0.000411073
-0.000145204
0.000145272
0.000266275
0.00133189
-0.000852238
0.00176403
-0.000506561
0.000240519
5.34329e-05
-4.85422e-05
-4.89081e-06
-0.000642866
-0.000786786
0.000287085
-0.000268628
0.000306641
-9.14157e-05
-0.00111443
0.000589718
0.000678334
-0.000589062
0.000365767
0.000223295
0.00067942
1.01987e-05
0.000384827
-0.000223608
0.000113231
5.20694e-05
-0.000498155
-0.000375077
-0.000213984
0.000878258
0.00033444
-0.000754011
0.000180833
-0.000128088
-9.4027e-05
0.000886445
-0.000620479
0.000620479
-0.000346046
-0.00183776
0.00183776
0.000321085
5.79765e-05
0.00021015
0.0009978
-0.0015089
-0.000415641
-0.000176662
0.00225261
0.000558007
-0.00050594
0.000222874
0.000854758
-0.00015383
-0.000700929
0.000318982
-0.000629382
-0.00112511
-0.000489871
0.000214381
-0.0004444
-3.49728e-05
-0.000104217
0.000239459
-0.000538162
0.00033434
0.00030744
0.00127168
0.000975358
0.000225396
-0.000820507
0.000152096
0.000298954
0.000643681
-0.00016958
0.000176673
-2.77454e-05
-0.000441198
0.000437877
0.0010575
-0.000504435
0.000484041
0.000498348
0.000117281
0.00068837
-0.000206103
-0.00111133
0.00292083
-0.00101576
0.000839098
-0.00121613
0.00170302
-0.000174275
0.000490284
-0.000483555
-0.000369786
-0.000528246
-0.00171498
-0.000938215
0.000292484
-0.000988122
-0.000615991
8.2164e-05
-0.000313389
0.00115551
-0.00156344
0.00116639
-0.00133589
0.000809611
-0.00117862
0.0019355
-0.0019355
-0.000570633
0.000570633
0.000623116
-0.000590525
-0.000398615
0.000694264
-0.000481768
-0.000632665
-0.000307321
0.000122106
0.000820892
-0.000586475
-6.73258e-05
-8.26652e-05
0.000991315
-0.000517375
0.000481132
-0.000653339
-0.000929783
-0.000475858
-0.000347774
0.00141408
-0.0010663
0.000693787
-0.000819275
-0.000559428
-0.000508344
0.000199227
0.000202692
-0.000762842
0.000418298
-5.94086e-05
0.000271687
0.000139384
0.000611688
-0.000466416
-0.000632346
-0.000383411
0.000343453
0.000527741
0.000473316
-0.00036303
-0.000399811
0.000567267
-0.000260626
0.000926692
-0.000443515
-0.000260734
-0.000759956
0.000966201
-0.000680143
-0.00225446
-0.000841338
0.000211223
-8.67797e-05
-0.000557364
-0.000382268
-4.23893e-05
-0.000308721
-0.000178994
-0.0012721
0.00133576
0.000105963
-0.000132788
0.000544455
0.000818615
0.000170084
9.7587e-05
7.29902e-05
4.88466e-05
0.000173531
8.95828e-05
-0.000672442
0.0003153
0.000595572
0.00107791
0.000338439
0.000375912
0.000912348
-0.000266393
-0.000475261
0.000335637
-3.05362e-05
-0.000373424
-0.000545877
0.000693486
-0.00246869
0.00158457
-0.00140312
-0.000886984
0.000659283
-0.000106542
0.000701625
-1.29887e-05
0.000183905
0.000522253
7.3366e-05
0.000658733
0.000178198
-4.20432e-05
-0.00112319
0.00083577
-0.000937584
-0.000711536
-7.88705e-05
-0.00238407
-0.000593524
-0.000841852
0.000577571
-0.000236214
-0.000721104
-0.000171853
-3.54432e-05
-0.00140756
-0.00088546
0.00130503
-0.000148052
-0.000251142
0.000713883
0.000687658
-0.00166738
0.000524895
0.000505264
-9.46099e-05
-0.00109953
-0.000992688
0.000440876
0.00133877
-0.000133127
-0.000240857
0.000324286
-0.000565143
-0.000545238
0.000431413
0.000302357
0.000626836
6.74669e-05
0.000207603
-0.000939534
-0.000184067
0.00103271
-0.00204194
0.000182382
0.0010167
0.00182403
-3.03139e-05
0.00107606
0.000492729
-0.00033486
0.00111217
0.000330333
-0.000832455
0.000880081
-0.000439515
-0.000895007
0.00146842
0.000238914
-0.000391595
0.000610319
-0.000658982
0.000185832
0.00109981
0.00111461
-0.00110639
-0.000132201
0.000432692
-0.00077211
0.000873022
-4.20726e-05
-0.000107093
-0.000253205
-0.000210674
0.000656042
-0.000503786
-0.000393344
0.000411094
-0.000435352
-0.00148812
0.000603438
-0.000145912
0.000344271
-2.07762e-05
0.000124282
-0.00189769
7.74726e-05
-0.00209049
0.000214497
0.00154515
0.00129467
-0.000121264
-0.000407599
-0.00031853
0.000197266
0.00067089
0.000623776
0.000453983
-0.000162858
0.00240134
-0.000359443
-0.000189017
0.00213003
0.000802147
-0.000736033
-0.000130847
-5.32131e-05
0.000352789
-0.000970885
-0.000787428
2.02146e-05
-0.000275788
0.000687765
-0.00208908
0.00105799
-0.00129049
0.000758907
3.14368e-05
-0.000642866
0.000190001
-0.000350587
-0.000130228
0.00133189
0.000484419
0.000357157
0.000598729
-0.000635452
-0.000160524
0.000795976
-2.84442e-05
-4.28702e-05
0.000140477
-0.00232175
0.00202837
-0.000555802
-1.30753e-05
0.000557952
0.000709468
0.000538101
-0.000618624
-1.64483e-05
-0.000558233
0.00196752
-0.000871412
0.000318943
-0.000476399
0.000351665
0.000865894
-3.24147e-05
0.000180804
-8.72714e-05
0.000612691
-0.000559141
-0.000383816
-0.000127125
-0.000541248
0.00128131
-0.000324497
3.80981e-05
9.62881e-05
-0.000134386
-0.000286363
-0.000265615
0.00124139
0.000368515
-0.000321687
-9.55182e-05
0.000789408
0.000152153
3.36794e-05
-0.000609135
0.00117759
0.00200289
-0.000216933
-0.00156537
0.00240134
0.00213003
-0.000359443
-0.000189017
0.00218182
0.00109858
-9.25268e-05
9.14399e-05
-0.00021748
0.000216393
0.00216673
0.00149185
-0.000746049
0.000485422
-0.000452145
-0.000474917
0.000305337
0.000450629
2.86928e-05
-0.000503609
-0.000104622
0.000218685
0.000297818
-0.000352007
0.000641457
-0.000226765
-6.53066e-05
-0.000149017
0.000813529
0.000385912
-0.000500365
7.2238e-05
0.000603609
-0.000959455
-0.000743038
-0.0017476
0.000102354
0.000437901
0.00183991
0.00204631
-0.000206403
-0.000504016
-6.11246e-05
-0.000590796
-0.000430474
-3.59425e-05
-0.000643476
0.00128896
-0.000593843
-0.00082129
-5.6481e-05
0.000839793
-0.000783312
2.89425e-05
0.000513303
0.000844428
-0.000579773
0.000252942
-0.000952261
-0.000443858
0.000266508
0.00209053
0.000125585
-0.000119713
0.000340797
1.25296e-05
0.000446656
-0.000705459
0.000314605
-0.000247844
0.000601775
0.000995094
-0.000369487
-0.000789196
0.00119014
0.000592418
-0.000109619
-0.000149049
0.000867588
0.000925565
6.76834e-05
-4.57765e-05
-0.000371017
0.000271313
0.000592398
9.56029e-05
0.000197954
0.00100856
-0.000912954
0.000254541
6.44412e-05
-0.000457469
-0.000667644
-0.000774704
0.00125888
-0.00119485
0.000170944
-0.00188848
0.00151941
0.000571123
-4.1415e-05
0.000249
0.0011332
4.32785e-05
-9.7359e-05
-0.000100349
-1.07311e-06
0.000157409
0.000729037
-4.03593e-05
0.000866889
-0.000484975
8.2245e-05
6.59514e-05
-0.000929112
0.000109835
0.000530813
0.000771961
0.00038315
-0.000454099
0.00113307
-0.000256833
0.00175684
-0.000311671
0.000995746
-0.000715143
-0.000662588
-0.000278988
-0.000625448
-0.000122232
-0.000304821
-2.91902e-06
0.000168864
0.00184684
0.00179919
0.000247744
0.000171107
6.57885e-05
0.000315236
-0.000121849
-0.000261198
-0.000556303
-0.00137251
0.00152391
-0.000703583
0.000432631
0.000651611
-5.28812e-05
-0.000585007
0.000942164
0.00261957
-0.000772729
5.16764e-05
0.000119431
-4.23073e-05
0.000290051
0.00274052
-0.000941336
0.000585659
0.00115712
0.00101135
-0.000378674
-0.00139968
0.001021
0.00105965
0.000219959
0.000958419
-0.00120087
2.22494e-05
0.000106753
0.000847612
-5.3213e-05
-0.00113356
-0.000453191
6.1263e-05
-3.37289e-05
4.2989e-05
-0.000728694
0.000191953
0.00046438
-0.000784387
-0.000725903
-0.000225562
0.00177071
-0.000949466
-0.00012167
-0.000209517
0.000527724
5.24222e-05
-0.00153524
0.000251779
0.000704988
-0.00156241
-0.00100719
0.000598936
0.00160257
-0.00211612
-0.000429561
0.000440539
0.000704594
0.000118573
0.00220934
-0.00116622
0.000498579
-4.43643e-06
6.88783e-05
0.000848357
0.000367551
-0.00153577
-0.00245452
0.00115599
-0.000767946
-0.00150494
-0.00147163
0.000703993
-0.000140456
0.000602828
0.000489893
-8.00639e-05
-7.22596e-05
-0.00018425
-0.000101241
0.000192506
0.00141722
-0.000344803
-0.000690056
-0.00200379
0.00179738
0.000736364
0.000106276
-0.000293107
0.00074996
-0.000852285
-0.000755964
-0.00165654
0.000595802
0.000136872
0.000199302
-0.000345214
-0.000271925
-0.00162577
0.000132919
-0.000153694
-0.000395446
-0.00109267
0.000576919
0.00147338
0.000265767
0.00203401
3.42576e-05
0.00239849
5.51629e-05
0.000326526
0.000368419
0.00070661
-0.000365853
-0.000662336
-6.67038e-05
-0.000603109
0.000203383
-0.000308705
-0.000552874
-0.000299736
0.000255808
-0.00139897
-8.49569e-05
)
;

boundaryField
{
    frontandback
    {
        type            empty;
        value           nonuniform 0();
    }
    simetry
    {
        type            symmetry;
        value           uniform 0;
    }
    inlet
    {
        type            calculated;
        value           nonuniform List<scalar> 
23
(
1.0869e-06
1.0869e-06
1.08696e-06
1.087e-06
1.087e-06
1.08696e-06
1.087e-06
1.0869e-06
1.08696e-06
1.087e-06
1.087e-06
1.08695e-06
1.08695e-06
1.087e-06
1.08696e-06
1.08696e-06
1.08696e-06
1.0869e-06
1.087e-06
1.08699e-06
1.08695e-06
1.0869e-06
1.0869e-06
)
;
    }
    outlet
    {
        type            calculated;
        value           nonuniform List<scalar> 
23
(
5.18898e-05
0.000539928
-0.000191569
-0.00128163
0.000410671
0.00108385
0.000216541
-0.00244751
-0.000663493
0.000522712
-0.00112062
0.00313647
0.00219373
0.00107046
0.000951459
0.00224337
0.00147683
0.0020657
0.000888424
-0.00209867
-0.00328039
-0.00365857
-0.00213456
)
;
    }
}


// ************************************************************************* //
