/*--------------------------------*- C++ -*----------------------------------*\
  =========                 |
  \\      /  F ield         | OpenFOAM: The Open Source CFD Toolbox
   \\    /   O peration     | Website:  https://openfoam.org
    \\  /    A nd           | Version:  7
     \\/     M anipulation  |
\*---------------------------------------------------------------------------*/
FoamFile
{
    version     2.0;
    format      ascii;
    class       volVectorField;
    location    "0.2";
    object      U;
}
// * * * * * * * * * * * * * * * * * * * * * * * * * * * * * * * * * * * * * //

dimensions      [0 1 -1 0 0 0 0];

internalField   nonuniform List<vector> 
2700
(
(-559.159 -185.054 -1.14066e-13)
(-607.097 -333.642 -5.66037e-13)
(-967.154 -870.822 5.11891e-14)
(-481.219 11.663 2.73525e-13)
(1023.2 -549.461 -3.07832e-13)
(-1026.62 -486.822 -5.76768e-13)
(14.2515 152.124 -4.3374e-13)
(-1417.66 -510.013 1.29865e-13)
(1145.53 -269.835 3.78559e-13)
(-507.326 125.791 -4.86391e-14)
(-940.569 160.734 -1.62606e-13)
(-69.3118 135.824 -1.40493e-13)
(531.881 -148.814 1.8364e-13)
(621.886 -241.915 0)
(-409.219 -304.131 3.95636e-13)
(2740.41 483.913 -4.4477e-14)
(-1334.07 -367.882 8.41799e-14)
(1081.33 36.305 -2.4514e-13)
(909.42 -33.3801 -7.56421e-13)
(-1011.73 -161.675 -5.27563e-14)
(735.331 79.5125 -4.66188e-13)
(56.9451 430.193 1.48176e-13)
(-1201.08 783.191 3.67302e-14)
(1285.89 866.289 0)
(-470.361 99.2154 0)
(531.965 -308.042 6.18062e-14)
(-612.166 464.773 -2.96727e-14)
(-736.48 -1103.96 0)
(368.417 420.697 0)
(1737.67 2.02754 0)
(-742.161 326.974 4.78299e-13)
(-885.103 -560.325 -1.23858e-13)
(-372.853 -247.696 -2.73315e-13)
(-775.817 697.682 -1.64532e-14)
(-50.3818 609.683 2.97977e-13)
(-465.223 -370.496 0)
(-892.011 921.873 0)
(-928.111 -621.568 1.16674e-13)
(-1286.31 -226.751 0)
(-1189.04 164.094 2.24214e-13)
(874.552 -1030.44 1.78173e-14)
(-289.046 -455.546 0)
(-1026.46 -183.728 2.24897e-13)
(312.182 815.466 -8.05785e-13)
(-492.596 -922.146 9.85274e-15)
(-980.75 -330.09 0)
(-922.255 1073.26 0)
(866.649 -147.148 -7.44591e-14)
(-635.338 -85.0668 6.009e-14)
(-184.956 436.727 9.42012e-14)
(139.528 -311.039 -2.15034e-13)
(668.305 -32.3342 2.11797e-13)
(754.486 -197.293 0)
(-72.9844 726.56 6.2348e-14)
(-692.628 207.421 4.7249e-13)
(900.241 -631.423 1.41755e-13)
(-568.561 -172.144 -1.5739e-12)
(-10.2855 -1231.22 1.4172e-13)
(850.393 -420.771 -2.45708e-14)
(-773.403 255.551 0)
(-656.751 609.734 -7.89736e-14)
(-1032.52 896.177 3.39183e-13)
(-748.423 -243.415 5.36447e-13)
(-10.8141 -4.06336 -1.02038e-13)
(-4.96173 323.448 0)
(754.812 267.56 0)
(1922.84 140.752 1.64084e-13)
(-80.3102 -136.81 1.16028e-13)
(992.796 -657.989 1.72745e-13)
(1985.94 758.841 3.43939e-14)
(268.56 -82.8216 2.31447e-13)
(935.107 -761.531 0)
(-2385.67 -36.648 0)
(-869.183 281.819 -2.57632e-13)
(-1539.14 -261.726 -2.62297e-13)
(-523.07 -251.827 1.2887e-13)
(-1652.27 1058.93 -5.00174e-14)
(1257.21 -820.239 -3.37743e-14)
(-383.21 -194.891 -7.20759e-13)
(396.347 -808.346 -4.07391e-14)
(-891.27 -626.591 0)
(-1799.83 -936.771 0)
(-86.5299 455.336 4.22409e-13)
(-937.545 -431.882 3.1183e-13)
(263.016 895.27 -6.18438e-13)
(-143.504 452.768 -7.60937e-13)
(1605.63 203.527 -3.96845e-13)
(1160.53 195.301 0)
(-1822.14 -793.135 6.54528e-13)
(624.596 56.7755 0)
(-1628.18 -610.647 0)
(961.534 722.977 -1.71166e-13)
(-785.432 227.535 2.55905e-13)
(-2941.69 844.015 -1.54755e-13)
(-1728.11 -1012.4 -1.25809e-13)
(-1069.34 591.982 -2.19131e-13)
(-760.141 -796.726 2.56027e-13)
(154.133 -121.106 6.61621e-14)
(472.599 -199.799 1.01758e-12)
(-508.2 -368.303 3.4382e-13)
(175.172 993.703 0)
(1868.29 -1054.4 2.2236e-14)
(1159.36 16.5486 -1.67754e-13)
(-894.801 462.504 2.30745e-13)
(311.728 825.595 0)
(1222.87 -129.111 -1.78841e-15)
(-501.353 654.503 -6.4821e-14)
(-2330.24 -1259.43 0)
(-2171.02 1009.02 6.16634e-13)
(-2367.27 528.69 -5.39849e-13)
(2111.59 27.357 -3.90546e-15)
(-472.017 -520.949 0)
(-1258.24 526.71 0)
(209.864 -70.3072 -3.21463e-13)
(-639.632 224.988 4.92313e-13)
(-1140.53 -369.136 0)
(-559.45 276.218 -9.15572e-14)
(723.282 783.819 2.72414e-13)
(-831.44 -723.421 -1.98453e-13)
(1440.01 -235.131 0)
(-143.639 323.269 -3.0638e-13)
(-1848 -302.075 2.34193e-13)
(917.771 400.653 2.18141e-13)
(-1339.71 -314.843 0)
(-141.805 -411.53 1.23458e-13)
(1455.3 -131.984 -2.36649e-13)
(321.925 -933.391 7.11075e-14)
(-471.067 564.608 -1.66887e-13)
(-8.60823 282.598 -3.89356e-14)
(2693.36 2150.9 -4.92132e-14)
(-517.72 -566.85 -4.84108e-13)
(-534.039 655.794 -4.46596e-13)
(2680.55 -2015.07 -1.36441e-14)
(967.434 -278.968 9.22284e-15)
(-475.713 -73.9304 -4.14809e-14)
(-436.264 -434.318 0)
(265.294 -413.675 -5.13655e-15)
(815.199 948.211 4.68387e-13)
(-1524.5 -442.884 -2.85922e-14)
(-832.069 284.156 2.34074e-13)
(773.382 -19.0721 0)
(-741.058 -168.852 -2.76208e-13)
(-2342.64 82.2116 0)
(-833.774 718.821 0)
(-952.78 -862.454 -2.64748e-13)
(-431.06 -162.144 4.21455e-13)
(1971.9 1268.66 1.42297e-13)
(-12.2178 -209.053 0)
(822.938 1046.27 -3.88393e-14)
(157.398 -108.429 2.5e-13)
(583.129 450.729 4.55292e-13)
(673.953 763.03 -7.23454e-14)
(1927.69 -127.458 2.83574e-14)
(1522.55 -1024.79 -3.54399e-14)
(1069.93 959.952 2.23676e-14)
(-530.534 250.557 2.65516e-13)
(-11.3697 599.083 2.0525e-13)
(-506.2 -200.651 -2.82302e-13)
(1124.98 -1205.48 0)
(-1004.83 1391.09 -1.42122e-13)
(239.453 82.8408 6.5772e-14)
(-706.076 124.319 0)
(-265.778 -220.953 4.49455e-14)
(584.206 -552.473 0)
(-1020.89 1215.44 0)
(76.8832 -844.756 -6.37626e-13)
(-1785.54 273.422 7.42373e-13)
(-512.814 279.518 0)
(-358.68 30.6016 -2.55395e-13)
(-238.286 -234.514 1.0141e-13)
(393.907 -428.896 0)
(46.4991 -991.821 -5.56722e-13)
(-330.384 -113.263 2.52358e-13)
(-697.157 65.6801 0)
(391.754 795.881 0)
(1037.35 143.26 0)
(126.24 699.401 -2.66053e-13)
(736.522 -1115.64 2.59357e-14)
(-2587.24 -2329.37 0)
(268.839 842.776 0)
(853.03 467.718 4.07908e-13)
(-868.472 370.595 0)
(-373.22 -956.24 -6.01674e-14)
(-339.716 1228.84 5.85118e-13)
(-1150.13 -54.6228 -2.60809e-14)
(-1618.13 734.022 9.00583e-14)
(-2232.31 -739.892 -1.9525e-13)
(867.476 -349.322 -2.98168e-14)
(558.934 319.108 -1.46922e-13)
(569.539 -1139.88 3.1295e-13)
(-2312.51 -245.678 2.43705e-15)
(99.7404 -931.033 -1.80218e-13)
(1696.17 98.6898 0)
(-1262.93 444.707 4.12889e-13)
(358.428 1482.95 -2.35842e-13)
(-606.075 -616.375 1.60611e-13)
(2453.23 -135.518 2.08686e-13)
(965.613 284.093 3.59791e-13)
(-351.617 -253.277 2.06432e-13)
(2633.3 800.095 -1.38118e-13)
(-18.1325 -2228.1 3.52047e-14)
(-169.505 1311.55 8.33877e-16)
(45.9633 660.934 -6.88565e-13)
(-1732.71 310.177 -4.54857e-14)
(-915.694 490.417 -2.02382e-13)
(215.092 331.408 0)
(400.052 -389.73 1.6714e-13)
(1502.88 -123.085 3.22253e-13)
(1123.54 540.185 -2.34141e-14)
(-53.1153 1318.33 1.89651e-14)
(427.669 -137.212 1.03786e-13)
(-2462.26 296.922 -8.46024e-15)
(76.3108 229.62 -1.33183e-13)
(-2750.11 513.749 3.13808e-14)
(-2618.62 -98.8744 0)
(-243.106 433.296 -3.18015e-13)
(-51.2681 116.19 -1.73952e-14)
(855.913 -1385.25 0)
(-185.092 374.103 -2.37778e-16)
(-329.814 -230.175 0)
(3286.41 691.933 0)
(791.335 -52.9887 0)
(623.819 304.47 0)
(1268.11 -315.263 1.88819e-13)
(-1015.62 -780.938 0)
(-1444.24 -69.3571 0)
(1895.36 -478.659 2.35428e-14)
(917.61 -344.057 0)
(-1940.67 764.587 -2.1179e-13)
(1086.58 -567.621 -7.11723e-14)
(-166.203 115.003 0)
(72.25 -655.922 0)
(1145.09 -480.124 -2.19549e-13)
(-1279.79 -693.957 1.12256e-13)
(238.101 627.642 -3.72255e-15)
(-811.67 501.242 -4.80995e-13)
(-650.626 -504.833 9.60324e-13)
(-170.275 -856.519 -7.10602e-14)
(601.044 -315.695 -6.77238e-14)
(-747.689 715.454 -6.25952e-13)
(-704.603 1328.03 -4.31216e-13)
(1529.04 574.162 -9.12009e-14)
(-839.499 -646.073 0)
(-383.424 377.116 -3.05753e-13)
(-1627.42 -73.3746 -1.09348e-13)
(-459.915 663.979 3.7728e-13)
(-2686.5 -210.846 5.10004e-14)
(-2832.18 -545.264 6.81435e-14)
(-82.4295 646.071 9.58043e-13)
(-141.138 -383.24 5.27578e-13)
(37.8692 -273.727 0)
(947.923 -161.099 1.84141e-15)
(-552.855 -179.527 -5.29032e-13)
(-1057.41 729.463 -1.49217e-13)
(715.149 -44.8246 0)
(1436.17 148.681 2.05233e-13)
(-310.586 -326.269 2.74074e-13)
(439.704 1059.03 0)
(1437.4 -316.249 -1.26944e-13)
(-1407.39 -299.08 0)
(-1015.09 -349.134 -2.49828e-13)
(1893.09 -123.853 0)
(704.679 -247.968 -4.24891e-15)
(468.059 -1554.36 -1.01879e-13)
(1201.83 -66.9122 2.42116e-13)
(-636.319 -302.226 -6.18326e-14)
(230.247 259.363 -5.08488e-14)
(462.334 499.109 0)
(1114.17 -63.2199 -2.66596e-14)
(601.746 -1063.49 9.1545e-15)
(-640.988 287.065 -4.11431e-13)
(328.579 7.00712 -4.08491e-13)
(-884.841 342.049 0)
(-1290.78 513.218 -4.57691e-13)
(1044.09 -994.739 1.26893e-13)
(-553.644 -29.8426 4.92104e-13)
(-86.8007 -111.065 0)
(205.597 -176.783 6.04397e-13)
(-672.973 169.751 5.73859e-13)
(1014.29 714.571 0)
(-176.632 183.459 5.58102e-14)
(251.554 875.386 -1.41166e-13)
(-178.033 973.413 5.49698e-13)
(-243.445 -687.88 0)
(2948.12 -221.727 2.41976e-15)
(1891.09 -747.686 2.54875e-14)
(657.525 26.6725 6.17744e-16)
(874.836 163.426 2.21338e-13)
(-395.068 491.482 0)
(97.0141 794.14 -1.31544e-13)
(286.427 -1495.16 -1.08966e-13)
(408.036 242.129 1.74523e-13)
(495.064 -90.5982 -5.41109e-13)
(314.947 615.85 -4.53186e-13)
(-560.363 -534.237 1.22204e-13)
(-916.919 75.2 5.46184e-13)
(-24.8416 101.283 0)
(-923.054 -903.918 1.7778e-13)
(-2315.57 -530.686 -3.2447e-13)
(-125.157 523.001 -4.38766e-13)
(849.36 347.506 0)
(-2261.49 -1473.26 1.41488e-13)
(-140.816 518.776 2.39683e-13)
(422.725 652.884 0)
(-1277.8 -57.5098 3.42291e-13)
(-368.526 526.652 -2.79273e-13)
(1498.08 -624.852 -1.55488e-13)
(-816.622 -75.2884 2.13701e-13)
(1635.01 106.693 0)
(1150.94 -129.447 1.08485e-13)
(-635.771 66.9691 0)
(-549.852 -254.526 4.97691e-13)
(1420.29 -408.821 -2.93723e-14)
(1049.84 -748.532 0)
(-1327.01 -244.47 -3.57601e-13)
(2613.17 50.7912 0)
(-2067.46 271.264 -3.13256e-13)
(-245.732 473.783 1.20742e-13)
(727.708 134.118 5.17483e-13)
(844.225 -74.0529 0)
(-1059.09 450.473 -2.93464e-14)
(-506.407 -1123.67 3.27999e-13)
(-761.31 -501.626 -2.13538e-13)
(-1215.44 -1034.43 -1.06696e-12)
(-1333.06 -343.917 0)
(-185.249 265.562 -6.73156e-15)
(1554.32 1453.57 -1.76325e-13)
(216.149 849.769 3.8597e-13)
(-1024.39 -409.439 -2.18881e-13)
(1007.64 1132.3 -5.92441e-15)
(330.948 -100.731 5.2942e-14)
(632.575 300.087 -4.52019e-14)
(-312.191 228.242 -3.0865e-14)
(231.484 -73.4265 2.2422e-13)
(-1402.2 117.591 3.47575e-13)
(80.4267 740.741 -1.69482e-13)
(-195.003 151.706 0)
(2069.12 186.168 0)
(-1033.88 162.493 0)
(1173.58 235.237 -2.42143e-13)
(232.596 -1118.21 0)
(1033.79 -614.5 5.95006e-13)
(640.708 -1045.33 0)
(-623.304 -561.8 2.50356e-13)
(145.082 80.3093 0)
(-88.6401 159.954 7.57113e-13)
(-315.762 379.602 -4.70848e-14)
(1185.87 -726.935 0)
(82.8752 -876.672 0)
(279.309 1062.3 1.37313e-14)
(2353.6 555.412 0)
(553.786 552.758 0)
(119.406 1106.72 -4.29628e-13)
(256.702 -181.037 -4.88255e-13)
(1039.07 468.28 0)
(-1448.81 84.1693 -1.54224e-13)
(840.675 478.336 -3.0298e-13)
(320.094 200.197 -9.86617e-15)
(1253.95 351.774 -1.15522e-13)
(2107.44 6.79737 -1.34449e-13)
(-467.695 698.927 -5.33031e-13)
(-498.479 -550.789 1.47993e-13)
(-985.031 40.4726 -3.707e-14)
(-1079.71 -621.014 -2.05705e-14)
(413.769 -1105.05 -1.70533e-13)
(-90.3155 -178.638 5.79917e-15)
(-509.01 760.084 4.76228e-15)
(-454.174 -564.806 2.77574e-13)
(894.548 1185.42 0)
(249.053 238.039 0)
(-471.433 1442.17 0)
(-129.195 -1113.33 -2.69255e-13)
(-493.722 972.498 2.63343e-13)
(-740.088 55.9903 2.55444e-14)
(-1071.02 -1551.61 4.11414e-14)
(-254.175 46.3954 0)
(1239.13 72.5039 -2.39237e-14)
(196.384 -404.838 -1.94711e-13)
(1405.27 14.5708 4.27003e-13)
(877.899 343.995 0)
(1122.37 922.516 -1.41106e-13)
(-682.598 -409.255 5.01684e-13)
(-639.887 -28.8757 -4.32927e-13)
(165.16 -820.662 -7.63749e-14)
(-939.64 714.5 1.10173e-13)
(-888.891 113.051 8.77366e-13)
(-63.1905 -226.125 2.35663e-13)
(-482.587 -57.6125 0)
(-325.363 -1487.57 4.68649e-14)
(1117.6 -294.334 0)
(339.664 232.235 2.06028e-13)
(1640.16 144.166 -6.88256e-13)
(1305.76 -313.117 4.97607e-14)
(688.36 -102.811 1.40551e-14)
(616.328 645.882 -1.38989e-13)
(1028.63 526.553 5.23755e-13)
(-103.427 1801.18 6.95688e-13)
(-974.978 702.366 -6.58643e-13)
(761.537 17.936 0)
(1000.49 904.141 2.75696e-13)
(477.893 -71.4798 0)
(136.801 -835.665 1.57399e-14)
(-304.674 267.045 0)
(-283.941 7.54864 1.65552e-14)
(10.6102 -113.289 -2.63785e-13)
(-416.02 321.45 1.35884e-15)
(-1352.83 -456.013 -2.17405e-14)
(-271.717 302.733 0)
(1292.11 567.755 0)
(-528.853 -68.0738 2.98589e-13)
(-992.108 -278.307 -4.76281e-13)
(-985.32 163.282 -1.41387e-13)
(1149.2 -101.335 0)
(-744.914 -536.019 5.48414e-13)
(401.824 339.502 8.17543e-14)
(-913.333 -189.576 1.18499e-13)
(456.396 801.087 0)
(491.812 -703.229 -5.43361e-13)
(-901.977 -1549.26 -7.90627e-13)
(-1459.37 1422.3 0)
(-261.671 -970.84 1.60811e-13)
(-1326.02 64.1805 -5.53867e-13)
(95.0021 164.732 -4.2809e-13)
(-1909.69 422.883 -1.74458e-13)
(1011.98 -925.771 1.21331e-13)
(-685.177 -160.724 0)
(-424.701 -1270.57 1.05647e-13)
(-254.51 467.069 4.89758e-13)
(-311.891 -351.508 5.52416e-13)
(1411.7 844.374 -1.39458e-14)
(235.223 961.071 3.93332e-13)
(1470.73 150.799 2.20204e-13)
(1526.46 430.64 -5.47479e-13)
(-142.11 448.626 1.03069e-12)
(115.557 -1427.82 0)
(35.4806 760.474 -1.87539e-13)
(100.597 -308.022 0)
(-989.757 330.338 0)
(1675.35 -293.689 -5.85953e-14)
(-650.19 -232.709 0)
(-186.105 -184.853 5.17892e-13)
(2017.98 478.964 0)
(-291.298 374.041 0)
(2152.77 -813.835 1.19937e-14)
(-1055.58 526.697 -1.156e-13)
(1374.12 -259.928 0)
(714.921 340.445 1.58208e-13)
(-1413.46 1486.19 4.60351e-14)
(310.036 888.527 -2.8435e-13)
(286.656 872.844 -8.92364e-13)
(43.7139 -159.542 0)
(1086.66 -623.839 2.64263e-13)
(-635.932 -205.186 0)
(-609.044 -659.96 1.36594e-13)
(-427.803 352.128 0)
(-2636.48 -976.113 -6.93062e-14)
(-1158.23 96.2856 0)
(-1829.83 -218.949 0)
(-1123.98 -190.066 9.0043e-13)
(533.888 -434.538 -2.96614e-13)
(-118.491 548.882 -3.37925e-14)
(422.479 75.6547 1.40958e-13)
(-1139.54 166.294 0)
(-999.579 -222.488 2.5376e-13)
(925.885 433.44 1.83543e-13)
(121.343 -106.656 -1.96822e-15)
(-1024.02 -101.122 0)
(-1652.01 -139.89 0)
(624.037 963.439 1.85887e-14)
(1149.37 -431.126 2.54588e-13)
(-464.47 350.724 1.89063e-13)
(845.231 -373.552 -2.57884e-14)
(-198.016 117.073 -8.09603e-14)
(-983.992 -236.886 6.70042e-13)
(-1144.83 625.896 0)
(230.984 461.315 0)
(-128.131 1025.18 2.3363e-13)
(-172.234 329.358 9.19884e-14)
(-420.478 147.103 2.08348e-13)
(-172.262 335.64 5.90301e-13)
(-1353.67 268.953 0)
(422.093 -642.233 0)
(316.208 -235.538 3.51428e-13)
(-343.473 -370.57 0)
(-799.234 721.079 0)
(39.9212 -1069.77 -2.98762e-13)
(-411.6 315.006 -2.47192e-13)
(-147.519 322.512 -4.95122e-13)
(-1326.43 -1382.43 0)
(-790.995 2.0543 8.72703e-13)
(-1097.39 -240.073 -1.0604e-12)
(109.882 -1167.32 -1.4429e-13)
(1229.88 -261.347 -3.02195e-13)
(-239.518 710.461 3.17607e-13)
(942.948 625.7 -2.84979e-13)
(-1554.41 1403.63 -5.07137e-14)
(182.259 603.906 -1.8159e-14)
(-23.077 -1169.23 -6.70369e-15)
(-1738.85 710.141 0)
(-1057.36 290.627 -1.87991e-13)
(-867.585 -2080.67 -8.03974e-14)
(-12.4479 929.458 -2.58276e-13)
(302.346 -150.129 0)
(303.186 1124.59 7.71556e-13)
(277.231 964.408 0)
(-91.2997 -867.374 0)
(-474.934 528.243 2.84279e-16)
(1430.36 366.479 -1.14598e-15)
(33.7711 441.654 -5.24279e-13)
(511.658 -344.658 5.44928e-13)
(-350.982 1293.65 2.49838e-13)
(1092.76 -174.5 -7.59104e-17)
(-221.916 167.437 2.48093e-13)
(399.046 433.408 5.66799e-14)
(247.463 1301.83 -3.87295e-14)
(425.351 175.575 -1.93634e-13)
(-1316.56 -146.606 -4.01677e-13)
(1296.57 -1184.97 3.52564e-14)
(-44.9557 -752.462 0)
(16.1903 -189.856 -2.3348e-14)
(-482.393 -249.144 3.84009e-13)
(-677.067 -269.168 -2.74985e-13)
(-1790.15 -166.784 7.23653e-14)
(1576.91 -92.5164 0)
(-928.624 -475.558 -1.4781e-13)
(-323.138 -227.104 0)
(238.869 735.56 0)
(504.256 356.694 1.11988e-13)
(-1461.38 489.992 -2.09013e-13)
(956.682 -751.007 -1.25937e-14)
(-133.227 310.562 0)
(1268.44 -1618.92 1.10707e-14)
(969.85 53.0701 1.9714e-13)
(1867.94 360.009 -2.21855e-13)
(-427.068 585.005 4.31823e-14)
(1007.61 399.179 -4.60877e-14)
(-2420.72 382.562 1.02181e-13)
(140.034 -378.638 4.44854e-13)
(7.63897 301.968 -2.10095e-13)
(544.682 -187.338 2.21228e-14)
(-1313.07 -213.878 0)
(-766.12 190.1 0)
(-1362.95 488.398 0)
(-317.353 -110.768 6.01296e-13)
(-478.218 1032.1 -8.19559e-16)
(311.957 -1139.69 1.57758e-13)
(-1134.12 -269.306 -1.78789e-13)
(-943.761 1105.27 0)
(294.353 -359.027 3.07834e-13)
(-1636.81 -1118.8 0)
(426.404 982.424 0)
(1510.22 -498.3 0)
(-709.768 477.966 -1.33334e-13)
(622.672 -544.632 1.57996e-13)
(944.343 673.842 7.63487e-14)
(3105.1 1372.61 0)
(-859.296 5.37758 -3.24979e-13)
(-317.37 -385.278 -4.62749e-14)
(905.024 186.074 -2.20952e-13)
(186.435 26.449 -8.88772e-14)
(623.493 766.702 -1.67897e-13)
(2395.62 1081.48 0)
(-34.9179 -469.693 6.4684e-14)
(-1341.81 618.241 0)
(-1295.23 758.234 -4.57526e-13)
(-3403.3 -369.561 0)
(-624.581 31.3618 -5.2645e-13)
(323.514 23.6203 -8.60572e-14)
(103.219 678.924 0)
(-76.3083 646.122 1.74636e-13)
(1960.57 79.3529 4.81338e-13)
(-169.856 1236.11 0)
(204.502 -216.954 2.78972e-15)
(884.268 -593.069 5.49901e-13)
(-1990.47 458.541 0)
(482.945 -431.943 2.00983e-14)
(-590.73 604.036 -3.01457e-13)
(725.19 -1700.98 -1.60516e-13)
(197.451 586.657 -2.18421e-14)
(-561.897 -512.313 3.16246e-13)
(191.455 -773.745 3.51993e-13)
(-53.2818 438.576 -4.67193e-13)
(222.659 -371.558 5.90111e-14)
(-1687.55 -1384.46 1.60716e-13)
(715.871 -167.717 0)
(-1174.25 235.987 0)
(-669.365 -98.1101 1.60501e-13)
(-1302.81 -665.204 -1.34729e-13)
(-1231.18 272.094 0)
(-347.125 1262.95 7.48346e-14)
(-3.73595 711.933 -4.25079e-14)
(-53.4061 317.294 5.80344e-14)
(-1260.73 1077.81 0)
(174.385 -173.209 1.0232e-13)
(480.084 -473.252 -3.23288e-13)
(-736.165 194.07 -6.39671e-14)
(170.486 -691.935 0)
(-720.259 -218.07 0)
(146.28 -16.594 9.18787e-15)
(108.365 550.105 1.56658e-13)
(-377.906 1047.69 4.09001e-14)
(-449.158 -882.013 -3.24203e-13)
(3029.19 -1695.51 9.60766e-15)
(2886 -236.979 -3.07925e-14)
(-356.24 -125.04 9.42473e-14)
(-1109.74 -251.587 -1.60415e-13)
(733.729 381.96 0)
(1385.21 1090.54 1.93694e-14)
(-1212.43 -169.395 2.81489e-14)
(-456.985 -120.573 2.5939e-13)
(-187.743 -776.907 1.74362e-14)
(-415.099 -41.8561 -4.56576e-13)
(-2716.44 -165.772 1.01854e-13)
(621.088 692.971 0)
(-1114.95 924.873 -4.18573e-14)
(-590.767 384.674 -6.19436e-14)
(-305.238 -703.437 0)
(-1410.4 735.042 1.70439e-13)
(-713.66 -248.359 -3.37866e-13)
(-482.733 -44.5256 1.07673e-13)
(289.271 -312.019 1.12957e-13)
(-1053.2 695.099 -4.95569e-13)
(-32.709 -8.57403 -3.38573e-14)
(167.182 -204.251 0)
(692.426 -151.62 0)
(1717.3 -1652.42 -3.57699e-14)
(-1563.74 739.506 0)
(935.249 407.922 0)
(1489.65 -270.415 0)
(972.643 -1325.25 3.13664e-14)
(-213.202 -516.017 -4.25045e-13)
(-454.745 1623.65 -8.75913e-15)
(-330.162 609.384 0)
(1718.18 213.058 0)
(-136.996 1110.27 0)
(-26.6754 300.354 -4.45667e-15)
(-259.611 -804.85 5.47847e-13)
(1553.35 -998.669 0)
(-604.25 720.098 -1.32395e-13)
(-3873.52 586.338 -3.11461e-13)
(-1526.4 889.943 1.90328e-13)
(1696.37 -1216.35 2.39539e-14)
(-54.6722 196.699 0)
(1719.7 315.487 0)
(-365.584 -1166.01 -1.43841e-14)
(-451.946 -187.591 4.04528e-13)
(612.975 479.291 2.05597e-13)
(626.824 90.0534 4.02329e-13)
(-168.961 -577.227 -2.57345e-13)
(393.007 100.108 0)
(-4489.88 -3495.32 0)
(-241.718 -732.11 0)
(-185.691 858.694 -9.09226e-16)
(-5755.63 2655.86 -1.35176e-14)
(-379.82 1029.34 0)
(-1270.85 -405.312 5.54079e-13)
(535.86 -463.685 -1.50464e-13)
(-1857.7 1046.18 0)
(-756.874 -494.697 -6.79051e-13)
(-1021 -356.559 2.74016e-13)
(-2319.73 -650.085 -1.71106e-13)
(-1012.07 -182.573 -1.3387e-13)
(-3235.41 -1011.89 -6.09985e-14)
(209.492 517.266 1.42497e-13)
(696.452 -104.901 -2.53645e-14)
(-1441.8 218.432 0)
(-1526.36 -860.972 -2.49035e-14)
(-543.171 679.766 -5.54505e-13)
(-647.306 -516.641 0)
(-392.621 -710.867 0)
(-1237.59 87.2685 2.73909e-13)
(-1018.38 -40.6244 3.00604e-14)
(-191.208 13.5731 0)
(-1297.72 -255.567 1.20531e-13)
(-2590.51 382.124 -3.08282e-14)
(1177.35 -451.413 0)
(-3261.53 -663.907 0)
(-907.314 219.21 -2.9104e-13)
(-2785.21 675.91 3.18311e-13)
(-552.213 -103.39 0)
(2483.1 242.833 1.00812e-13)
(-122.137 -572.57 7.89901e-14)
(-143.466 175.174 1.39191e-13)
(-197.692 48.4328 -2.87043e-13)
(-801.74 -71.6055 -3.62546e-13)
(724.831 -936.189 0)
(305.206 502.964 0)
(1051.6 -101.335 2.1436e-13)
(139.901 -332.065 1.98738e-13)
(1950.36 1026.6 0)
(41.6126 -232.65 -4.18106e-13)
(-623.307 -99.0792 1.17223e-14)
(-268.941 586.804 7.58805e-13)
(-331.742 -57.5731 5.95608e-15)
(-377.665 -413.872 0)
(-1005.19 705.269 -2.08797e-13)
(-1894.49 -248.313 -4.1794e-14)
(344.659 559.367 4.47749e-14)
(-132.106 -114.808 0)
(201.789 -976.429 6.92e-13)
(-257.071 -34.4081 -3.91618e-15)
(872.501 87.2684 -4.87652e-14)
(636.162 -38.0888 -3.12564e-13)
(-1007.23 -195.147 4.10347e-13)
(844.765 140.735 4.95074e-14)
(634.101 20.7545 0)
(140.026 -351.06 -2.55751e-14)
(300.282 550.024 -2.80872e-13)
(983.424 764.784 -2.95455e-13)
(2635.69 -323.819 5.67149e-13)
(658.187 -939.66 3.12762e-13)
(55.6306 581.123 0)
(947.849 303.401 7.34297e-14)
(246.556 -491.493 3.72643e-15)
(614.126 274.765 -3.13577e-13)
(783.705 -33.003 -7.2327e-14)
(1019.51 1567.6 0)
(-850.149 -828.858 0)
(1106.06 48.5996 0)
(556.452 -1153.56 5.8775e-14)
(1933.51 952.489 0)
(-1664.53 -75.8959 6.71536e-13)
(1155.46 303.898 -3.09366e-13)
(-614.204 436.881 1.95687e-13)
(587.607 298.419 3.20537e-13)
(16.8881 678.054 -8.36733e-15)
(1632.07 965.342 2.09606e-13)
(196.23 946.382 -2.19022e-13)
(2055.18 -505.286 -4.4943e-15)
(300.883 149.281 -1.5355e-13)
(-726.894 691.749 7.82358e-14)
(594.498 176.099 0)
(-659.394 500.185 0)
(604.567 367.696 4.14483e-13)
(-73.4023 -318.781 0)
(-891.839 -196.628 0)
(-1092.35 -865.672 -2.89336e-14)
(1256.6 308.357 0)
(-407.124 -56.3389 -5.13419e-14)
(-105.225 48.9594 -3.52722e-13)
(778.033 448.11 4.5039e-13)
(-889.65 -20.7475 0)
(424.741 312.479 4.45686e-15)
(-1290.35 -1629.74 5.0303e-14)
(-212.51 -1356.29 -1.65947e-13)
(504.483 -717.584 -5.53144e-13)
(-1766.17 -853.596 0)
(-506.32 934.172 -6.23773e-13)
(-1533.63 1229.6 -7.82107e-13)
(1189.45 1500.28 0)
(27.163 219.014 -1.36092e-13)
(-975.983 518.884 0)
(-437.046 -257.791 -1.44396e-13)
(-740.617 87.2203 0)
(-742.282 262.323 5.69769e-16)
(1121.88 43.6066 2.26096e-13)
(-1676.96 102.36 -6.86963e-14)
(1453.79 -24.0969 0)
(-176.054 162.935 1.36935e-13)
(789.624 481.348 -2.52907e-13)
(1581.08 141.998 0)
(-139.398 -461.203 -1.33162e-15)
(-35.1967 -431.13 -3.61649e-15)
(-423.987 562.681 0)
(-29.3108 207.843 0)
(767.008 14.7033 -4.26476e-13)
(122.93 38.7345 0)
(-84.269 1063.06 0)
(575.264 236.819 0)
(173.664 46.2376 -1.29818e-13)
(-231.891 415.125 -2.66606e-13)
(824.03 -420.198 1.34169e-14)
(-30.5845 754.208 -8.42076e-14)
(-1002.2 8.67356 0)
(636.971 -68.9244 -8.12529e-14)
(105.737 -1192.51 0)
(127.512 -863.309 -6.33322e-13)
(-1114.59 -455.072 0)
(-1014 1977.41 0)
(-131.38 -1999.54 0)
(-151.25 -466.812 -3.71896e-13)
(-132.487 601.437 -4.58055e-13)
(-400.526 -358.988 0)
(-68.1041 339.696 1.03744e-13)
(-201.255 -703.465 1.39443e-13)
(321.929 106.69 3.1221e-13)
(626.365 -128.629 -3.5861e-14)
(-499.965 -17.0828 0)
(-598.253 -399.224 0)
(768.939 -76.3582 1.31767e-13)
(-1959.55 176.834 3.18081e-13)
(488.816 -213.636 9.36102e-14)
(277.747 240.984 -4.69069e-13)
(-129.544 1359.42 2.71896e-13)
(50.0879 -649.516 0)
(438.082 72.7128 6.34406e-16)
(-110.428 -203.14 -2.84916e-13)
(-719.928 -461.206 -7.25534e-13)
(1121.56 266.594 -1.30232e-13)
(-13.8801 159.294 0)
(559.766 -974.32 -1.09145e-13)
(-1208.91 -1293.05 0)
(-624.233 207.381 1.61643e-13)
(106.618 1213.6 -1.42768e-13)
(-994.31 -115.818 5.31449e-14)
(259.148 -574.332 -2.24905e-13)
(-923.759 988.419 6.5172e-14)
(223.097 677.241 4.58122e-14)
(-2077.19 823.438 0)
(4.61873 148.142 4.27239e-13)
(-701.515 -189.783 0)
(-1816.39 -132.894 7.83237e-13)
(-1256.67 -575.997 -2.14625e-13)
(-3374.77 815.763 0)
(-178.135 -536.804 0)
(-95.7319 605.01 2.15265e-13)
(401.902 130.734 -2.75566e-13)
(-1684.41 821.214 1.34482e-13)
(1167.95 87.2825 6.14699e-13)
(50.8597 103.075 0)
(-1127.92 1631.92 0)
(1260.47 77.0554 0)
(1552.68 -1318.92 -1.47167e-13)
(-494.65 572.437 6.56272e-14)
(-1624.06 -1455.72 -4.82125e-15)
(-2050.91 1271.69 2.00076e-13)
(-662.503 -3.56664 0)
(1106.52 -630.801 0)
(-912.156 750.571 -1.7565e-13)
(904.292 758.061 5.2671e-14)
(-1489.58 1068.41 1.15857e-13)
(-1392.15 398.909 0)
(-425.196 50.1484 -1.53218e-13)
(-887.505 67.2647 -7.59264e-14)
(-952.059 673.359 -2.36175e-13)
(-2824.64 327.006 0)
(-787.91 177.58 2.87372e-13)
(-878.082 -128.232 -3.06232e-13)
(-1794.73 -865.705 7.58992e-14)
(-966.684 904.543 4.6024e-14)
(-646.82 -621.597 0)
(60.3196 -968.906 0)
(-1005.82 -1347.16 3.27548e-14)
(-1387.33 665.374 4.19713e-13)
(213.32 702.66 1.69704e-15)
(-541.858 -585.009 1.77957e-14)
(-47.1502 -319.21 -1.75297e-13)
(99.3066 -9.14001 0)
(-586.279 -743.009 -2.49412e-13)
(-370.108 -802.472 -1.36232e-15)
(435.742 -172.167 0)
(-1196.12 632.158 -4.10361e-14)
(1112.8 -779.659 -3.98729e-13)
(1552.8 -316.232 2.7797e-13)
(-480.512 -296.459 2.99937e-13)
(1444.02 530.902 0)
(157.088 -472.527 0)
(109.257 -3.92671 -1.07859e-13)
(496.939 -40.5403 0)
(104.804 544.595 -1.26975e-13)
(-66.7758 -478.859 0)
(18.9649 814.839 0)
(1139.4 401.78 -3.48426e-13)
(221.36 -42.1971 -3.6691e-14)
(1431.1 751.591 2.36159e-13)
(-1241.03 819.334 -4.22818e-13)
(796.184 590.678 -9.29009e-14)
(-582.782 -448.433 1.74989e-13)
(191.545 -555.26 -1.02669e-13)
(195.842 -12.331 1.93251e-13)
(279.401 85.1748 1.87932e-13)
(-786.861 -118.103 -4.78489e-13)
(667.12 -56.7899 -4.34374e-14)
(-783.904 1184.86 7.05735e-13)
(373.909 554.011 1.6316e-14)
(-1486.89 -50.6504 1.85217e-13)
(-604.569 587.705 0)
(-1339.02 1023.33 0)
(245.209 -64.3162 2.5049e-13)
(570.312 -689.285 -4.84237e-14)
(1591.15 668.737 0)
(-2056.05 -1270.14 3.50536e-13)
(-922.764 -84.1411 -1.36648e-13)
(-1659.87 -485.777 3.5262e-14)
(-939.458 -121.987 0)
(-323.585 622.648 -3.507e-14)
(1320.61 1106.79 -1.13977e-13)
(-289.183 581.594 -1.82565e-15)
(-264.011 1040.58 -3.5188e-13)
(1521.44 857.049 -2.76915e-13)
(1106.22 838.633 0)
(881.701 291.545 -7.09543e-16)
(774.891 -612.776 -2.36686e-13)
(-650.988 -563.718 -3.90687e-13)
(-883.078 -561.477 -1.91467e-13)
(-692.92 414.819 -5.12674e-13)
(-2012.44 -460.288 6.20945e-13)
(1390.84 -938.825 1.26142e-14)
(-1674.78 480.149 -2.57734e-13)
(-491.88 510.756 5.29466e-14)
(-324.74 184.582 3.57348e-13)
(-2947.31 -169.442 -6.62207e-14)
(-774.055 -126.68 2.39358e-13)
(-462.182 -53.0998 2.26273e-13)
(-2458.44 145.157 0)
(1994.65 250.442 0)
(1083.1 636.463 6.18137e-14)
(906.467 204.519 0)
(-20.0264 275.117 -5.684e-13)
(564.625 241.352 2.81782e-13)
(5.19932 -175.387 -7.41709e-14)
(-1585.38 239.907 -3.0214e-13)
(-2902.48 -1093.97 -1.29651e-13)
(-3981.28 1482.16 0)
(-1111.5 -218.418 0)
(142.093 2.53573 0)
(-27.9112 228.633 0)
(2102.01 -570.445 4.56881e-15)
(-1177.69 -517.152 0)
(69.741 432.728 -1.53863e-13)
(1612.02 -495.298 7.29713e-14)
(-681.797 247.776 -2.88351e-13)
(643.957 1026.64 0)
(-18.4598 -640.953 4.61022e-13)
(1012.94 1066.56 0)
(1712.98 -982.209 -8.62273e-14)
(-1832.97 95.9351 -5.51906e-14)
(1052.29 -870.91 -6.27137e-15)
(434.536 633.493 1.45447e-13)
(-1162.37 -70.0675 1.40039e-13)
(-2216.92 115.893 1.08372e-13)
(1492.37 -276.343 -4.33601e-14)
(-14.4956 65.494 0)
(-517.836 279.165 0)
(-835.72 244.586 6.16626e-14)
(-319.314 -719.673 0)
(-946.439 -150.734 -3.13281e-13)
(1931.07 -200.579 5.05706e-14)
(86.195 -619.498 -3.77677e-14)
(-930.987 -130.88 2.78599e-14)
(-3705.83 -796.569 2.86269e-14)
(1043.86 -939.208 -1.41914e-13)
(-833.019 -80.4218 -2.36131e-13)
(627.14 1567.83 -9.32221e-14)
(284.449 826.728 6.65122e-14)
(430.917 195.28 -3.19839e-13)
(2243.98 -933.471 0)
(2115.13 -937.32 -1.86732e-13)
(1097.58 -494.09 1.50032e-14)
(709.256 174.56 2.96081e-13)
(766.476 925.287 -4.46991e-13)
(213.817 801.422 0)
(1833.13 -330.601 -3.0447e-13)
(-595.387 469.46 0)
(-907.471 91.015 -4.1978e-13)
(1824.66 325.409 7.3288e-14)
(1546.71 8.98358 0)
(538.616 250.247 9.94025e-14)
(-570.998 -558.739 -5.57622e-14)
(-804.641 265.364 0)
(1754.04 -649.581 0)
(-998.078 819.563 -3.31685e-13)
(433.594 -492.267 -4.42354e-14)
(1685.79 485.607 8.53706e-14)
(-409.282 358.279 -6.02959e-13)
(1265.98 -363.669 0)
(46.403 993.409 -2.15292e-13)
(277.705 645.363 0)
(216.685 -567.947 1.61442e-13)
(-604.797 -240.428 -9.843e-15)
(-371.053 259.666 -3.58888e-13)
(-364.352 -353.937 2.78257e-13)
(214.901 -439.531 1.02477e-13)
(573.568 -485.615 0)
(176.299 -1560.04 0)
(-747.436 -734.279 1.82355e-13)
(916.761 -826.681 -3.58668e-13)
(-1174.62 174.992 2.11401e-13)
(965.983 -344.156 2.38621e-13)
(-681.348 197.728 0)
(-538.105 413.538 0)
(-1205.01 -145.676 1.87863e-13)
(-112.501 170.499 -1.97231e-13)
(758.641 -847.588 0)
(-1316.7 410.106 -6.56529e-14)
(-369.382 -385.254 0)
(-910.517 -258.409 -2.09964e-13)
(1915.11 1150.54 -5.89164e-14)
(-453.639 -486.906 1.33952e-13)
(-536.91 23.0389 -1.13351e-13)
(725.675 -348.912 0)
(33.4849 940.84 -1.29571e-13)
(-905.003 261.153 0)
(-20.6151 -148.86 -1.48766e-13)
(1107.18 182.311 1.71252e-13)
(-1798.74 -103.088 2.84986e-13)
(341.577 10.1581 1.10618e-13)
(-446.608 -173.956 3.97883e-14)
(1152.75 -1361.9 -1.37904e-14)
(410.394 727.696 6.57937e-14)
(677.321 405.707 -9.61791e-14)
(1265.37 1189.48 0)
(-66.9934 342.624 2.04872e-13)
(2812.76 1682.45 0)
(-1617.98 -573.547 -7.44442e-14)
(1359.75 -583.501 2.41644e-13)
(394.991 -849.12 0)
(-2773.85 341.079 0)
(465.009 328.215 1.51296e-13)
(-61.7604 -776.173 0)
(653.623 -304.339 -1.30133e-13)
(296.315 -452.071 1.70065e-13)
(-1031.26 178.171 0)
(-212.134 -423.319 2.24455e-13)
(358.021 -360.068 -3.9621e-13)
(-1028.51 -236.883 -7.26079e-13)
(262.642 48.014 -2.26872e-13)
(940.073 668.224 0)
(-626.407 -149.908 3.49011e-13)
(2333.33 -792.895 2.21142e-13)
(471.575 195.876 2.79707e-13)
(86.5046 491.229 4.7571e-15)
(625.054 -235.915 -2.58117e-13)
(913.918 149.822 2.4048e-13)
(-831.84 -485.483 0)
(-644.662 263.261 0)
(990.929 -537.912 8.59407e-14)
(70.3974 -371.82 -1.42097e-14)
(10.8819 618.885 -6.2268e-13)
(-1549.58 -786.891 -1.09418e-13)
(1292.1 -287.819 -2.27279e-13)
(-277.966 -486.897 -3.81499e-14)
(925.437 -867.604 1.86783e-13)
(704.004 -232.95 -1.95094e-13)
(552.853 208.02 2.16913e-13)
(297.406 127.472 5.67477e-13)
(-1062.84 467.114 1.31064e-13)
(-834.387 235.92 4.27459e-13)
(-1053.07 -150.966 3.23385e-13)
(219.956 307.809 0)
(-1182.57 373.523 -6.6151e-14)
(930.294 555.083 6.16841e-14)
(-508.694 -129.774 5.91293e-13)
(-301.549 -166.931 0)
(98.3531 -836.924 1.13147e-13)
(377.937 -536.487 2.04361e-13)
(1721.3 -71.2709 1.13815e-13)
(-3907.12 -598.446 0)
(-969.146 -312.72 2.30911e-13)
(-2331.51 530.822 0)
(-1097.99 134.803 5.37027e-13)
(-109.326 -485.943 -7.48973e-14)
(220.527 -96.0481 -4.63158e-13)
(-345.463 85.3548 3.28172e-14)
(-195.632 99.7855 0)
(280.226 -807.883 -2.10501e-13)
(1619.1 -29.3274 9.04213e-14)
(170.808 663.02 0)
(-629.179 -59.7733 0)
(216.503 555.326 -6.6622e-13)
(191.419 -1071.81 4.72949e-14)
(-82.4639 718.112 0)
(372.765 -969.669 0)
(1507.5 -167.046 -5.5343e-13)
(-84.3946 169.725 0)
(518.354 288.531 0)
(355.617 -630.068 2.25119e-13)
(1479.71 -572.295 -1.23799e-13)
(1038.6 536.403 4.18537e-13)
(1946.06 292.723 -4.58807e-14)
(840.868 282.578 3.36948e-13)
(-1695.89 166.011 -7.93447e-14)
(344.273 -16.2302 0)
(-10.7187 -382.777 4.57105e-13)
(383.181 -248.816 0)
(2136.43 471.668 1.34847e-13)
(1173.76 467.31 0)
(-1605.25 577.801 0)
(-16.5047 -440.022 -9.59476e-14)
(-363.36 -236.962 -3.27735e-13)
(-17.3603 -8.37036 3.5174e-13)
(-63.099 -711.567 0)
(-90.5408 472.949 -3.99628e-13)
(603.524 489.117 -2.0675e-13)
(-1119.3 -504.292 1.15682e-13)
(-451.213 -216.066 2.48686e-13)
(1438.37 -134.763 6.63259e-14)
(1017.21 181.467 9.42056e-14)
(585.578 767.314 2.78262e-15)
(-221.105 -57.5972 1.17354e-13)
(-369.623 443.549 -1.46879e-13)
(-323.911 522.548 1.60621e-13)
(-2267.2 759.259 -4.29726e-13)
(-23.3189 393.885 1.1618e-13)
(-1127.08 -133.487 -1.50086e-13)
(95.2324 1416.86 0)
(-2349.09 486.511 -2.12772e-15)
(1480.03 444.431 2.29889e-13)
(-353.013 539.786 -3.54563e-13)
(1230.47 280.641 -8.84935e-14)
(456.186 35.8377 0)
(-1295.83 -676.423 -1.24372e-13)
(-837.83 1060.4 0)
(899.537 -1245.08 -1.65269e-14)
(-1069.84 -1258.68 7.45341e-14)
(-1448.56 -9.29747 0)
(-164.988 318.988 4.77038e-13)
(-419.664 -759.774 0)
(-2417.09 -373.567 0)
(-536.591 -18.0329 3.03185e-13)
(-623.511 336.732 -1.43293e-13)
(-1034.34 648.742 -4.25993e-13)
(647.454 -458.865 -2.32267e-13)
(222.89 478.783 7.92428e-14)
(-1448.05 307.646 7.16897e-13)
(155.46 535.439 -4.03013e-13)
(1560.99 -932.438 0)
(-90.9938 1149.05 0)
(-682.21 -162.659 0)
(572.107 -71.6555 -3.69687e-13)
(-2247.94 1358.28 -1.49059e-13)
(332.576 -403.361 0)
(-815.135 -584.424 1.32364e-13)
(1061.01 -23.021 5.29167e-13)
(-250.182 282.969 2.01662e-14)
(2947.59 -1727.95 0)
(-358.632 610.065 0)
(-266.031 -465.079 -5.68029e-13)
(2916.19 1601.66 0)
(-235.216 212.018 -1.64362e-15)
(-2128.13 533.308 -1.73295e-13)
(-1530.35 518.769 -1.76113e-13)
(1042.29 -132.708 1.73989e-13)
(158.456 187.038 -8.07975e-14)
(-1142.32 51.695 8.06172e-15)
(1362.21 -141.294 5.46919e-14)
(-1477.56 -437.79 5.05349e-13)
(1583.7 -1943.62 0)
(-2594.11 1446.28 0)
(-120.758 539.409 -4.66051e-13)
(-181.015 -664.401 1.03191e-12)
(-1012.28 -232.467 0)
(-592.069 -229.028 2.5955e-13)
(-198.238 521.877 -1.71834e-13)
(-998.897 127.827 3.95968e-13)
(862.079 195.111 -6.99178e-14)
(596.373 -438.529 6.97398e-15)
(1128.22 42.4508 0)
(-784.863 50.4371 2.66265e-13)
(-765.529 -650.251 -3.30301e-14)
(-150.897 -625.38 1.08805e-13)
(-1232.58 -323.851 -7.55925e-14)
(-665.689 -365.108 3.09837e-13)
(859.327 142.707 -3.20095e-13)
(-511.466 646.895 0)
(902.938 -96.5974 4.151e-13)
(-1826.29 -196.248 0)
(994.544 -1157.78 0)
(567.075 -324.765 -1.11335e-13)
(722.396 132.618 6.59887e-14)
(127.571 196.288 -2.99215e-13)
(55.9869 -158.147 9.97734e-14)
(1128.1 -303.944 0)
(-626.031 -149.744 -3.25456e-13)
(709.442 277.258 1.46368e-13)
(1333.94 283.202 -3.85512e-14)
(-962.504 -275.728 2.18446e-13)
(-1030.31 233.33 9.879e-13)
(419.603 199.58 2.02812e-13)
(249.431 572.407 0)
(170.081 403.031 1.1609e-13)
(270.897 626.589 0)
(-539.393 -341.482 0)
(-1145.6 266.428 -8.87846e-13)
(-2188.82 -821.652 0)
(-1054.86 -213.98 0)
(-2052.98 -545.39 -1.54188e-13)
(-943.878 523.146 2.23692e-13)
(-3391.56 -111.143 0)
(-1554.18 -796.901 -2.30493e-13)
(608.07 254.634 -3.40482e-13)
(-93.331 -500.583 -1.27081e-13)
(-974.563 641.457 -2.38235e-13)
(297.235 475.714 0)
(909.261 388.334 0)
(-274.694 -26.6995 -3.45374e-14)
(204.919 -1729.54 6.54887e-14)
(741.469 -963.337 9.38614e-14)
(419.016 338.33 3.31929e-13)
(1113.74 -425.089 3.71216e-14)
(-835.424 1030.72 -8.45161e-14)
(-676.199 -102.471 -6.27297e-14)
(-53.9718 252.801 0)
(345.344 -129.311 1.70431e-13)
(-279.705 -161.778 3.71535e-13)
(659.333 -121.373 -6.92412e-14)
(247.506 -130.662 0)
(-919.908 168.157 3.35313e-13)
(-1709.72 1085.28 -2.99878e-14)
(53.2419 191.906 6.5405e-16)
(273.595 866.421 0)
(-420.859 1095.19 8.19374e-14)
(2307.52 122.658 2.61842e-16)
(199.456 380.475 1.84721e-13)
(1198.49 25.692 2.15672e-13)
(-1332.92 -279.349 -5.00249e-13)
(-322.384 -492.155 0)
(-1411.54 241.427 -1.93784e-13)
(-419.218 252.594 1.80789e-13)
(-455.723 40.0319 0)
(1093.02 452.859 1.18921e-13)
(-1082.75 -929.424 -3.26029e-13)
(266.173 8.7996 5.79474e-13)
(591.414 -524.62 -3.15758e-13)
(-2054.9 1192.14 -1.47157e-14)
(620.776 249.826 1.63906e-13)
(157.684 176.319 0)
(-2904.98 -446.387 3.19001e-13)
(60.3599 -856.895 3.31566e-13)
(1333.89 483.942 -2.66504e-15)
(164.761 140.596 0)
(296.485 704.432 0)
(718.32 508.857 0)
(409.983 54.0649 0)
(-325.545 -499.548 0)
(713.114 -431.762 -1.06731e-13)
(-1719.9 732.565 1.15306e-13)
(-1264.48 -437.606 -2.43081e-13)
(2011.15 -318.277 0)
(566.748 617.003 3.12533e-13)
(434.817 63.6693 1.25864e-14)
(704.79 -960.6 -2.66649e-14)
(-70.0034 99.6761 2.48608e-13)
(1904.03 -540.023 1.24035e-13)
(977.808 -920.057 0)
(-1168.89 423.047 -1.58375e-13)
(-1191.63 -1402.22 0)
(1320.28 45.7213 0)
(-604.454 148.724 -6.09731e-15)
(370.444 7.76593 2.07362e-13)
(197.435 -269.081 0)
(1313.63 648.055 0)
(380.349 656.961 1.54691e-14)
(449.212 85.3247 0)
(386.288 241.599 6.49735e-15)
(-46.2174 -407.345 -1.98013e-13)
(65.8371 -100.409 0)
(689.573 -160.38 -2.09247e-13)
(621.422 879.91 -1.76439e-14)
(195.634 -46.7302 -5.0586e-14)
(1519.61 217.357 -5.64596e-13)
(1175.16 217.03 -2.2139e-14)
(445.813 152.173 2.53309e-13)
(1462.48 -41.1741 4.08137e-15)
(701.311 -230.134 -5.10817e-14)
(1197.88 805.687 -8.49901e-14)
(20.0165 223.835 7.45712e-13)
(-629.036 871.817 -2.9884e-14)
(1618.2 -79.4669 3.39827e-13)
(956.3 -615.92 0)
(-504.18 -1236.14 -4.50954e-14)
(-822.78 746.538 1.77266e-13)
(-161.266 -661.751 2.74134e-13)
(-1570.17 -273.867 -6.11434e-14)
(-1875.07 -687.137 5.49158e-14)
(817.653 136.235 -9.11152e-16)
(-705.359 324.462 -1.06496e-13)
(1192.7 681.93 -1.17553e-13)
(-259.304 441.096 0)
(-1101.68 -248.518 0)
(-1677.43 416.766 4.10323e-13)
(-841.023 499.023 4.72478e-14)
(342.937 941.122 -8.89624e-14)
(1085.04 -1545.16 -6.17827e-15)
(-34.5025 1180.64 5.57256e-13)
(383.747 673.343 -6.55138e-14)
(112.439 -796.486 -1.0104e-13)
(413.751 -425.102 -1.67544e-15)
(401.922 -235.49 0)
(75.0455 200.487 2.81418e-13)
(-176.712 100.984 -9.28253e-14)
(-1895.36 -212.447 0)
(2207 -498.019 -2.95785e-13)
(-1264.55 303.357 -3.12366e-13)
(794.394 185.822 0)
(-377.015 248.78 -1.85708e-13)
(-2684.42 438.527 -3.5903e-13)
(-2579.89 233.741 2.01534e-13)
(-886.278 1185.18 -1.95142e-13)
(1136.5 -79.7967 0)
(531.477 409.091 0)
(534.011 89.6579 0)
(-1046.41 -849.796 0)
(348.167 203.348 3.7392e-13)
(-605.678 244.939 -1.96446e-13)
(-1023.72 -422.331 -3.58646e-13)
(-2030.77 -75.0439 0)
(1379.4 76.1038 1.76783e-13)
(1033.23 704.015 -3.12646e-13)
(2533.99 -691.338 0)
(-1904.17 -357.311 -3.79569e-13)
(-193.918 -19.6391 0)
(-1287.21 -924.093 -2.55108e-13)
(277.527 -1886.24 -1.68568e-13)
(-624.745 -116.303 0)
(-773.26 425.13 2.86531e-13)
(120.567 -1358.51 0)
(433.845 738.088 0)
(491.699 -142.136 1.11605e-13)
(1342.57 361.485 -2.95199e-13)
(-1670.83 -482.596 4.63337e-15)
(117.739 -626.779 0)
(1304.15 -82.3154 3.86686e-13)
(-197.769 380.806 -5.16098e-13)
(429.285 2.35598 0)
(653.666 -79.4477 3.44024e-14)
(-6.70472 1065.53 0)
(1632.72 -322.952 0)
(-2374.77 -338.329 -8.54468e-15)
(172.083 950.712 -7.68817e-13)
(-314.996 575.81 -3.82331e-13)
(-2224.56 -445.754 2.0177e-13)
(-633.727 -81.969 0)
(1389.01 -245.919 3.39017e-13)
(375.856 291.217 -2.75072e-13)
(-209.61 275.858 2.29122e-13)
(916.838 -284.236 4.12995e-13)
(-1212.26 -133.487 0)
(94.022 38.4468 3.84351e-14)
(245.901 162.532 -2.84138e-13)
(-1610.3 -164.306 2.38484e-13)
(-259.029 788.011 0)
(-2098.19 -814.116 0)
(-1324.75 111.305 0)
(2127.48 125.424 -3.03677e-14)
(-1353.62 -473.034 -3.40036e-13)
(-2147.63 -72.1073 0)
(-1432.45 111.002 0)
(699.689 469.782 1.76732e-13)
(1384.44 -197.524 2.47016e-14)
(162.275 1086.22 6.9005e-13)
(-64.0632 -430.59 -6.09909e-14)
(-1204.4 310.91 9.33375e-14)
(-965.124 -114.26 -2.22538e-13)
(-393.887 -398.341 0)
(-1849.71 -305.497 0)
(-531.272 -181.38 3.85453e-13)
(724.142 -333.524 2.76141e-13)
(-359.126 463.846 5.28162e-14)
(-434.915 151.938 6.39432e-13)
(-1004.08 -282.977 5.88987e-14)
(677.963 511.534 0)
(-93.7447 7.49543 0)
(-1494.82 181.423 0)
(-395.696 -821.304 -2.34999e-13)
(-407.907 -342.14 5.22408e-14)
(-541.517 792.618 -5.21047e-13)
(-263.512 360.351 0)
(-21.6916 145.25 -4.33859e-13)
(-1244.74 -1379.59 -1.44609e-13)
(162.559 -45.6309 0)
(-958.502 -795.03 3.01337e-13)
(-867.197 345.39 4.04334e-14)
(1185.91 -714.818 -2.5601e-14)
(-2812.76 -137.246 4.82274e-13)
(-1381.17 -405.632 0)
(-2013.44 -1050.51 1.28517e-13)
(-1621.89 -481.251 -2.29577e-13)
(-914.729 286.526 -4.96531e-13)
(758.169 375.483 -2.50422e-13)
(903.371 180.437 4.64094e-13)
(-242.854 426.248 3.24813e-13)
(100.719 -1271.26 0)
(-2651.29 -200.485 1.11283e-14)
(-168.775 -289.459 5.6843e-13)
(1707.68 663.506 0)
(-235.333 -920.021 0)
(3182.99 -905.065 0)
(-296.877 847.38 0)
(1456.52 -453.53 0)
(308.613 -648.52 0)
(2870.51 115.948 -5.43424e-14)
(-313.902 87.8033 0)
(3143.15 565.252 5.78679e-14)
(1995.72 -661.789 2.02421e-13)
(1088.31 -498.836 0)
(1381.92 58.0909 0)
(187.167 703.183 4.91369e-13)
(-166.29 -1008.38 0)
(-449.252 241.056 -1.33908e-13)
(-156.421 -1277.6 0)
(-1722.81 -1824.58 -4.1986e-14)
(-919.069 549.552 0)
(-384.465 236.928 2.39108e-13)
(577.219 -827.249 0)
(-1349.63 -617.699 4.31013e-14)
(958.977 -54.4816 -4.24851e-13)
(142.082 -36.8744 0)
(-1260.13 -1298.41 1.42012e-13)
(-945.7 -2439.2 0)
(-231.996 -1541.35 0)
(-1187.6 766.369 0)
(-1688.92 532.425 0)
(-613.183 969.684 5.7987e-13)
(-328.72 -927.115 2.22763e-14)
(-714.406 -711.86 -1.02321e-12)
(857.886 574.691 2.06827e-14)
(617.888 701.363 0)
(352.258 535.496 -3.5546e-13)
(320.459 -918.657 -6.54671e-14)
(-1210.15 -299.465 4.48384e-13)
(28.5201 321.892 0)
(-519.598 566.64 -1.36029e-13)
(-1416.87 1256.73 1.77594e-13)
(-1396.77 290.737 -9.21792e-14)
(-728.227 123.341 9.53166e-14)
(-844.716 -384.902 0)
(-991.44 -147.603 3.78585e-13)
(202.997 390.795 4.55269e-14)
(217.844 261.336 -2.2699e-13)
(-1021.19 -417.749 -2.75536e-16)
(1324.01 -191.623 8.41152e-14)
(2374.32 331.987 0)
(37.6582 191.511 0)
(-778.788 -837.81 0)
(-54.289 -1287.49 -5.40574e-13)
(-929.825 510.901 2.30877e-13)
(-2027.6 -805.667 -8.49057e-14)
(219.604 -465.958 -2.08956e-13)
(583.234 1774.88 -7.91561e-14)
(-1420.56 -121.463 -1.28965e-13)
(705.883 591.216 8.37933e-14)
(-1107.74 -147.979 0)
(-2127.45 256.544 -1.52893e-15)
(330.574 -454.24 0)
(1204.24 -650.306 6.38336e-14)
(641.039 527.071 0)
(1204.57 -30.303 4.9967e-13)
(228.039 413.802 -1.5337e-13)
(769.581 -2000.15 -2.67306e-14)
(-2124.98 -319.298 -8.37713e-13)
(-1169.44 764.791 -2.46e-13)
(119.517 614.422 0)
(-817.822 498.235 -4.0752e-13)
(-694.674 1153.23 4.85163e-14)
(1134.71 50.244 0)
(918.807 -257.388 0)
(1922.59 470.007 -8.77371e-14)
(646.529 -774.256 -2.13609e-13)
(-1123.21 68.2699 1.86518e-13)
(570.452 159.146 -9.98276e-14)
(-533.982 311.921 0)
(99.5124 10.2 0)
(486.156 -69.8198 -8.18623e-13)
(263.102 -4.21407 -7.12673e-13)
(2708.26 -131.975 1.54216e-15)
(764.93 -158.125 -6.77704e-14)
(-266.15 -710.507 0)
(-274.365 1118.62 -6.84074e-13)
(54.5844 307.608 1.13237e-13)
(942.225 -418.637 -1.5827e-13)
(-237.556 654.653 0)
(126.626 1327.16 -2.81289e-13)
(-2212.05 371.137 -2.21388e-13)
(599.581 1055.31 1.08326e-15)
(-943.03 135.717 0)
(-879.706 526.093 0)
(-1078.13 243.148 1.88335e-13)
(-936.287 -1281.73 -4.03918e-13)
(-111.544 -305.966 6.31612e-13)
(-2760.88 254.236 0)
(1088.16 656.659 8.20639e-17)
(-161.6 1655.86 -2.98348e-13)
(1040.13 586.343 2.0681e-13)
(867.737 -296.118 3.04139e-16)
(1292.52 -89.9334 4.90876e-13)
(-744.079 395.853 7.30885e-13)
(2239.32 -25.5473 -8.68166e-15)
(-1015.6 -455.75 -4.1159e-13)
(302.214 -316.396 5.9305e-14)
(-440.707 472.935 -1.55727e-13)
(-39.6509 -805.824 -4.21481e-13)
(-365.476 -283.248 7.43417e-14)
(-172.979 -725.55 -5.37826e-13)
(-2093.54 -958.681 0)
(-339.064 1096.27 2.98558e-14)
(-408.41 637.297 -7.30138e-13)
(271.863 949.588 1.39521e-13)
(1078.8 -218.761 0)
(746.09 167.812 0)
(-1686.7 -159.043 6.80139e-13)
(-477.263 -99.4014 0)
(-437.054 576.577 -2.78787e-13)
(-300.52 -771.099 1.52446e-16)
(859.695 -635.181 -3.00475e-13)
(601.716 -213.156 3.31971e-13)
(1230.63 -781.779 4.2928e-14)
(153.755 345.098 -2.48269e-13)
(515.517 297.906 -2.2021e-13)
(-857.759 -33.272 7.03283e-14)
(843.585 117.356 2.20696e-13)
(-275.372 -582.246 1.06287e-13)
(1079.15 -205.878 -2.39471e-13)
(892.731 -64.7437 -3.34487e-13)
(325.003 -346.299 0)
(1184.88 -1.01911 -1.45409e-13)
(622.013 -218.489 -3.76017e-13)
(1383.27 485.704 0)
(889.928 416.553 -6.52249e-14)
(1867.29 -361.513 2.34299e-13)
(363.389 293.321 -8.37437e-14)
(-38.4555 968.593 1.85462e-13)
(207.724 -86.2644 4.68434e-13)
(1162.44 -147.231 2.82332e-13)
(-2739.27 -724.681 -5.40292e-14)
(57.0952 56.8055 0)
(1189.55 -82.779 -4.25948e-13)
(-1340.7 -819.301 1.99213e-13)
(630.616 -156.112 -1.73309e-13)
(-1392.58 76.4435 -6.0072e-13)
(-618.112 -43.7221 3.02804e-13)
(-408.671 -371.941 5.62684e-14)
(-87.2802 109.258 -2.58797e-13)
(891.463 -1115.61 9.67771e-14)
(1380.96 0.791701 0)
(49.1382 377.451 0)
(1183.33 141.359 0)
(315.092 -475.482 -3.33623e-14)
(-1217.41 393.177 -2.57819e-13)
(-2345.47 -643.765 0)
(587.661 212.793 1.46475e-13)
(-121.525 595.002 -5.55545e-14)
(-85.5278 191.812 2.49848e-13)
(-667.582 -280.222 -4.67378e-13)
(-1823.15 377.231 2.32283e-13)
(-460.736 267.851 -1.25708e-13)
(276.785 749.783 4.93443e-13)
(2933.07 -798.007 -1.52731e-13)
(-381.534 452.846 0)
(1129.82 -1111.48 0)
(451.091 99.5543 4.74201e-13)
(118.272 777.554 6.27327e-13)
(1326.89 173.055 3.62858e-15)
(550.49 1019.59 -6.16365e-13)
(690.536 1715.56 -1.14415e-13)
(375.808 -517.527 -3.21313e-13)
(551.402 -37.6416 -5.63644e-13)
(-1117.71 -993.902 7.3099e-14)
(-20.7052 -1453.74 0)
(157.744 143.014 -6.09337e-13)
(248.198 148.666 1.76764e-13)
(-607.414 -456.932 -6.86683e-16)
(-486.208 607.138 -9.47992e-14)
(1377.05 443.45 1.24314e-13)
(-411.212 -875.397 0)
(441.881 422.834 1.67426e-15)
(-237.16 -80.4606 3.87302e-14)
(1573.59 -165.685 -1.13648e-13)
(120.938 1121.3 1.40763e-13)
(825.391 261.854 2.78147e-13)
(557.123 34.9545 -1.44456e-13)
(-149.236 28.301 -4.47361e-13)
(-724.494 70.2865 1.28738e-14)
(-579.417 -259.648 -1.42221e-14)
(-121.821 56.4299 -1.15179e-13)
(-122.65 149.85 9.83401e-13)
(-4328.87 -796.386 3.89957e-14)
(-4353.06 785.22 0)
(-24.1679 -105.055 0)
(109.818 939.902 -1.70096e-13)
(-547.416 -657.855 -1.54892e-13)
(861.634 199.936 -7.19809e-14)
(-394.836 189.188 6.33547e-13)
(576.42 -255.277 0)
(-1388.39 612.999 4.75609e-13)
(-1237.16 -66.0108 -1.19642e-13)
(126.669 724.755 0)
(204.615 245.398 -2.00425e-13)
(-1191.19 976.36 2.1277e-13)
(-1554.07 -318.258 -3.05963e-13)
(-3337.89 810.527 0)
(-5483.25 -686.146 0)
(-808.488 523.172 0)
(-739.086 -389.222 1.74663e-13)
(1438.38 454.826 -1.12191e-13)
(-1140.07 173.993 1.42885e-13)
(-46.2478 -168.152 0)
(1564.15 -226.927 -9.5468e-15)
(500.182 -466.719 0)
(-159.65 1049.28 0)
(-1736.09 1241.03 -7.73473e-14)
(-2095.52 -954.522 -5.37372e-14)
(-205.916 776.638 -6.34957e-13)
(-279.634 -550.411 0)
(-826.075 382.911 -9.40494e-14)
(80.8585 171.674 1.49886e-13)
(758.483 396.826 -1.91601e-13)
(-842.654 -177.528 0)
(-752.188 1229.7 -1.9705e-13)
(936.057 183.358 0)
(681.014 856.499 2.88905e-13)
(-1404.69 -1186.62 4.31813e-13)
(-397.876 26.5051 -3.74538e-13)
(68.5152 434.591 1.38515e-13)
(557.35 157.557 1.26459e-14)
(431.16 214.219 -3.73916e-13)
(1474.62 347.251 1.82292e-14)
(372.988 -444.957 0)
(-188.903 1187.53 3.06573e-13)
(2024.23 1000.41 -4.53112e-15)
(-24.9231 762.679 0)
(847.479 76.7945 -3.00356e-14)
(-479.956 156.992 -5.45909e-13)
(-718.645 285.35 9.85114e-14)
(-612.295 607.121 2.78224e-13)
(-2288.27 -202.536 0)
(-1451.5 -180.603 -4.88561e-16)
(-2271.03 325.056 -2.58847e-13)
(-145.504 -396.486 -1.27287e-13)
(869.144 -1312.12 -3.71589e-14)
(465.233 635.904 -8.30284e-13)
(-1641.35 1179.17 2.59388e-13)
(-801.076 -1512 -1.48657e-13)
(1562.03 -1101.4 0)
(-283.994 -623.774 3.13701e-14)
(634.677 479.559 6.19905e-13)
(892.461 -8.97559 -1.20019e-13)
(-1475.61 -663.712 -2.48362e-13)
(-1333.27 -274.867 -5.39358e-16)
(306.875 393.985 4.88841e-15)
(573.054 181.122 -2.81228e-13)
(722.229 -63.7275 -5.3077e-14)
(-265.816 629.18 0)
(-1215.12 329.009 -5.60983e-13)
(-444.135 -217.783 3.33216e-14)
(5.79289 -619.053 0)
(-1694.13 387.482 2.43862e-13)
(-989.367 71.1384 -5.33274e-13)
(413.316 1211.71 2.98907e-13)
(-1508.51 -728.411 0)
(-539.674 185.429 0)
(-1159.96 660.698 0)
(-788.207 -530.125 1.89526e-13)
(-2.29214 -44.1797 3.00012e-13)
(235.571 228.17 1.51733e-13)
(54.1671 -797.515 1.42811e-14)
(1928.68 50.3317 -2.65269e-13)
(251.131 381.7 -1.43118e-13)
(-1417.94 510.496 -1.99528e-13)
(643.778 1240.95 -1.38264e-13)
(1358.06 -451.646 -1.53158e-13)
(-487.388 66.524 0)
(518.91 -433.248 4.95233e-14)
(-759.636 -221.797 0)
(-563.788 -28.8274 -7.95482e-13)
(-45.4665 1558.7 -6.09534e-13)
(-1231.27 538.628 0)
(-23.0506 -36.7526 0)
(885.634 -215.841 3.06585e-14)
(-152.541 209.671 0)
(623.075 -1080.49 1.13513e-13)
(540.86 -608.614 1.13122e-13)
(284.125 11.6909 -2.28218e-13)
(-703.022 132.741 1.72552e-13)
(-2068.57 443.556 2.01513e-13)
(973.863 -703.889 0)
(265.479 920.009 0)
(-1017.77 409.494 -4.11725e-14)
(-358.611 495.313 -2.75218e-13)
(1836.05 183.837 0)
(-1328.05 -463.114 0)
(451.848 211.136 2.1099e-13)
(632.816 -311.732 0)
(-191.044 32.5444 4.408e-13)
(-779.131 118.381 -7.95884e-13)
(1287.25 -60.7062 -1.45184e-13)
(-178.811 244.02 1.16411e-13)
(-1281.02 50.9225 -2.79893e-13)
(-399.03 444.319 0)
(-235.72 -278.659 -3.1816e-13)
(-868.632 231.269 -6.72698e-13)
(-2309.82 -625.193 -1.29058e-13)
(-148.702 -51.539 -2.18524e-14)
(24.8458 -271.032 0)
(-256.567 600.747 4.82941e-13)
(-1017.9 -532.248 2.10903e-14)
(871.953 -543.752 7.77353e-14)
(1139.26 -16.8107 2.61447e-13)
(630.493 8.3972 5.49389e-13)
(1631.78 562.103 -1.08449e-13)
(258.018 654.67 5.47395e-13)
(181.591 382.081 0)
(143.044 -160.974 -2.89459e-13)
(2479.78 -356.635 3.99914e-14)
(676.578 219.552 -2.56979e-13)
(-7.0533 -564.123 -1.26615e-13)
(-5.99166 1451.31 5.82616e-13)
(-103.777 282.521 -2.43114e-14)
(261.261 22.7996 4.00405e-13)
(-349.715 150.109 -5.3658e-13)
(-509.994 1138.36 0)
(393.284 939.226 0)
(-247.035 -101.66 -2.7221e-13)
(-394.533 73.6197 2.88662e-13)
(-53.2789 -551.171 -1.032e-13)
(752.28 -295.271 0)
(-1206.47 -194.912 0)
(-919.259 -721.165 0)
(-332.831 -736.418 1.78039e-13)
(-1961.79 1409.85 0)
(1032.81 659.781 3.47966e-13)
(550.603 1065.18 0)
(489.418 -474.71 0)
(-228.223 501.456 -1.86828e-13)
(114.778 -981.378 3.91413e-13)
(3.64644 1171.48 5.79704e-15)
(-825.55 83.8865 0)
(-61.3553 -481.108 0)
(-1190.7 519.878 0)
(-1033.01 714.411 3.53883e-13)
(538.984 -33.03 -4.99148e-13)
(306.34 422.915 3.75582e-13)
(-562.332 13.7788 0)
(-815.166 -1525.71 1.43273e-14)
(-1496.15 330.817 -1.64782e-13)
(-487.613 -337.987 -2.92349e-13)
(-358.969 955.903 -5.11196e-14)
(-532.33 1108.35 -1.02164e-13)
(-81.12 500.415 0)
(496.075 701.005 0)
(-166.485 272.099 4.81416e-13)
(-742.202 147.497 -2.4141e-13)
(551.605 -1050.97 -5.11534e-14)
(907.165 77.2473 9.68622e-14)
(886.646 1129.41 -5.08474e-14)
(-741.013 -494.519 0)
(667.363 692.818 0)
(86.8343 475.021 5.76024e-13)
(3201.23 -523.059 -1.00658e-13)
(918.551 -630.437 1.10293e-13)
(-810.447 -501.023 5.68824e-13)
(-301.834 506.331 -1.21857e-13)
(-311.21 215.117 -1.74558e-14)
(-179.051 -629.033 0)
(-1142.86 -931.463 -1.3271e-13)
(-191.702 -428.502 -1.22502e-13)
(-1318.43 2.78781 7.85779e-14)
(-2329.3 -497.499 6.82447e-14)
(-1223.7 922.249 -2.2083e-13)
(-929.918 10.9522 0)
(-412.526 389.815 4.363e-14)
(419.975 -738.581 -7.5406e-14)
(-572.968 -222.411 0)
(444.714 639.173 1.59179e-13)
(774.15 -1357.21 2.66483e-14)
(497.603 554.454 5.23535e-13)
(-363.639 -1175.54 -1.07424e-13)
(-100.495 470.919 -4.59127e-13)
(-491.017 1557.36 3.70183e-13)
(-96.4383 7.80803 -2.18298e-13)
(-3203.95 -803.661 0)
(-814.557 412.924 0)
(-254.335 391.782 0)
(-1015.95 -282.942 0)
(-236.733 276.8 1.48184e-13)
(146.162 115.135 -3.38845e-13)
(-914.97 -17.2484 1.4328e-13)
(1924.24 -528.46 2.47175e-13)
(-1028.37 -32.7851 0)
(899.606 -595.379 1.20138e-13)
(-586.162 530.213 1.72641e-13)
(75.5799 -231.04 4.98114e-14)
(117.942 -45.6561 0)
(-921.223 106.308 0)
(-595.532 -367.024 6.34544e-14)
(-954.567 232.342 -3.49658e-14)
(-1057.02 -182.688 -6.26078e-13)
(192.479 419.017 -2.36546e-13)
(-68.4524 -163.605 0)
(-1122.69 -339.878 4.21079e-13)
(327.091 546.93 4.4572e-13)
(-2091.06 -48.2386 -7.06546e-14)
(-356.629 -305.62 0)
(275.774 82.9754 1.16621e-13)
(802.523 -41.959 5.9984e-14)
(1138.75 -23.5332 0)
(77.7184 279.673 0)
(790.638 -267.682 -1.1975e-13)
(-665.454 6.47013 0)
(430.82 897.874 0)
(-376.656 -786.787 0)
(421.248 -50.2464 -6.85806e-13)
(144.562 290.075 -3.93304e-15)
(436.504 1158.63 -3.16397e-13)
(78.201 -382.692 5.41431e-15)
(536.02 166.578 3.81896e-14)
(-714.894 -495.499 -7.75035e-13)
(-1109.22 -92.6255 1.52792e-13)
(-93.2865 -1148.89 -1.54956e-13)
(179.645 426.775 1.29214e-13)
(1069.65 214.235 0)
(539.594 -1313.64 2.92181e-14)
(-206.547 -687.479 9.8376e-14)
(-88.6091 192.454 0)
(356.42 -1721.38 0)
(-516.271 -217.455 -2.35429e-14)
(-4.1642 -357.739 0)
(-9.17311 413.956 -4.87925e-13)
(-232.548 199.041 -2.34472e-13)
(-397.977 366.924 -9.79376e-14)
(516.443 62.4955 2.25657e-13)
(-1513.88 1283.02 0)
(-845.054 -71.0718 0)
(-264.274 -98.9826 0)
(126.703 45.9121 0)
(541.118 -701.113 8.46581e-14)
(-687.31 380.257 0)
(1475.02 -81.0464 0)
(-2334.29 773.248 -1.36113e-13)
(-109.867 -134.227 -3.50613e-13)
(836.348 1093.17 7.81008e-16)
(286.971 33.0601 2.97156e-13)
(1785.63 430.578 -4.70438e-14)
(731.138 262.455 -6.15749e-14)
(1704.35 -457.706 -1.47898e-13)
(445.405 353.63 0)
(495.54 -17.7183 4.76619e-14)
(-792.554 259.048 -1.32359e-13)
(-312.186 75.8058 0)
(1712.55 546.584 -4.34872e-13)
(314.792 1341.09 0)
(-2872.23 -378.056 0)
(1638.61 -318.723 -2.28135e-14)
(1472.44 320.764 1.70796e-13)
(2210.91 -606.389 1.00267e-13)
(1650.01 1085.86 -3.14252e-13)
(-335.944 -881.493 0)
(-45.7846 848.804 -4.83956e-13)
(-241.856 200.298 2.57119e-14)
(2463.71 14.4586 0)
(-370.223 381.592 3.62479e-13)
(1589.43 -622.923 0)
(99.0422 499.612 1.17613e-13)
(836.477 516.679 0)
(613.153 568.815 0)
(1156.61 -1904.79 -1.52578e-15)
(147.446 628.858 0)
(385.313 -304.845 4.69623e-13)
(849.541 35.1317 0)
(-396.918 -517.408 5.04637e-14)
(-78.5699 1099.61 2.8974e-13)
(152.204 854.115 -3.46234e-13)
(438.655 -152.298 -2.15766e-13)
(553.292 -488.393 1.99455e-15)
(1342.69 202.083 0)
(-562.554 -307.342 -2.76284e-13)
(928.443 571.453 0)
(315.862 160.35 -1.25314e-15)
(-134.669 755.583 -2.70805e-13)
(501.236 -189.793 -1.14932e-14)
(575.622 642.545 -5.4275e-13)
(917.988 169.632 1.19767e-13)
(-662.639 -166.43 -3.81298e-13)
(-991.905 -489.752 -2.84821e-14)
(-2464.45 -519.799 0)
(-1500.95 69.4569 0)
(-838.874 29.6417 8.50673e-15)
(24.3389 -254.757 0)
(148.459 366.691 2.7842e-13)
(841.384 -47.7617 -4.22828e-14)
(-331.442 75.3487 1.49833e-13)
(445.479 10.8426 -2.13576e-13)
(707.665 671.982 -5.2314e-13)
(1819.94 124.869 4.07695e-15)
(670.697 1018.43 0)
(580.817 92.3631 0)
(211.718 66.6093 0)
(-2715.73 276.524 -2.17638e-13)
(84.6643 -740.131 -5.73148e-14)
(-66.7497 1108.32 -4.88577e-14)
(709.206 -394.12 -3.13296e-13)
(-2237.17 -121.082 1.98261e-13)
(242.606 -732.857 0)
(-2672.75 -111.031 -1.74327e-13)
(115.551 138.624 0)
(-322.167 197.644 -1.2223e-13)
(43.6695 -354.031 -2.83464e-13)
(-994.651 -685.085 0)
(-842.999 14.1691 3.01363e-13)
(-903.206 -142.938 2.31383e-13)
(-428.496 355.064 0)
(-1516.95 -1224.13 5.74973e-15)
(-157.836 1103.24 1.05862e-13)
(583.443 -21.4702 4.31733e-13)
(1163.26 650.704 -1.07321e-14)
(389.42 283.074 -1.61539e-13)
(-1259.94 87.1648 0)
(-325.743 -437.685 2.95808e-13)
(349.04 -499.823 6.91478e-14)
(249.542 169.96 0)
(819.522 90.4054 -4.57218e-14)
(-851.208 451.338 2.21446e-13)
(-140.292 608.134 -1.18728e-13)
(971.269 -472.834 -6.89506e-14)
(900.837 -114.544 1.09598e-13)
(-139.546 235.954 4.52323e-13)
(-135.067 -579.649 1.75419e-14)
(-579.548 -1088.86 8.25219e-15)
(208.704 615.565 0)
(291.762 -1486.81 -6.81772e-14)
(-1259.79 -326.76 -1.22623e-13)
(2874.15 -65.8286 -5.5545e-14)
(-361.82 774.149 0)
(455.677 622.269 -2.12857e-13)
(-232.998 -66.7077 2.38481e-13)
(608.788 355.377 0)
(511.219 87.2157 -3.61973e-14)
(302.408 -587.31 1.3969e-13)
(292.118 500.843 -1.62585e-13)
(327.141 -86.6412 5.75743e-14)
(354.798 -64.3103 0)
(-1135 690.584 -2.22228e-13)
(-1158.65 -196.901 6.66712e-14)
(-1072.7 -299.666 2.89465e-13)
(-3777.97 949.597 7.49211e-14)
(465.063 -552.698 0)
(-1354.45 413.017 5.14554e-13)
(-2333.46 -493.427 0)
(101.58 150.471 2.87298e-13)
(-588.689 -455.856 0)
(-334.991 411.635 3.45616e-13)
(-575.524 206.087 1.64621e-13)
(162.202 -350.835 4.94964e-14)
(-691.078 286.709 6.35464e-14)
(-1995.19 -520.096 0)
(-379.396 157.097 1.38628e-13)
(-289.691 639.106 0)
(1454.74 813.65 0)
(1904.87 -29.494 -6.55784e-15)
(532.691 -53.8547 0)
(1711.82 -291.671 0)
(-2097.07 -900.053 -8.43567e-14)
(196.757 -910.292 -1.33986e-13)
(1074.89 145.065 -1.14328e-13)
(964.752 -942.585 0)
(2504.03 490.056 0)
(-1530.6 81.357 -3.41553e-13)
(-3167.48 -956.709 -8.68105e-14)
(-22.4336 -964.295 0)
(-1901.33 837.052 0)
(-1477.47 -204.871 -3.80986e-13)
(1100.6 507.32 0)
(-821.83 538.622 5.98362e-13)
(-1607.14 -1680.18 4.66085e-14)
(-728.178 -406.024 0)
(-475.807 -252.309 1.67038e-14)
(421.323 -161.828 -6.8495e-14)
(568.822 106.232 2.06783e-15)
(-852.627 420.986 -2.76253e-13)
(-1593.04 624.66 4.36628e-13)
(1349.47 -261.918 9.24116e-14)
(993.173 544.467 0)
(682.686 245.615 -2.90691e-13)
(883.944 -535.857 -2.83715e-14)
(-392.243 -131.38 2.45908e-13)
(-1168.36 -915.114 3.4002e-14)
(-986.373 187.416 0)
(654.517 545.169 0)
(-422.564 -135.204 1.44434e-13)
(878.093 392.083 3.61614e-13)
(-919.53 885.112 0)
(-1257.24 -490.317 -4.6907e-13)
(960.266 597.976 -3.82712e-13)
(249.403 223.357 3.33271e-13)
(1472.43 -91.1314 1.00612e-13)
(-1532.41 -1012.3 6.58557e-14)
(-1063.44 796.618 -2.34833e-13)
(909.429 -102.357 1.44943e-13)
(240.436 -759.73 0)
(-25.4033 -72.8262 -5.55551e-14)
(947.001 -142.051 0)
(175.79 -212.666 3.9281e-14)
(888.748 -107.273 2.76943e-13)
(-978.657 -1122.05 0)
(-382.538 748.75 -1.15543e-13)
(283.935 475.585 -1.17844e-13)
(733.874 -1513.15 0)
(506.843 -38.5633 -4.81458e-14)
(950.932 -900.42 0)
(775.662 -73.2508 -2.61488e-13)
(63.4497 -489.363 0)
(-213.872 246.363 0)
(-885.787 -49.7517 3.66958e-13)
(-1319.7 40.5243 6.31695e-13)
(-1778.88 -564.406 0)
(274.705 690.221 -6.07207e-13)
(31.2317 -98.6137 5.36332e-13)
(2031.59 1446.19 0)
(-487.3 -725.525 1.43304e-13)
(799.226 640.851 0)
(-159.802 -150.024 3.02624e-14)
(877.471 625.243 -3.69692e-13)
(604.013 625.616 0)
(-2170.55 -1393.22 2.28418e-13)
(-337.218 -1106.51 6.11501e-14)
(-350.319 -1023.26 0)
(427.325 149.964 -2.12773e-13)
(-998.394 147.169 3.7507e-14)
(-1269.46 -25.181 3.47185e-13)
(-2067.28 898.901 1.77278e-13)
(-361.216 -240.022 -3.43898e-15)
(-86.5198 -348.675 0)
(-644.75 673.36 1.04982e-13)
(-183.907 -110.59 -2.91028e-15)
(751.241 535.191 -4.33014e-15)
(-1378.81 3.29605 0)
(-793.076 -216.166 -4.08442e-13)
(794.539 229.095 0)
(395.216 607.652 1.92945e-13)
(-2152.17 488.393 0)
(1284.84 803.917 1.05266e-13)
(245.03 326.649 1.23238e-13)
(-254.938 1546.49 -3.20095e-15)
(-440.441 1038.35 0)
(-321 -1091.94 -3.18612e-13)
(-673.884 -237.326 0)
(267.915 -216.642 2.90037e-14)
(666.63 -820.593 3.88452e-13)
(-792.629 144.141 -2.77654e-13)
(727.686 84.2546 -1.95847e-14)
(1050.98 -301.099 0)
(-763.1 -64.4942 2.32268e-13)
(-744.811 -97.3316 -2.48217e-13)
(540.399 31.839 6.10377e-14)
(-437.369 -578.847 0)
(-251.265 1618.77 0)
(960.591 -255.485 0)
(952.017 -422.771 -2.72413e-13)
(-362.14 47.7591 -1.988e-13)
(-3094.23 1238.85 1.51529e-13)
(1103.85 653.62 0)
(-711.98 -1360.28 0)
(-386.445 -381.299 3.22593e-13)
(-586.72 -295.706 0)
(601.619 600.482 -7.00327e-14)
(-1747.82 -400.301 -6.20198e-14)
(-642.734 125.165 5.77021e-13)
(884.248 -531.776 -1.52988e-14)
(-818.736 -240.571 5.46185e-13)
(-395.34 798.497 6.19307e-13)
(-629.153 -900.357 -5.4181e-13)
(396.538 -891.655 0)
(-5879.87 -1285.43 0)
(-143.085 124.284 -1.33213e-13)
(-3466.57 33.0682 2.11076e-13)
(-1645.73 17.0267 -3.22504e-13)
(-1176.91 -247.106 -3.78998e-13)
(-117.326 -125.21 3.14369e-13)
(329.327 -197.629 0)
(59.1228 277.057 2.08424e-14)
(710.448 -206.017 -2.76032e-13)
(-149.594 119.435 6.73305e-13)
(-321.105 -140.296 -6.45689e-13)
(1445.05 -155.814 0)
(-1904.83 -1589.16 0)
(-679.897 -211.254 -7.85035e-14)
(-750.302 327.61 3.76653e-13)
(-1624.96 163.162 0)
(319.215 -17.3217 3.47429e-13)
(-885.114 487.356 -2.09276e-13)
(390.584 979.296 0)
(-338.713 -243.474 5.79948e-14)
(-2001.86 -1120.01 0)
(-643.291 350.117 -5.56676e-13)
(-605.702 -351.449 -7.38449e-13)
(-128.736 450.203 5.76594e-14)
(378.734 -84.5935 -4.78366e-13)
(-501.128 93.7141 1.79079e-13)
(-1179.09 -630.823 -3.0937e-14)
(2494.97 644.733 3.82533e-14)
(149.221 -624.221 -2.77094e-14)
(-371.706 -148.987 2.6913e-13)
(-2063.64 -433.614 -5.10072e-13)
(-403.612 716.427 1.97876e-13)
(1238.8 192.445 1.25411e-14)
(-1191.94 -459.052 -4.99497e-13)
(1719.68 547.09 1.31749e-13)
(-1465.36 653.789 1.9818e-13)
(700.063 397.679 -2.43005e-13)
(-276.422 603.904 4.97664e-14)
(140.614 968.699 6.48938e-13)
(170.431 -772.173 -7.27278e-13)
(-4910.68 131.892 2.76948e-15)
(-1732.27 -900.061 5.96188e-15)
(-195.158 661.264 -1.4775e-13)
(1000.88 306.082 0)
(-1245.39 -132.776 0)
(30.5464 -625.54 0)
(561.628 -753.518 0)
(1371.41 312.693 0)
(895.417 213.935 1.05934e-13)
(-918.323 -10.0295 -3.32352e-13)
(-2125.03 -981.056 5.22536e-15)
(275.705 -295.255 0)
(-1050.5 -264.709 1.07263e-15)
(2455.48 429.279 -1.15439e-13)
(-210.704 65.2338 2.71774e-13)
(403.036 1272.7 -1.58133e-13)
(2278.13 -612.516 7.94351e-14)
(-987.402 234.62 2.81163e-13)
(-1194.48 -1299.21 0)
(-457.198 476.616 5.45686e-14)
(-647.329 -466.64 -2.66028e-15)
(-2464.29 562.374 6.80821e-13)
(-798.426 -541.561 -1.54239e-13)
(-758.825 -55.0621 5.1296e-14)
(-212.026 146.276 1.3617e-13)
(212.881 -7.40797 -3.0644e-14)
(-433.054 -487.779 -2.063e-13)
(-1054.46 -494.176 0)
(107.475 287.206 -2.63545e-13)
(229.065 743.786 -9.25394e-14)
(990.841 252.565 0)
(1477.91 92.2068 0)
(2085.36 -811.703 9.89449e-15)
(247.814 171.808 4.96484e-13)
(-92.1273 667.886 0)
(-1323.37 -265.227 -2.33845e-13)
(-72.8594 382 -3.44123e-13)
(582.733 45.7473 3.28075e-13)
(-267.72 626.641 -1.33989e-13)
(-368.418 467.753 1.30168e-13)
(314.271 363.324 0)
(-382.229 964.718 -3.14107e-13)
(-1269.51 1413.39 0)
(-576.514 -739.013 -8.89455e-14)
(-2598.38 122.826 -7.06437e-15)
(426.826 190.445 0)
(421.093 -80.1945 2.755e-13)
(-18.1583 114.605 -4.57202e-13)
(2110.37 -1138.76 -1.1184e-13)
(-503.559 385.131 -1.5407e-13)
(1424.95 194.586 -4.6038e-13)
(-266.24 -248.162 0)
(2698.96 849.701 9.90541e-14)
(-746.042 -405.984 8.02549e-14)
(644.568 1032.5 4.95827e-13)
(2655.4 309.401 1.04671e-13)
(1070.48 417.364 4.02366e-15)
(-1893.94 697.662 4.81057e-13)
(1237.44 574.112 -2.42888e-14)
(358.003 768.678 0)
(-1141.09 629.06 0)
(-1163.21 -168.759 1.37379e-13)
(459.265 256.165 -6.6274e-14)
(1907.51 -266.725 5.21192e-14)
(-686.568 -1103.44 2.45915e-14)
(100.784 510.01 3.27785e-13)
(784.954 73.6272 5.31136e-13)
(-87.4582 -774.211 -1.0602e-13)
(-528.647 1299.23 0)
(1681.33 1052.21 0)
(-407.676 -571.34 -2.42803e-13)
(-1618.3 -457.645 2.3668e-13)
(-680.109 61.0411 2.22591e-16)
(-1181.76 78.0661 -1.53647e-14)
(-847.745 -19.9642 -2.87503e-13)
(-417.654 55.3386 0)
(-884.522 493.554 -1.71978e-13)
(-807.417 -1264.79 1.25621e-13)
(505.607 794.163 2.93131e-13)
(-350.228 415.678 -1.35841e-14)
(-1054.5 -43.7055 4.93504e-13)
(386.671 427.325 4.4536e-13)
(-2087.25 -928.184 0)
(-317.613 -203.19 -9.82695e-16)
(-440.125 784.889 0)
(-1015.22 360.712 0)
(31.0396 -68.1611 0)
(-485.555 -247.195 1.09059e-13)
(-1126.3 947.559 4.7591e-13)
(120.465 603.22 6.94084e-14)
(-834.41 -213.242 5.86991e-13)
(-2402.68 -775.094 -7.36573e-14)
(-1401.46 196.046 -3.15403e-13)
(116.965 -989.028 0)
(-1328.41 -1954.62 9.21359e-15)
(1578.87 299.718 0)
(842.289 -404.864 4.46985e-14)
(-697.183 -465.844 -5.82578e-13)
(1320.07 28.6876 3.67849e-14)
(1326.7 60.0744 -1.60815e-13)
(600.01 451.166 1.27384e-13)
(-181.967 -175.18 5.44896e-13)
(-1426.33 177.933 0)
(2484.24 -1233.43 -8.76108e-14)
(485.704 645.661 1.58975e-13)
(-1264.75 -1314.44 1.55108e-13)
(-442.769 -891.882 -4.88428e-14)
(-482.728 -489.484 4.61134e-13)
(-1160.84 -473.968 4.62793e-13)
(-2511.84 106.165 -1.32302e-13)
(913.682 -168.039 3.07953e-13)
(727.53 509.006 0)
(-729.536 -43.6901 6.01301e-14)
(-569.76 -34.0308 0)
(199.796 -26.0672 0)
(-390.061 255.769 5.59855e-13)
(-697.242 14.0011 -5.54688e-14)
(-1451 280.367 -2.35191e-13)
(-3087.8 448.787 -2.86679e-14)
(-543.008 1946.35 0)
(-37.5497 -138.616 1.39159e-13)
(531.677 1221.58 -1.64609e-13)
(522.519 -1172.88 -5.27884e-14)
(-717.268 767.962 0)
(-375.93 256.58 4.28214e-14)
(599.793 642.71 0)
(708.463 -515.664 -3.07114e-13)
(-1725.71 -58.7084 -1.67586e-13)
(460.193 857.726 2.69163e-13)
(414.636 -879.061 -8.47341e-15)
(207.078 452.083 -1.61636e-13)
(1422.22 -1826.68 1.11643e-14)
(625.565 406.866 3.64238e-13)
(-361.166 394.558 4.91386e-14)
(-153.45 790.123 -2.48769e-16)
(129.923 1306.04 1.18031e-14)
(-596.477 1184.46 0)
(780.336 226.827 3.24158e-13)
(-429.883 -205.611 0)
(227.29 -173.276 1.02517e-13)
(1224.21 248.166 0)
(615.183 23.4556 0)
(971.34 557.564 -2.24051e-13)
(-339.385 769.746 0)
(228.865 568.898 8.349e-14)
(-1419.09 12.1689 3.88412e-14)
(312.209 -304.015 -1.43177e-13)
(1391.93 -11.7501 3.24541e-13)
(-699.708 436.522 -2.93681e-15)
(80.7913 -570.718 -3.82568e-13)
(-521.897 -454.734 3.05968e-13)
(137.209 157.034 -1.88417e-13)
(463.074 -19.6279 0)
(292.095 649.333 -2.43851e-14)
(1135.51 1341.09 -1.7493e-14)
(272.769 -141.791 0)
(714.229 -330.951 6.70007e-13)
(243.722 341.721 9.45177e-14)
(1731.54 188.057 -1.47419e-13)
(-83.9511 693.274 -2.1821e-14)
(1187.52 104.808 1.2913e-13)
(726.004 -568.383 0)
(2058.99 1172.63 -2.01423e-14)
(3189.68 -1575.5 0)
(163.03 528.272 -1.1999e-13)
(-1181 273.114 0)
(-1389.68 -505.455 -2.92606e-13)
(-3919.07 314.016 -1.14275e-13)
(-3620.38 -507.993 0)
(-528.86 207.479 3.27403e-13)
(-226.385 -214.795 0)
(542.618 -105.884 0)
(3522.39 -361.424 0)
(-52.6487 -103.523 0)
(-61.0374 245.556 0)
(3901.24 136.123 3.27681e-14)
(1489.03 -357.762 3.12732e-13)
(-1283.98 -155.244 0)
(245.184 139.806 -5.71628e-14)
(867.603 43.0505 0)
(-330.571 393.79 -1.39263e-13)
(-12.7406 -1496.87 0)
(1013.03 -261.745 0)
(-300.942 290.417 0)
(228.181 1929.77 0)
(-2186.53 802.219 0)
(-617.266 -340.141 1.26658e-13)
(-1105.89 -546.855 5.26828e-16)
(-622.271 838.38 2.39621e-13)
(-1432.38 -543.939 3.18626e-14)
(-539.074 -221.737 0)
(955.604 7.6717 -2.03362e-13)
(481.98 4.34083 -1.74311e-14)
(-678.267 37.6821 -3.24587e-13)
(-378.974 9.2682 -8.85933e-14)
(-1429.81 564.396 0)
(-683.856 488.249 2.30489e-13)
(-93.652 572.418 2.19973e-13)
(2181.02 994.11 0)
(-126.759 727.761 -3.01049e-13)
(-179.327 1008.1 -2.025e-13)
(-185.445 257.741 -4.15501e-13)
(644.448 -57.1764 7.58375e-14)
(-90.4038 -142.675 0)
(2752.83 -205.913 9.05087e-14)
(-703.989 517.029 0)
(-1753.22 439.039 -8.91565e-13)
(187.587 593.594 -2.58855e-13)
(-418.157 -1945.12 -1.06999e-14)
(779.326 -1699.18 1.17135e-14)
(335.396 785.734 -9.07345e-14)
(1163.45 -233.295 2.85109e-15)
(142.871 939.411 0)
(-642.068 431.054 2.47325e-13)
(-172.11 33.3737 -1.07922e-13)
(-1383.45 455.23 4.99624e-13)
(1963.97 504.857 1.04744e-13)
(2565.44 -274.614 -9.22161e-14)
(216.426 318.975 -1.22584e-13)
(338.349 573.329 1.03579e-13)
(1284.1 444.509 -2.35336e-13)
(-1020.95 540.11 6.32554e-13)
(-282.184 1073.23 -2.31567e-13)
(1394.27 -324.05 0)
(490.22 240.069 -1.39648e-13)
(341.251 505.861 -1.64928e-13)
(144.892 860.791 1.80728e-13)
(-180.598 361.669 3.1534e-13)
(588.141 231.854 6.13292e-14)
(179.286 -1783.52 -4.16758e-14)
(899.373 112.25 0)
(477.757 713.032 -3.89961e-13)
(120.528 544.516 0)
(-748.067 -226.693 -7.41638e-15)
(1980.89 104.909 -3.12217e-13)
(1706.31 315.252 -2.21516e-14)
(-2010.44 257.245 -4.64738e-13)
(181.438 -922.689 0)
(-256.177 142.682 1.41738e-13)
(278.317 -521.509 2.54702e-13)
(125.075 -441.354 -1.14334e-13)
(435.021 -242.535 -1.30328e-13)
(-2721.15 -879.327 0)
(1037.48 790.781 0)
(460.648 999.72 0)
(-1831.67 -300.458 0)
(102.193 -650.178 7.39187e-14)
(264.283 316.676 -4.60773e-13)
(546.36 -700.896 9.45164e-14)
(697.872 524.119 -2.61751e-13)
(2175.06 -127.317 3.88777e-14)
(1327.49 0.711077 -1.23002e-13)
(-501.759 99.2853 8.45585e-14)
(130.886 271.837 -2.68677e-13)
(-819.312 87.1114 5.37986e-13)
(-346.12 126.301 -3.81289e-13)
(1117.44 445.843 1.03128e-13)
(451.537 80.3031 0)
(1221.99 209.917 1.28461e-13)
(2297.94 206.53 8.2823e-15)
(357.138 -113.447 3.71879e-13)
(-299.199 52.0891 1.49232e-13)
(274.879 1191.97 -1.13123e-13)
(364.188 401.152 0)
(982.559 1092.59 0)
(431.042 -43.7404 -4.43321e-13)
(292.783 351.084 2.83083e-13)
(1781.38 -808.322 0)
(889.79 132.517 0)
(-15.97 -103.564 -1.49188e-13)
(1379.86 -65.6177 -8.08902e-14)
(207.701 -117.115 0)
(-713.567 -365.523 1.70186e-13)
(946.095 72.4353 0)
(1674.77 -1123.04 1.03561e-13)
(-318.401 882.287 -4.88173e-13)
(1137.69 339.789 1.94389e-13)
(687.397 618.242 -4.41378e-14)
(1287.16 -381.599 1.89521e-15)
(-535.236 -221.049 4.97793e-14)
(835.535 609.544 0)
(-1861.99 -529.395 0)
(2027.37 398.28 -1.05723e-14)
(-167.12 -77.9902 0)
(851.063 237.132 -6.36263e-15)
(-19.5706 -160.453 2.83773e-13)
(1484.12 -864.545 -3.69365e-14)
(1145.81 352.29 7.31134e-16)
(2668.91 -960.34 2.5766e-13)
(-1543 -507.07 0)
(693.521 -438.325 0)
(-85.0911 73.0317 -6.03193e-13)
(791.003 88.1967 0)
(1797.93 870.039 -1.42701e-14)
(648.537 -35.8453 0)
(-287.419 327.102 2.29832e-13)
(-612.824 46.2646 -2.15421e-13)
(-342.311 196.993 0)
(658.026 173.685 -3.70534e-14)
(-576.548 307.64 0)
(137.646 -48.4657 3.04729e-13)
(564.3 849.174 6.10201e-14)
(235.51 -1299.33 -1.11222e-13)
(-903.176 632.323 0)
(935.648 708.737 -9.25987e-14)
(1369.71 389.7 5.49653e-14)
(-674.034 264.06 6.18096e-14)
(964.448 148.715 0)
(1605.18 -205.912 0)
(-1187.81 -185.109 2.53838e-13)
(268.752 360.608 -1.84916e-13)
(-156.377 -1334.51 0)
(380.633 -1180.21 2.70262e-14)
(1113.2 1392.5 -1.77833e-16)
(-35.287 -842.183 4.03512e-13)
(1084.94 127.347 1.58125e-13)
(376.617 522.605 1.86351e-14)
(-2710.22 754.812 -1.17996e-15)
(431.939 606.19 3.20599e-13)
(333.289 261.526 -1.71779e-13)
(-56.7808 576.027 0)
(-708.587 352.236 0)
(973.508 704.38 3.28388e-13)
(-519.983 -101.723 0)
(802.52 -305.992 -1.27254e-13)
(47.595 1256.42 -1.88001e-13)
(526.492 974.11 2.22066e-13)
(-1193.65 924.578 0)
(701.867 -649.616 -1.23383e-13)
(551.264 -700.829 2.33236e-13)
(151.23 98.8139 0)
(-277.512 569.934 -3.99424e-13)
(-260.645 -406.527 7.85431e-14)
(656.788 799.997 -5.80184e-14)
(-1155.01 991.573 -1.12041e-13)
(-227 572.379 -1.79258e-13)
(291.94 885.155 3.21295e-13)
(2140.8 -158.47 -1.13578e-14)
(121.109 59.4654 0)
(212.926 421.724 -1.89055e-13)
(2137.16 -763.466 -6.08812e-15)
(543.946 284.642 6.05212e-14)
(-116.635 436.416 2.84296e-13)
(1045.45 -739.833 -9.16427e-14)
(1087.34 260.079 -5.28567e-13)
(-447.464 828.132 -3.87491e-13)
(229.62 50.4106 7.74019e-14)
(1838.83 -477.799 -3.29692e-14)
(-1925.2 1026.41 3.56432e-16)
(464.356 -417.076 -1.52457e-15)
(1034.06 287.462 -3.92244e-16)
(1221.84 -205.745 1.58926e-13)
(445.863 81.5481 -4.78776e-16)
(1060.89 312.364 7.22193e-14)
(586.872 -685.946 0)
(706.782 238.157 -3.22079e-13)
(-1606.41 -58.2151 1.12482e-14)
(445.258 118.799 -7.28656e-13)
(575.758 33.9462 -8.75193e-14)
(-24.2923 392.682 7.31144e-14)
(-618.14 229.845 1.87859e-13)
(-258.866 536.161 0)
(368.027 -120.471 -2.08369e-13)
(317.362 -481.081 3.21417e-13)
(2879.79 -101.363 -1.66135e-14)
(2822.83 -158.419 -9.53416e-15)
(25.3598 443.629 0)
(30.5479 -181.955 -3.76592e-13)
(493.504 -120.05 -2.88629e-14)
(169.725 33.3229 0)
(524.216 516.667 0)
(697.752 6.97616 0)
(-786.031 -180.212 1.55589e-13)
(-255.722 -500.48 0)
(367.467 -127.127 0)
(798.405 458.905 2.61432e-13)
(-132.647 567.644 -3.05717e-13)
(913.279 204.057 -9.20922e-14)
(1759.7 -439.111 1.06093e-13)
(2820.89 -10.0294 -7.32733e-14)
(-87.9162 656.839 3.79323e-13)
(-315.6 108.416 5.07692e-14)
(1498.2 720.644 4.73682e-16)
(-367.585 -175.114 6.64781e-14)
(-1111.12 -628.351 0)
(861.949 -74.8565 8.68623e-14)
(2853.44 1098.16 0)
(-232.176 -396.04 1.5694e-13)
(-247.523 637.019 -1.50136e-13)
(2768.26 -1117.77 -6.37897e-15)
(1408.8 605.341 -3.03524e-13)
(1763.59 515.673 -2.33171e-14)
(-1708.1 -643.834 -5.51063e-14)
(1934.63 -821.119 2.93068e-14)
(515.786 1723.5 0)
(1374.37 606.022 -2.79201e-13)
(814.549 -213 6.13066e-14)
(-1973.54 -144.767 -1.64509e-13)
(-771.46 -188.831 2.34199e-13)
(193.333 -304.548 2.18723e-13)
(-412.612 241.228 0)
(-1723.84 -477.591 0)
(2407.65 600.771 4.80182e-14)
(728.483 -555 2.23176e-15)
(1670.21 -24.99 -5.70966e-14)
(500.974 373.159 -3.79067e-13)
(1796.86 -745.423 -1.34993e-13)
(-179.347 323.886 -1.09368e-13)
(-888.093 453.763 2.34797e-14)
(367.36 114.151 -3.64431e-15)
(-511.544 680.048 0)
(1811.59 96.4865 0)
(904.949 -228.109 1.95161e-13)
(-341.313 231.672 1.79934e-14)
(660.229 -728.442 2.17927e-13)
(800.995 334.567 -1.77089e-13)
(446.153 50.7578 0)
(-1305.46 16.0383 -1.01863e-13)
(-307.724 303.757 0)
(932.861 -146.748 0)
(-421.469 -165.564 2.5053e-13)
(-1238.29 -810.289 1.10347e-13)
(1486.47 16.2626 6.36105e-15)
(351.331 108.459 -2.64157e-14)
(-90.3618 -35.4156 2.17989e-13)
(-563.228 -28.2708 0)
(-2224.32 -1283.33 -5.98699e-14)
(172.973 137.209 -6.53185e-13)
(2427.36 1073.38 2.55121e-14)
(-801.656 -117.179 3.19868e-14)
(300.337 586.128 -2.45312e-14)
(1149.15 81.3063 2.8593e-13)
(-168.234 1498.46 -1.00128e-13)
(675.873 -397.911 0)
(-1524.86 5.19799 -1.26076e-13)
(-232.956 -157.265 0)
(-279.164 406.142 0)
(2367.7 -1593.07 2.85885e-14)
(1824.74 1514.16 0)
(-408.099 145.222 0)
(2436.1 224.04 7.32399e-14)
(573.841 133.225 5.26626e-15)
(-472.971 -198.057 -1.18591e-13)
(401.242 35.7049 3.36966e-14)
(893.574 735.463 0)
(1032.88 696.656 0)
(2162.1 124.329 -1.00975e-13)
(539.426 -47.8517 7.42579e-14)
(51.992 -812.667 0)
(-811.574 92.616 -2.90843e-14)
(2256.77 -118.707 1.27254e-13)
(-129.543 -728.647 -1.34482e-13)
(360.123 -111.838 6.1878e-13)
(830.449 666.133 0)
(739.72 950.753 0)
(1182.66 -576.04 0)
(-612.659 345.891 2.79325e-13)
(-389.315 773.679 -2.85566e-13)
(-147.23 -124.762 2.51982e-13)
(-2340.2 1063.18 -1.13818e-14)
(-1152.73 -123.915 1.20406e-14)
(-732.475 -425.464 2.1979e-13)
(-1785.48 -293.878 1.58912e-13)
(-595.963 -15.3543 2.76734e-13)
(-7.46776 -3.99081 2.1867e-13)
(499.715 -672.274 3.49324e-14)
(907.986 59.4265 0)
(1444.98 -504.012 3.5773e-14)
(1031.85 -718.268 -8.57252e-14)
(1075.18 -1255.76 6.9441e-14)
(943.485 180.389 0)
(2485.89 197.378 -4.46958e-14)
(610.489 528.367 -1.92785e-13)
(1820.56 1073.98 3.86813e-14)
(334.755 -148.657 -6.99673e-17)
(-830.857 53.1073 -3.40881e-13)
(-398.102 -206.247 -2.59335e-14)
(1255.51 -269.099 -9.75031e-14)
(358.113 -250.471 2.62223e-14)
(-1073.96 -36.6197 4.02109e-15)
(2895.34 17.4736 0)
(31.7282 107.441 -1.41388e-13)
(991.538 222.506 -4.66626e-13)
(747.937 452.068 0)
(-2093.3 1064.75 -8.44769e-14)
(939.162 57.9786 0)
(-712.927 678.197 1.32128e-13)
(773.853 374.443 -5.14674e-14)
(2129.77 -1022.1 0)
(3791.03 1139.71 0)
(1753.9 830.528 0)
(1329.21 175.423 0)
(1671.28 -414.817 0)
(2219.87 36.6801 4.45856e-14)
(1668.04 -276.321 0)
(1162.12 -625.298 0)
(323.346 -68.06 -1.05096e-13)
(-85.2578 1878.02 0)
(300.383 -91.9979 1.08683e-13)
(51.7338 536.497 -1.2743e-13)
(540.593 -65.248 0)
(1039.21 705.843 0)
(525.405 651.635 -9.11743e-14)
(1524.57 332.15 0)
(-2676.95 763.053 0)
(-1206.64 -137.706 6.41211e-13)
(2167.99 1418.63 1.68518e-13)
(-847.593 85.3279 -6.09275e-13)
(-588.762 -547.46 -1.41563e-13)
(-46.4394 -355.748 0)
(1078.03 5.32705 2.85753e-13)
(1624.69 309.82 2.23901e-13)
(1072.18 -712.745 -1.9115e-13)
(2011.08 187.868 5.14162e-14)
(453.286 472.885 -3.02198e-13)
(1884.42 -915.08 0)
(3107.99 352.925 1.02151e-13)
(87.934 -532.839 -1.15995e-14)
(601.414 221.137 -2.73035e-13)
(-791.607 740.399 9.29983e-14)
(535.304 -266.828 -2.89442e-14)
(3023.16 -186.889 0)
(-232.662 384.275 -1.29299e-13)
(1474.29 425.973 0)
(1101.13 -46.6598 0)
(2148.09 -287.906 -4.60084e-14)
(949.078 475.411 -4.7868e-13)
(1429.15 256.231 4.20365e-13)
(-198.378 479.859 5.7444e-14)
(1435.82 -48.6794 -1.87316e-13)
(2713.51 336.513 0)
(1255.11 791.542 0)
(1695.99 -142.748 -2.86787e-14)
(1521.84 -308.992 2.21709e-13)
(-16.1621 226.642 -8.82707e-14)
(9.863 -268.053 2.70611e-13)
(-173.893 476.943 -1.63978e-13)
(2197.26 1018.61 3.14786e-14)
(8.52438 -344.775 8.59728e-14)
(1582.46 -1248.3 0)
(1135.67 -513.81 7.32078e-14)
(1717.79 -1469.23 0)
(3034.16 -1699.6 -1.54499e-13)
(1747.61 1600.99 -2.91676e-14)
(2034.24 -1306.29 -6.61975e-15)
(41.5776 -177.708 4.53468e-16)
(2515.34 1138.03 -7.87955e-15)
(-17.2782 367.128 -1.77124e-13)
(-637.843 1259.81 0)
(1584.08 11.5942 0)
(725.428 -230.171 1.21071e-13)
(-1982.93 212.404 0)
(-312.213 77.2215 -3.27949e-13)
(-2280.33 -334.591 1.48086e-14)
(-121.91 -12.3858 -8.23716e-14)
(1366.72 625.716 8.8781e-14)
(466.835 -106.196 0)
(923.319 -410.229 -7.72401e-14)
(864.544 570.919 9.54349e-14)
(784.57 879.898 -2.0551e-13)
(-429.686 -264.631 2.71439e-13)
(-316.778 -456.071 4.40562e-14)
(-748.04 -849.062 1.57924e-13)
(-942.969 100.739 1.01418e-13)
(-1025.81 -28.2128 0)
(-159.168 -10.2336 1.68989e-13)
(2790.02 3.70734 -1.28873e-14)
(3293.5 -427.098 0)
(-242.189 233.482 6.5275e-13)
(-1097.27 -150.565 0)
(-32.7022 -134.041 -3.00098e-14)
(352.859 531.677 -2.51781e-13)
(-565.207 134.249 0)
(108.223 520.645 0)
(616.655 -165.497 0)
(1607.29 -1352.52 -7.56346e-15)
(521.182 185.884 -1.31056e-13)
(987.608 -70.261 1.27747e-13)
(-288.274 600.463 1.5279e-14)
(18.7843 959.233 1.89562e-13)
(1110.72 84.9419 7.59985e-15)
(-1421.45 -554.044 -4.08482e-13)
(2677.01 493.439 -1.76846e-13)
(-1156.42 -1334.25 0)
(1834.75 357.95 3.14877e-13)
(-63.6314 577.593 1.84977e-15)
(-1575.64 -54.7424 -3.45057e-13)
(-123.529 226.852 0)
(523.092 -587.355 0)
(2562.23 438.662 0)
(483.208 109.162 2.85897e-13)
(27.6068 -76.5458 -2.24701e-13)
(1523.68 -749.229 0)
(937.751 335.815 1.73971e-13)
(1981.68 -342.132 -2.05837e-15)
(1432.99 277.203 -7.10879e-16)
(-1006.69 -461.865 0)
(2066.14 -618.911 -3.55219e-15)
(1704.5 -586.603 4.27971e-13)
(1199.34 -510.975 2.02153e-13)
(59.2513 -46.441 -9.15343e-14)
(2020.79 -729.46 -1.83785e-13)
(2263.14 311.711 1.62037e-13)
(-1159.04 -52.3207 -2.14047e-13)
(849.271 218.256 0)
(808.524 834.507 0)
(691.462 -27.0762 0)
(1211.44 181.55 2.2355e-13)
)
;

boundaryField
{
    frontandback
    {
        type            empty;
    }
    simetry
    {
        type            symmetry;
    }
    inlet
    {
        type            fixedValue;
        value           uniform (1 0 0);
    }
    outlet
    {
        type            zeroGradient;
    }
}


// ************************************************************************* //
